median_income,longitude,latitude,housing_median_age,ocean_proximity_INLAND,ocean_proximity_ISLAND,ocean_proximity_NEAR BAY,ocean_proximity_NEAR OCEAN,target
2.327565426291452,-1.3259766160110196,1.050731704963786,0.9846320489337848,0.0,0.0,1.0,0.0,13.022766221635607
2.3151138803096947,-1.3209880532452645,1.041371794885186,-0.6060169757872417,0.0,0.0,1.0,0.0,12.7896867284182
1.7689200145553414,-1.3309651787767673,1.0366918398458875,1.8594890125303492,0.0,0.0,1.0,0.0,12.771673345241355
0.9243599020196579,-1.3359537415425222,1.0366918398458875,1.8594890125303492,0.0,0.0,1.0,0.0,12.740520064864135
-0.01573181960294571,-1.3359537415425222,1.0366918398458875,1.8594890125303492,0.0,0.0,1.0,0.0,12.74315356270364
0.08398518309128804,-1.3359537415425222,1.0366918398458875,1.8594890125303492,0.0,0.0,1.0,0.0,12.505069216944454
-0.11361771259397985,-1.3359537415425222,1.0320118848065893,1.8594890125303492,0.0,0.0,1.0,0.0,12.608870867322864
-0.9395528235771201,-1.3409423043082773,1.0320118848065893,1.064164500169836,0.0,0.0,1.0,0.0,12.331387247601905
-0.09682382074463632,-1.3359537415425222,1.0320118848065893,1.8594890125303492,0.0,0.0,1.0,0.0,12.472662584630097
-0.35218514821082403,-1.3409423043082773,1.0366918398458875,1.8594890125303492,0.0,0.0,1.0,0.0,12.547891278953442
-0.31692320706921145,-1.3409423043082773,1.0366918398458875,1.8594890125303492,0.0,0.0,1.0,0.0,12.395870352803575
-0.4192037633479243,-1.3409423043082773,1.0366918398458875,1.8594890125303492,0.0,0.0,1.0,0.0,12.271396795480596
-0.6292058875948571,-1.3409423043082773,1.0320118848065893,1.8594890125303492,0.0,0.0,1.0,0.0,12.161603382806213
-0.9162192542163499,-1.3409423043082773,1.0366918398458875,1.7004241100582467,0.0,0.0,1.0,0.0,11.849404844423074
-0.5761560236221641,-1.345930867074025,1.0366918398458875,1.8594890125303492,0.0,0.0,1.0,0.0,11.934926432385152
-0.9187304903807376,-1.345930867074025,1.0366918398458875,1.8594890125303492,0.0,0.0,1.0,0.0,11.954407441448915
-0.9862722797187521,-1.3409423043082773,1.0320118848065893,1.7004241100582467,0.0,0.0,1.0,0.0,11.974777207691876
-0.6659850339191206,-1.345930867074025,1.0320118848065893,1.8594890125303492,0.0,0.0,1.0,0.0,12.000897933306716
-1.317598501157672,-1.345930867074025,1.0366918398458875,0.9050995976977334,0.0,0.0,1.0,0.0,11.901590234400047
-1.1315054378925151,-1.345930867074025,1.0366918398458875,1.064164500169836,0.0,0.0,1.0,0.0,11.98168457011701
-1.1254889345820027,-1.345930867074025,1.0320118848065893,1.8594890125303492,0.0,0.0,1.0,0.0,11.643084929027989
-0.8871307686455241,-1.345930867074025,1.0320118848065893,1.8594890125303492,0.0,0.0,1.0,0.0,11.5099309859899
-0.667711508782137,-1.345930867074025,1.0320118848065893,1.8594890125303492,0.0,0.0,1.0,0.0,11.795099898183592
-0.7703582870014899,-1.3509194298397802,1.0366918398458875,0.9846320489337848,0.0,0.0,1.0,0.0,11.58525542883217
-0.7411128491703898,-1.3509194298397802,1.0366918398458875,1.6208916588221953,0.0,0.0,1.0,0.0,11.448930795918299
-1.0820654759061297,-1.3509194298397802,1.0366918398458875,1.8594890125303492,0.0,0.0,1.0,0.0,11.566475710526321
-1.16870312357751,-1.3509194298397802,1.0320118848065893,1.7004241100582467,0.0,0.0,1.0,0.0,11.598194491615347
-1.1451079671162827,-1.3509194298397802,1.0320118848065893,1.8594890125303492,0.0,0.0,1.0,0.0,11.790564777297387
-1.0195984763169823,-1.3509194298397802,1.0320118848065893,1.6208916588221953,0.0,0.0,1.0,0.0,11.714240498256716
-1.0017582360658104,-1.3509194298397802,1.0320118848065893,1.8594890125303492,0.0,0.0,1.0,0.0,11.654433707761807
-1.0878727095362766,-1.345930867074025,1.0320118848065893,1.541359207586144,0.0,0.0,1.0,0.0,11.611874470755124
-1.308599904901949,-1.345930867074025,1.0273319297672876,1.6208916588221953,0.0,0.0,1.0,0.0,11.560772327227417
-0.5995419104030256,-1.345930867074025,1.0273319297672876,1.779956561294298,0.0,0.0,1.0,0.0,11.605513761992055
-1.250475251180389,-1.345930867074025,1.0273319297672876,1.6208916588221953,0.0,0.0,1.0,0.0,11.484536278461452
-1.4539376979158949,-1.345930867074025,1.0273319297672876,1.541359207586144,0.0,0.0,1.0,0.0,11.556951919719207
-1.2901318556096801,-1.3509194298397802,1.0273319297672876,1.8594890125303492,0.0,0.0,1.0,0.0,11.551193801680078
-0.20731821197770092,-1.3409423043082773,1.0273319297672876,1.8594890125303492,0.0,0.0,1.0,0.0,12.162125982647739
-0.6730478856314613,-1.3409423043082773,1.0273319297672876,1.8594890125303492,0.0,0.0,1.0,0.0,12.07824495582233
-0.9304495924812143,-1.3409423043082773,1.0273319297672876,1.8594890125303492,0.0,0.0,1.0,0.0,11.953764151901414
-1.355580948144038,-1.3409423043082773,1.0273319297672876,1.779956561294298,0.0,0.0,1.0,0.0,11.918397239722838
-1.4917108752218953,-1.3409423043082773,1.0320118848065893,1.6208916588221953,0.0,0.0,1.0,0.0,11.685205103383671
0.04605505352501334,-1.3409423043082773,1.0320118848065893,1.8594890125303492,0.0,0.0,1.0,0.0,12.14844882928968
-0.45190215090505753,-1.3409423043082773,1.0273319297672876,1.8594890125303492,0.0,0.0,1.0,0.0,12.124868013083418
-0.6275317301519318,-1.3409423043082773,1.0273319297672876,1.8594890125303492,0.0,0.0,1.0,0.0,12.11341444611523
-0.9680135001068491,-1.3409423043082773,1.0273319297672876,1.7004241100582467,0.0,0.0,1.0,0.0,11.86710429621008
-1.1203618274130442,-1.345930867074025,1.0226519747279892,1.1436969514058875,0.0,0.0,1.0,0.0,11.83138646878959
-1.5306350357699066,-1.3409423043082773,1.0226519747279892,0.9050995976977334,0.0,0.0,1.0,0.0,12.141539457711714
-1.0993302245362961,-1.345930867074025,1.0226519747279892,0.9050995976977334,0.0,0.0,1.0,0.0,11.630717389475995
-1.5457024527562337,-1.345930867074025,1.0226519747279892,-0.6060169757872417,0.0,0.0,1.0,0.0,12.05467400868968
-1.240848845883569,-1.345930867074025,1.0226519747279892,1.1436969514058875,0.0,0.0,1.0,0.0,11.448930795918299
-1.4468225287834626,-1.345930867074025,1.0226519747279892,0.9846320489337848,0.0,0.0,1.0,0.0,11.487617913343598
-1.3753046155185007,-1.345930867074025,1.0226519747279892,1.8594890125303492,0.0,0.0,1.0,0.0,11.554077005184336
-1.1857586025273108,-1.3509194298397802,1.0226519747279892,1.8594890125303492,0.0,0.0,1.0,0.0,11.37940550085183
-1.2896086814087657,-1.3509194298397802,1.0226519747279892,1.8594890125303492,0.0,0.0,1.0,0.0,11.32781201446548
-1.2402210368424718,-1.3509194298397802,1.0226519747279892,1.8594890125303492,0.0,0.0,1.0,0.0,11.37940550085183
-1.6004264741718517,-1.3509194298397802,1.0226519747279892,1.8594890125303492,0.0,0.0,1.0,0.0,11.353941456740479
-1.3912091112262905,-1.3509194298397802,1.0226519747279892,1.8594890125303492,0.0,0.0,1.0,0.0,11.293537353157436
-0.6873305413164171,-1.355907992605535,1.0226519747279892,-2.1171335492722165,0.0,0.0,1.0,0.0,11.002116507732017
-0.2528866848773218,-1.355907992605535,1.0273319297672876,1.8594890125303492,0.0,0.0,1.0,0.0,11.234546649377918
1.1729722822940536,-1.355907992605535,1.0226519747279892,1.6208916588221953,0.0,0.0,1.0,0.0,11.225256725762893
-1.5565321587151562,-1.355907992605535,1.0179720196886908,1.7004241100582467,0.0,0.0,1.0,0.0,11.363276304750233
-1.4048639578701492,-1.3608965553712828,1.0179720196886908,1.8594890125303492,0.0,0.0,1.0,0.0,11.239816684367907
-0.6709551888278048,-1.3608965553712828,1.0179720196886908,1.541359207586144,0.0,0.0,1.0,0.0,11.205054290550551
-1.4175770909523626,-1.3608965553712828,1.0179720196886908,1.8594890125303492,0.0,0.0,1.0,0.0,11.269591961359195
-1.6064952949024556,-1.3608965553712828,1.0179720196886908,1.541359207586144,0.0,0.0,1.0,0.0,11.34333452885509
-0.6627936712935443,-1.355907992605535,1.013292064649389,1.8594890125303492,0.0,0.0,1.0,0.0,11.305913595583258
-1.10095206455913,-1.355907992605535,1.0179720196886908,-0.20835471960698504,0.0,0.0,1.0,0.0,11.320565693461432
-1.6467797083728437,-1.355907992605535,1.0179720196886908,1.3822943051140413,0.0,0.0,1.0,0.0,11.46374572492597
-1.1124095795591493,-1.355907992605535,1.0179720196886908,1.6208916588221953,0.0,0.0,1.0,0.0,11.225256725762893
-1.766429648121906,-1.355907992605535,1.0179720196886908,1.3822943051140413,0.0,0.0,1.0,0.0,11.119897691565697
-0.7289228902890905,-1.355907992605535,1.0179720196886908,-0.6855494270232929,0.0,0.0,1.0,0.0,11.83138646878959
-1.544499152094131,-1.3509194298397802,1.0179720196886908,-0.9241467807314468,0.0,0.0,1.0,0.0,12.086731521684555
-0.7480710660425477,-1.3509194298397802,1.0179720196886908,0.5869697927535281,0.0,0.0,1.0,0.0,11.533717798424087
-1.4466655765231884,-1.3509194298397802,1.0179720196886908,-0.7650818782593443,0.0,0.0,1.0,0.0,11.592669666556795
-1.6080648175051981,-1.355907992605535,1.0179720196886908,-0.446952073315139,0.0,0.0,1.0,0.0,11.630717389475995
-1.2432031297876824,-1.3509194298397802,1.0179720196886908,-0.9241467807314468,0.0,0.0,1.0,0.0,11.998439434579149
-1.4175770909523626,-1.345930867074025,1.0179720196886908,1.8594890125303492,0.0,0.0,1.0,0.0,11.630717389475995
-1.2323211064086685,-1.3509194298397802,1.0179720196886908,1.8594890125303492,0.0,0.0,1.0,0.0,11.630717389475995
-1.605501263920719,-1.3509194298397802,1.0179720196886908,1.8594890125303492,0.0,0.0,1.0,0.0,11.83138646878959
-1.0816469365453982,-1.3509194298397802,1.0179720196886908,0.5074373415174769,0.0,0.0,1.0,0.0,11.685205103383671
-0.7680040030973762,-1.3509194298397802,1.0179720196886908,1.8594890125303492,0.0,0.0,1.0,0.0,11.494771677590096
-1.5168232368657735,-1.345930867074025,1.0179720196886908,0.9050995976977334,0.0,0.0,1.0,0.0,11.685205103383671
-1.6303520384641401,-1.345930867074025,1.0179720196886908,-1.4808739393838062,0.0,0.0,1.0,0.0,11.998439434579149
-1.5193344730301612,-1.345930867074025,1.013292064649389,-1.4808739393838062,0.0,0.0,1.0,0.0,11.83138646878959
-0.9325422892848708,-1.345930867074025,1.013292064649389,-1.0036792319674983,0.0,0.0,1.0,0.0,11.998439434579149
-1.6355837804732813,-1.3509194298397802,1.013292064649389,1.8594890125303492,0.0,0.0,1.0,0.0,11.998439434579149
-0.6491911420697768,-1.345930867074025,1.0086121096100906,-0.12882226837093372,0.0,0.0,1.0,0.0,12.141539457711714
-1.0612954601298386,-1.345930867074025,1.013292064649389,0.8255671464616822,0.0,0.0,1.0,0.0,12.09626335986454
-0.9765935570018408,-1.3409423043082773,1.013292064649389,0.5869697927535281,0.0,0.0,1.0,0.0,11.775297421715827
-0.6622704970926302,-1.3409423043082773,1.0226519747279892,0.6665022439895795,0.0,0.0,1.0,0.0,12.1709686470671
-0.7246328618415947,-1.3359537415425222,1.0179720196886908,0.03024263410116893,0.0,0.0,1.0,0.0,12.459943248455652
-0.34454680487747785,-1.3359537415425222,1.0179720196886908,-0.04928981713488239,0.0,0.0,1.0,0.0,12.518694860909774
-0.3930450533022178,-1.3359537415425222,1.0179720196886908,0.8255671464616822,0.0,0.0,1.0,0.0,12.377927112974284
-0.6784365799008769,-1.3359537415425222,1.0179720196886908,1.8594890125303492,0.0,0.0,1.0,0.0,12.765691290604371
-0.541835796042197,-1.3409423043082773,1.0179720196886908,0.42790489028142553,0.0,0.0,1.0,0.0,12.723976161813853
0.5515982838683391,-1.3309651787767673,1.0226519747279892,1.8594890125303492,0.0,0.0,1.0,0.0,12.655238799709434
-0.3699730710419047,-1.3359537415425222,1.0179720196886908,1.8594890125303492,0.0,0.0,1.0,0.0,12.466130405907165
0.012414952406234516,-1.3309651787767673,1.0226519747279892,1.8594890125303492,0.0,0.0,1.0,0.0,12.52707222413625
0.015710949871993535,-1.3359537415425222,1.0226519747279892,-0.04928981713488239,0.0,0.0,1.0,0.0,12.323860125621126
0.635881647635606,-1.3359537415425222,1.0226519747279892,1.8594890125303492,0.0,0.0,1.0,0.0,12.47801017053037
-0.6452673355629208,-1.3359537415425222,1.0226519747279892,0.2688399878093229,0.0,0.0,1.0,0.0,12.294545870166347
-0.4462518695351851,-1.3359537415425222,1.0226519747279892,-0.20835471960698504,0.0,0.0,1.0,0.0,12.449022745701502
-0.38080277700082704,-1.3359537415425222,1.0273319297672876,1.8594890125303492,0.0,0.0,1.0,0.0,12.319852122072682
-0.21139897074483116,-1.3359537415425222,1.0273319297672876,0.5074373415174769,0.0,0.0,1.0,0.0,12.40123227382928
-0.3836802351058548,-1.3359537415425222,1.0273319297672876,1.8594890125303492,0.0,0.0,1.0,0.0,12.352771342460947
-0.7601040726635728,-1.3359537415425222,1.0273319297672876,-0.04928981713488239,0.0,0.0,1.0,0.0,12.294545870166347
-0.4115131025944866,-1.3359537415425222,1.0273319297672876,1.8594890125303492,0.0,0.0,1.0,0.0,12.363507925148648
1.037627116517568,-1.3259766160110196,1.0320118848065893,1.7004241100582467,0.0,0.0,1.0,0.0,12.699551683459445
0.7379529342339531,-1.3259766160110196,1.0320118848065893,1.4618267563500926,0.0,0.0,1.0,0.0,12.758810549239202
1.0880611094856902,-1.3309651787767673,1.0273319297672876,0.9846320489337848,0.0,0.0,1.0,0.0,12.810664530598725
0.5692292544391452,-1.3309651787767673,1.0366918398458875,0.6665022439895795,0.0,0.0,1.0,0.0,12.721888795877375
0.6806653592338553,-1.3309651787767673,1.0320118848065893,1.8594890125303492,0.0,0.0,1.0,0.0,12.87262171168374
1.7574101821352308,-1.3309651787767673,1.0366918398458875,1.8594890125303492,0.0,0.0,1.0,0.0,12.876721117631158
1.89584207569711,-1.3209880532452645,1.0320118848065893,1.7004241100582467,0.0,0.0,1.0,0.0,12.595411759236592
1.121230353823646,-1.3159994904795096,1.0320118848065893,1.2232294026419388,0.0,0.0,1.0,0.0,12.585539372236147
1.924302752226839,-1.3159994904795096,1.0273319297672876,0.9050995976977334,0.0,0.0,1.0,0.0,12.927566729229966
1.1459241761067933,-1.3110109277137618,1.0320118848065893,0.10977508533722025,0.0,0.0,1.0,0.0,12.649157827477366
1.6629249214501385,-1.3159994904795096,1.0320118848065893,0.42790489028142553,0.0,0.0,1.0,0.0,12.694348933246843
4.041745695586605,-1.3060223649480067,1.0320118848065893,-0.8446143294953956,0.0,0.0,1.0,0.0,12.880549107943006
1.8896686201263233,-1.3110109277137618,1.0320118848065893,0.5074373415174769,0.0,0.0,1.0,0.0,12.673889510548893
1.5806819370664367,-1.3159994904795096,1.0273319297672876,0.42790489028142553,0.0,0.0,1.0,0.0,12.71680126459136
2.2646275699214815,-1.3060223649480067,1.0273319297672876,-0.04928981713488239,0.0,0.0,1.0,0.0,12.722485630879172
2.3672220307207428,-1.3110109277137618,1.0273319297672876,-0.20835471960698504,0.0,0.0,1.0,0.0,12.769113988119456
1.5577669070663978,-1.3060223649480067,1.0273319297672876,0.03024263410116893,0.0,0.0,1.0,0.0,12.818283594342818
2.3232753978439558,-1.3060223649480067,1.0226519747279892,0.2688399878093229,0.0,0.0,1.0,0.0,12.81011808399072
1.6434105237560412,-1.3110109277137618,1.0226519747279892,0.6665022439895795,0.0,0.0,1.0,0.0,12.812302081080515
1.283832895467758,-1.3110109277137618,1.0226519747279892,0.8255671464616822,0.0,0.0,1.0,0.0,12.801609753558902
1.3006791047371935,-1.301033802182259,1.0179720196886908,0.10977508533722025,0.0,0.0,1.0,0.0,13.08839492693925
1.6629772388702297,-1.3159994904795096,1.0226519747279892,1.8594890125303492,0.0,0.0,1.0,0.0,12.711084401471556
1.521824839463597,-1.3110109277137618,1.0179720196886908,1.30276185387799,0.0,0.0,1.0,0.0,12.686957484108422
-0.5144737853343878,-1.3159994904795096,1.013292064649389,1.7004241100582467,0.0,0.0,1.0,0.0,12.286273802188468
-0.4159600833022568,-1.3159994904795096,1.013292064649389,0.7460346952256308,0.0,0.0,1.0,0.0,12.359227115018937
1.3840207549428147,-1.3209880532452645,1.0179720196886908,1.8594890125303492,0.0,0.0,1.0,0.0,12.519791548657462
-0.3207423787358848,-1.3209880532452645,1.013292064649389,1.8594890125303492,0.0,0.0,1.0,0.0,12.33578864378571
-0.44285123722924324,-1.3209880532452645,1.013292064649389,1.8594890125303492,0.0,0.0,1.0,0.0,12.20407565286699
0.34871132875383853,-1.3209880532452645,1.013292064649389,1.8594890125303492,0.0,0.0,1.0,0.0,12.38756469170864
0.10240091496346532,-1.3209880532452645,1.0179720196886908,1.8594890125303492,0.0,0.0,1.0,0.0,12.506551242106323
0.7714884005125489,-1.3209880532452645,1.0179720196886908,1.8594890125303492,0.0,0.0,1.0,0.0,12.618516677531483
-0.374577004009949,-1.3259766160110196,1.013292064649389,1.8594890125303492,0.0,0.0,1.0,0.0,12.504327379899443
0.467995046562261,-1.3259766160110196,1.0179720196886908,1.8594890125303492,0.0,0.0,1.0,0.0,12.659378260676938
2.239253621177146,-1.3209880532452645,1.0179720196886908,1.8594890125303492,0.0,0.0,1.0,0.0,12.874160958936733
2.6174562510179724,-1.3259766160110196,1.0179720196886908,1.8594890125303492,0.0,0.0,1.0,0.0,12.924646315668351
1.5605397303312427,-1.3309651787767673,1.0179720196886908,1.8594890125303492,0.0,0.0,1.0,0.0,12.772525010724586
1.1268806351935186,-1.3309651787767673,1.0179720196886908,1.8594890125303492,0.0,0.0,1.0,0.0,12.568285725643538
1.900027469304423,-1.3259766160110196,1.0179720196886908,1.8594890125303492,0.0,0.0,1.0,0.0,12.761970100454297
-0.5904386793071198,-1.3309651787767673,1.0179720196886908,1.8594890125303492,0.0,0.0,1.0,0.0,12.40410759774362
-0.8799109646729092,-1.3309651787767673,1.013292064649389,1.8594890125303492,0.0,0.0,1.0,0.0,12.261985005589679
-0.45064653282286377,-1.3359537415425222,1.013292064649389,1.8594890125303492,0.0,0.0,1.0,0.0,12.294088101596984
-0.10529924279944525,-1.3309651787767673,1.0179720196886908,1.8594890125303492,0.0,0.0,1.0,0.0,12.505810504075185
-0.3407276332108045,-1.3359537415425222,1.0179720196886908,1.3822943051140413,0.0,0.0,1.0,0.0,12.295917919903431
-0.49270973857636,-1.3359537415425222,1.013292064649389,1.064164500169836,0.0,0.0,1.0,0.0,12.323860125621126
-0.9068544360199868,-1.3359537415425222,1.013292064649389,1.1436969514058875,0.0,0.0,1.0,0.0,12.429220196836383
-1.184555301865208,-1.3359537415425222,1.013292064649389,0.9846320489337848,0.0,0.0,1.0,0.0,12.051761119434515
-1.299235086705586,-1.3359537415425222,1.013292064649389,0.03024263410116893,0.0,0.0,1.0,0.0,12.174587138384211
-0.8156128553805623,-1.3309651787767673,1.0086121096100906,-0.12882226837093372,0.0,0.0,1.0,0.0,11.736077016252437
-1.098179241294285,-1.3359537415425222,1.0086121096100906,1.30276185387799,0.0,0.0,1.0,0.0,11.487617913343598
-0.64375013038027,-1.3359537415425222,1.0086121096100906,1.7004241100582467,0.0,0.0,1.0,0.0,11.736077016252437
-0.8869214989651585,-1.3359537415425222,1.0086121096100906,1.8594890125303492,0.0,0.0,1.0,0.0,11.840796531639839
-0.8611290108600916,-1.3359537415425222,1.013292064649389,0.5869697927535281,0.0,0.0,1.0,0.0,11.667370387218226
-0.8405159473440751,-1.3309651787767673,1.013292064649389,1.8594890125303492,0.0,0.0,1.0,0.0,11.751950239425476
-0.8998439017277375,-1.3309651787767673,1.013292064649389,1.8594890125303492,0.0,0.0,1.0,0.0,11.76446986680519
-0.9110921470473915,-1.3309651787767673,1.013292064649389,1.8594890125303492,0.0,0.0,1.0,0.0,11.853681370708943
-0.6524348221154445,-1.3309651787767673,1.013292064649389,1.4618267563500926,0.0,0.0,1.0,0.0,12.115606215804869
-0.7810833581202294,-1.3259766160110196,1.013292064649389,1.8594890125303492,0.0,0.0,1.0,0.0,11.897514169490739
-0.707577382891794,-1.3309651787767673,1.013292064649389,1.6208916588221953,0.0,0.0,1.0,0.0,12.039433474778324
-1.0143144168877496,-1.3259766160110196,1.013292064649389,1.8594890125303492,0.0,0.0,1.0,0.0,11.748795687555171
-1.03246856165947,-1.3259766160110196,1.013292064649389,1.779956561294298,0.0,0.0,1.0,0.0,11.759011806144656
-0.8508224791020833,-1.3259766160110196,1.013292064649389,1.7004241100582467,0.0,0.0,1.0,0.0,11.724004532183379
-0.7760608857914538,-1.3259766160110196,1.013292064649389,1.8594890125303492,0.0,0.0,1.0,0.0,11.625369830810577
-0.8813235350153773,-1.3259766160110196,1.0086121096100906,1.1436969514058875,0.0,0.0,1.0,0.0,11.633380483255026
-0.49208192953526286,-1.3259766160110196,1.0086121096100906,1.8594890125303492,0.0,0.0,1.0,0.0,11.588969419043872
-1.0415717927553758,-1.3259766160110196,1.0086121096100906,0.10977508533722025,0.0,0.0,1.0,0.0,11.83138646878959
-0.8959200952208815,-1.3309651787767673,1.0086121096100906,0.8255671464616822,0.0,0.0,1.0,0.0,11.566475710526321
-0.9162192542163499,-1.3309651787767673,1.0086121096100906,1.4618267563500926,0.0,0.0,1.0,0.0,11.466891997618188
-0.9292986092392032,-1.3359537415425222,1.0086121096100906,1.779956561294298,0.0,0.0,1.0,0.0,11.225256725762893
-1.190885709696269,-1.3359537415425222,1.0086121096100906,0.8255671464616822,0.0,0.0,1.0,0.0,11.630717389475995
-1.1422828264313463,-1.3409423043082773,1.013292064649389,-0.6855494270232929,0.0,0.0,1.0,0.0,11.652696102959753
-1.1662442048332136,-1.3209880532452645,0.9992521995314939,1.8594890125303492,0.0,0.0,1.0,0.0,11.461642696843066
-0.6729432507912785,-1.3209880532452645,0.9992521995314939,1.8594890125303492,0.0,0.0,1.0,0.0,11.476271853988816
-0.4449962514529911,-1.3259766160110196,1.0039321545707922,1.8594890125303492,0.0,0.0,1.0,0.0,11.299744620670225
-1.2491673156781036,-1.3209880532452645,1.0039321545707922,1.7004241100582467,0.0,0.0,1.0,0.0,11.766023856597407
-1.016250161431132,-1.3259766160110196,1.0039321545707922,1.1436969514058875,0.0,0.0,1.0,0.0,11.630717389475995
-1.2513646473219429,-1.3259766160110196,1.0039321545707922,1.8594890125303492,0.0,0.0,1.0,0.0,11.690242855114947
-1.1904148529154466,-1.3259766160110196,1.0039321545707922,1.2232294026419388,0.0,0.0,1.0,0.0,11.679295469550114
-0.9619969967963363,-1.3259766160110196,1.0086121096100906,1.541359207586144,0.0,0.0,1.0,0.0,11.715874472198905
-0.8283259884627756,-1.3259766160110196,1.0086121096100906,1.6208916588221953,0.0,0.0,1.0,0.0,11.574029971623514
-0.903453803714045,-1.3209880532452645,1.0086121096100906,0.6665022439895795,0.0,0.0,1.0,0.0,11.794345471549745
-1.1805268605181694,-1.3259766160110196,1.0086121096100906,0.10977508533722025,0.0,0.0,1.0,0.0,11.717505780625043
-1.3331367749248217,-1.3259766160110196,1.0086121096100906,0.9050995976977334,0.0,0.0,1.0,0.0,11.63780327310248
-0.18869321042515777,-1.3209880532452645,1.0086121096100906,1.2232294026419388,0.0,0.0,1.0,0.0,11.603688960617083
0.014926188570622306,-1.3209880532452645,1.0086121096100906,1.8594890125303492,0.0,0.0,1.0,0.0,12.011886987792716
-0.4117223722748522,-1.3159994904795096,1.0086121096100906,1.8594890125303492,0.0,0.0,1.0,0.0,11.736077016252437
-0.6655141771382977,-1.3209880532452645,1.0086121096100906,1.3822943051140413,0.0,0.0,1.0,0.0,11.733674150882164
-0.7200289288735503,-1.3209880532452645,1.0086121096100906,1.6208916588221953,0.0,0.0,1.0,0.0,11.825551337974238
-0.5646985086221445,-1.3209880532452645,1.0086121096100906,0.7460346952256308,0.0,0.0,1.0,0.0,11.86147448281689
-0.5462827767499671,-1.3110109277137618,1.0086121096100906,0.03024263410116893,0.0,0.0,1.0,0.0,11.918397239722838
-0.4802581925946036,-1.3159994904795096,1.0086121096100906,1.4618267563500926,0.0,0.0,1.0,0.0,11.840796531639839
-0.5439808102659449,-1.3159994904795096,1.0086121096100906,0.42790489028142553,0.0,0.0,1.0,0.0,11.843674210764698
-0.5238386035307508,-1.3159994904795096,1.0086121096100906,0.5074373415174769,0.0,0.0,1.0,0.0,11.876185678347824
-0.4227613479141405,-1.3159994904795096,1.013292064649389,0.8255671464616822,0.0,0.0,1.0,0.0,11.960817678718287
-0.4188375414072846,-1.3159994904795096,1.013292064649389,0.8255671464616822,0.0,0.0,1.0,0.0,11.92504173829169
0.5648345911514665,-1.3110109277137618,1.013292064649389,1.1436969514058875,0.0,0.0,1.0,0.0,12.51723073716405
0.46867517302344913,-1.3110109277137618,1.013292064649389,1.8594890125303492,0.0,0.0,1.0,0.0,12.288117962028046
-0.20412684935212472,-1.3159994904795096,1.013292064649389,1.8594890125303492,0.0,0.0,1.0,0.0,12.139403856983334
0.6498503988000133,-1.3110109277137618,1.013292064649389,0.9846320489337848,0.0,0.0,1.0,0.0,12.386730318837426
0.1158464919269583,-1.3159994904795096,1.013292064649389,1.541359207586144,0.0,0.0,1.0,0.0,12.344533742172285
0.20740197708693178,-1.3060223649480067,1.013292064649389,1.3822943051140413,0.0,0.0,1.0,0.0,12.41674272554783
-0.46660334595074476,-1.3060223649480067,1.0086121096100906,1.7004241100582467,0.0,0.0,1.0,0.0,12.100161978566867
0.1557123660366152,-1.3110109277137618,1.0086121096100906,0.9050995976977334,0.0,0.0,1.0,0.0,12.041203898548972
-0.014423884100660407,-1.3110109277137618,1.013292064649389,1.3822943051140413,0.0,0.0,1.0,0.0,12.222442918443495
0.4080916005575926,-1.3060223649480067,1.0086121096100906,1.30276185387799,0.0,0.0,1.0,0.0,12.35363452394233
-0.4952209747407478,-1.3060223649480067,1.0086121096100906,-0.04928981713488239,0.0,0.0,1.0,0.0,11.852969885168331
-0.8227803419330859,-1.3110109277137618,1.0086121096100906,0.5074373415174769,0.0,0.0,1.0,0.0,11.744045122410057
-0.6328157895811645,-1.3110109277137618,1.0086121096100906,1.6208916588221953,0.0,0.0,1.0,0.0,11.711784520403112
-0.6577711989647685,-1.3110109277137618,1.0086121096100906,1.2232294026419388,0.0,0.0,1.0,0.0,11.810812786275873
-0.7636093398096975,-1.3159994904795096,1.0086121096100906,1.30276185387799,0.0,0.0,1.0,0.0,11.845109950883979
-0.5741679616586903,-1.3110109277137618,1.0086121096100906,1.30276185387799,0.0,0.0,1.0,0.0,11.656168298529856
-0.5969783568185465,-1.3159994904795096,1.0039321545707922,1.3822943051140413,0.0,0.0,1.0,0.0,11.829930875050733
-1.0615570472302958,-1.3159994904795096,1.0039321545707922,1.8594890125303492,0.0,0.0,1.0,0.0,11.827743504053695
-0.6372104528688431,-1.3159994904795096,1.0039321545707922,1.8594890125303492,0.0,0.0,1.0,0.0,11.867805799560465
-0.4303996912474869,-1.3159994904795096,1.0039321545707922,1.6208916588221953,0.0,0.0,1.0,0.0,11.83138646878959
-0.7772641864535563,-1.3209880532452645,1.0039321545707922,1.2232294026419388,0.0,0.0,1.0,0.0,11.623580937568695
-1.1287326146276702,-1.3159994904795096,1.0039321545707922,1.1436969514058875,0.0,0.0,1.0,0.0,11.750374207389497
-0.6546321537592839,-1.3159994904795096,1.0039321545707922,1.4618267563500926,0.0,0.0,1.0,0.0,11.61999352194924
-0.5622919072979395,-1.3209880532452645,0.9992521995314939,0.9050995976977334,0.0,0.0,1.0,0.0,11.650955473631058
-1.1241286816596259,-1.3209880532452645,1.0039321545707922,1.7004241100582467,0.0,0.0,1.0,0.0,11.535674727063007
-0.9397097758373945,-1.3209880532452645,1.0039321545707922,1.2232294026419388,0.0,0.0,1.0,0.0,11.789806920177805
-0.7257838450836058,-1.3209880532452645,1.0039321545707922,1.779956561294298,0.0,0.0,1.0,0.0,11.687727151613768
0.11202732026028521,-1.3159994904795096,0.9992521995314939,1.8594890125303492,0.0,0.0,1.0,0.0,11.297266335365645
-0.6276886824122061,-1.3159994904795096,0.9992521995314939,1.8594890125303492,0.0,0.0,1.0,0.0,11.394153190178114
-0.7546630609740658,-1.3110109277137618,0.9992521995314939,1.6208916588221953,0.0,0.0,1.0,0.0,11.536651757164861
-0.80849768624813,-1.3159994904795096,0.9992521995314939,1.3822943051140413,0.0,0.0,1.0,0.0,11.499850357082506
-0.8453814674125762,-1.3159994904795096,0.9992521995314939,1.1436969514058875,0.0,0.0,1.0,0.0,11.51293546492023
-0.8475787990564156,-1.3110109277137618,0.9992521995314939,0.8255671464616822,0.0,0.0,1.0,0.0,11.459535236710686
-0.9522136392392422,-1.3110109277137618,0.9992521995314939,0.9846320489337848,0.0,0.0,1.0,0.0,11.532737896139919
-0.17603239476303578,-1.3110109277137618,1.0039321545707922,1.8594890125303492,0.0,0.0,1.0,0.0,11.972885071473847
-0.3973873991698052,-1.3110109277137618,1.0039321545707922,0.8255671464616822,0.0,0.0,1.0,0.0,11.7085004721646
-0.6990496434168938,-1.3110109277137618,1.0039321545707922,1.7004241100582467,0.0,0.0,1.0,0.0,11.768350322738119
-0.5118055969097257,-1.3110109277137618,0.9992521995314939,1.1436969514058875,0.0,0.0,1.0,0.0,11.7068543948059
-0.8181240915449501,-1.3159994904795096,1.0039321545707922,1.2232294026419388,0.0,0.0,1.0,0.0,11.540550359582348
-0.5238386035307508,-1.3060223649480067,1.0039321545707922,1.8594890125303492,0.0,0.0,1.0,0.0,11.982935344196433
-0.1908905420689971,-1.3060223649480067,0.9992521995314939,1.8594890125303492,0.0,0.0,1.0,0.0,11.926365356462313
0.22822431028331405,-1.3060223649480067,1.0039321545707922,1.8594890125303492,0.0,0.0,1.0,0.0,12.010063844310778
-0.34334350421537513,-1.3060223649480067,1.0039321545707922,1.8594890125303492,0.0,0.0,1.0,0.0,11.960817678718287
-0.0006644026166187388,-1.301033802182259,1.0039321545707922,0.3483724390453742,0.0,0.0,1.0,0.0,12.323860125621126
0.7097015273845898,-1.3060223649480067,1.0039321545707922,1.6208916588221953,0.0,0.0,1.0,0.0,12.067965083912192
-0.07851272371264162,-1.3060223649480067,1.0039321545707922,1.8594890125303492,0.0,0.0,1.0,0.0,12.02515610124372
0.7227808824074429,-1.301033802182259,1.0086121096100906,0.8255671464616822,0.0,0.0,1.0,0.0,12.441148720271016
1.6800327178200307,-1.301033802182259,1.0086121096100906,0.9846320489337848,0.0,0.0,1.0,0.0,12.391310778311764
0.0496649555113208,-1.301033802182259,1.0086121096100906,1.3822943051140413,0.0,0.0,1.0,0.0,12.245778817752209
-0.4838680945809111,-1.3060223649480067,1.0086121096100906,1.4618267563500926,0.0,0.0,1.0,0.0,12.19653228062948
0.8205098231382031,-1.301033802182259,1.0179720196886908,0.6665022439895795,0.0,0.0,1.0,0.0,12.726950575147725
1.5048739953539791,-1.301033802182259,1.013292064649389,-0.446952073315139,0.0,0.0,1.0,0.0,12.563051043422098
1.6715049783451303,-1.2760909883534912,0.9992521995314939,-0.3674196220790877,0.0,0.0,1.0,0.0,12.587931300962664
1.1031808438921082,-1.291056676650749,1.0086121096100906,-0.5264845245511903,0.0,0.0,1.0,0.0,12.82396003700373
-0.0987595652880185,-1.296045239416504,1.0039321545707922,1.064164500169836,0.0,0.0,1.0,0.0,11.965916446305247
-0.23844707693209172,-1.301033802182259,1.0039321545707922,1.1436969514058875,0.0,0.0,1.0,0.0,11.825551337974238
-0.3023266468637073,-1.301033802182259,1.0039321545707922,1.7004241100582467,0.0,0.0,1.0,0.0,11.9873007744816
-0.0006644026166187388,-1.296045239416504,1.0039321545707922,1.6208916588221953,0.0,0.0,1.0,0.0,11.853681370708943
0.1562878576576208,-1.296045239416504,1.0039321545707922,1.8594890125303492,0.0,0.0,1.0,0.0,11.87757552297847
0.2609226978404473,-1.291056676650749,0.9992521995314939,1.4618267563500926,0.0,0.0,1.0,0.0,11.994740316298905
0.467995046562261,-1.291056676650749,0.9992521995314939,1.541359207586144,0.0,0.0,1.0,0.0,11.959538914341756
-0.15819215451186386,-1.291056676650749,0.9992521995314939,1.30276185387799,0.0,0.0,1.0,0.0,12.07824495582233
-0.4083217399689104,-1.291056676650749,0.9992521995314939,0.8255671464616822,0.0,0.0,1.0,0.0,11.889997957243736
-0.2513694796946709,-1.296045239416504,0.9992521995314939,0.8255671464616822,0.0,0.0,1.0,0.0,11.862884910339652
-1.0491055012485393,-1.296045239416504,0.9992521995314939,0.18930753657327157,0.0,0.0,1.0,0.0,11.415323661400773
-0.829006114923964,-1.301033802182259,0.9945722444921922,0.6665022439895795,0.0,0.0,1.0,0.0,11.580593459194764
-0.754924648074523,-1.296045239416504,0.9945722444921922,0.7460346952256308,0.0,0.0,1.0,0.0,11.494771677590096
-1.0088734051982426,-1.301033802182259,0.9945722444921922,1.7004241100582467,0.0,0.0,1.0,0.0,11.402005077384885
0.015710949871993535,-1.301033802182259,0.9945722444921922,1.8594890125303492,0.0,0.0,1.0,0.0,11.448930795918299
-1.0649576795362377,-1.301033802182259,0.9945722444921922,1.6208916588221953,0.0,0.0,1.0,0.0,11.47937902264955
-0.9404945371387657,-1.301033802182259,0.9992521995314939,-0.12882226837093372,0.0,0.0,1.0,0.0,11.487617913343598
-0.556536991087884,-1.301033802182259,0.9992521995314939,1.064164500169836,0.0,0.0,1.0,0.0,11.485564545613576
-1.0384850649699826,-1.301033802182259,0.9945722444921922,1.1436969514058875,0.0,0.0,1.0,0.0,11.420821140914589
-1.135638514079737,-1.3060223649480067,0.9945722444921922,1.6208916588221953,0.0,0.0,1.0,0.0,11.423011698301428
-0.8368014105175845,-1.301033802182259,0.9992521995314939,1.8594890125303492,0.0,0.0,1.0,0.0,11.474195031610165
-0.32492777234319786,-1.301033802182259,0.9992521995314939,1.779956561294298,0.0,0.0,1.0,0.0,11.696088334428081
-0.7378691691247222,-1.3060223649480067,0.9945722444921922,1.8594890125303492,0.0,0.0,1.0,0.0,11.458479838780507
-1.1124095795591493,-1.3110109277137618,0.9945722444921922,1.4618267563500926,0.0,0.0,1.0,0.0,11.358619773129229
-0.9570791593077436,-1.3060223649480067,0.9992521995314939,0.9846320489337848,0.0,0.0,1.0,0.0,11.399767965010177
-0.6070756188961892,-1.3060223649480067,0.9992521995314939,1.30276185387799,0.0,0.0,1.0,0.0,11.52683823202353
-1.3958130441943348,-1.3060223649480067,0.9945722444921922,0.9846320489337848,0.0,0.0,1.0,0.0,11.19135563385109
-1.0208540943991762,-1.3060223649480067,0.9945722444921922,1.30276185387799,0.0,0.0,1.0,0.0,11.21318430646977
-1.200878336933729,-1.3110109277137618,0.9898922894528938,0.5869697927535281,0.0,0.0,1.0,0.0,11.156264806643742
-1.2904457601302286,-1.3110109277137618,0.9945722444921922,0.6665022439895795,0.0,0.0,1.0,0.0,11.345701365855424
-1.3376883904727748,-1.3060223649480067,0.9898922894528938,-0.7650818782593443,0.0,0.0,1.0,0.0,11.307142836927456
-1.6087972613864778,-1.3060223649480067,0.9898922894528938,-0.04928981713488239,0.0,0.0,1.0,0.0,11.31204474745499
-1.0088734051982426,-1.3060223649480067,0.9945722444921922,-0.20835471960698504,0.0,0.0,1.0,0.0,11.359785940419789
-1.412449983783404,-1.3060223649480067,0.9852123344135953,0.5869697927535281,0.0,0.0,1.0,0.0,11.374823643830945
-0.8008070254946923,-1.301033802182259,0.9852123344135953,1.064164500169836,0.0,0.0,1.0,0.0,11.332613886815139
-0.9011518372300229,-1.3060223649480067,0.9805323793742937,1.2232294026419388,0.0,0.0,1.0,0.0,11.286037411751035
-0.7127568074808439,-1.3060223649480067,0.9852123344135953,1.1436969514058875,0.0,0.0,1.0,0.0,11.331415578682627
-1.367457002504789,-1.3060223649480067,0.9805323793742937,1.30276185387799,0.0,0.0,1.0,0.0,11.346882686945893
-0.5074632510421385,-1.301033802182259,0.9805323793742937,1.064164500169836,0.0,0.0,1.0,0.0,11.289794413577894
-0.709983984215999,-1.301033802182259,0.9805323793742937,1.1436969514058875,0.0,0.0,1.0,0.0,11.243751064074187
-0.9234913756090563,-1.301033802182259,0.9805323793742937,1.2232294026419388,0.0,0.0,1.0,0.0,11.286037411751035
-0.7435717679146863,-1.301033802182259,0.9805323793742937,1.064164500169836,0.0,0.0,1.0,0.0,11.319352851746254
-0.770881461202404,-1.296045239416504,0.9852123344135953,0.9846320489337848,0.0,0.0,1.0,0.0,11.489667073393028
-0.9031398991934966,-1.296045239416504,0.9852123344135953,1.4618267563500926,0.0,0.0,1.0,0.0,11.484536278461452
-0.731748030974027,-1.296045239416504,0.9852123344135953,1.1436969514058875,0.0,0.0,1.0,0.0,11.528808656597766
-0.8985882836455436,-1.296045239416504,0.9805323793742937,1.1436969514058875,0.0,0.0,1.0,0.0,11.367911253546788
-1.0633358395134036,-1.301033802182259,0.9852123344135953,0.5074373415174769,0.0,0.0,1.0,0.0,11.413116179350727
-0.8508224791020833,-1.296045239416504,0.9852123344135953,1.3822943051140413,0.0,0.0,1.0,0.0,11.340962076644454
-0.8525489539650999,-1.301033802182259,0.9852123344135953,1.3822943051140413,0.0,0.0,1.0,0.0,11.395278670032656
0.08926924252052053,-1.301033802182259,0.9898922894528938,1.30276185387799,0.0,0.0,1.0,0.0,11.298506245754995
-1.3347586149476556,-1.301033802182259,0.9898922894528938,1.3822943051140413,0.0,0.0,1.0,0.0,11.374823643830945
-1.1806314953583523,-1.296045239416504,0.9898922894528938,0.7460346952256308,0.0,0.0,1.0,0.0,11.35159406537374
-0.8910545751523802,-1.301033802182259,0.9898922894528938,1.30276185387799,0.0,0.0,1.0,0.0,11.314486721293981
-1.0251964402667635,-1.3060223649480067,0.9898922894528938,0.5869697927535281,0.0,0.0,1.0,0.0,11.324195417595107
-0.9455170094675412,-1.301033802182259,0.9898922894528938,1.1436969514058875,0.0,0.0,1.0,0.0,11.345701365855424
-1.1322901991938863,-1.301033802182259,0.9898922894528938,0.5869697927535281,0.0,0.0,1.0,0.0,11.315705475634307
-0.6873305413164171,-1.296045239416504,0.9945722444921922,0.3483724390453742,0.0,0.0,1.0,0.0,11.399767965010177
-0.9909808475269793,-1.296045239416504,0.9898922894528938,1.1436969514058875,0.0,0.0,1.0,0.0,11.495789479023493
-0.7177792798096194,-1.296045239416504,0.9898922894528938,0.9846320489337848,0.0,0.0,1.0,0.0,11.43281025466844
-0.8099625740106896,-1.296045239416504,0.9898922894528938,1.2232294026419388,0.0,0.0,1.0,0.0,11.394153190178114
-1.2759015173448156,-1.296045239416504,0.9898922894528938,1.541359207586144,0.0,0.0,1.0,0.0,11.407576060361786
-0.713646203622398,-1.291056676650749,0.9945722444921922,1.30276185387799,0.0,0.0,1.0,0.0,11.466891997618188
-1.210504742230549,-1.291056676650749,0.9898922894528938,0.7460346952256308,0.0,0.0,1.0,0.0,11.426288563310505
-1.0639636485545008,-1.296045239416504,0.9945722444921922,0.9050995976977334,0.0,0.0,1.0,0.0,11.459535236710686
0.4150498174297506,-1.291056676650749,0.9945722444921922,1.3822943051140413,0.0,0.0,1.0,0.0,12.009455390434104
-0.7410605317502984,-1.291056676650749,0.9945722444921922,0.5869697927535281,0.0,0.0,1.0,0.0,11.954407441448915
1.1502665219743806,-1.2860681138850012,0.9945722444921922,0.8255671464616822,0.0,0.0,1.0,0.0,12.190456343334482
0.49917622893674307,-1.2810795511192463,0.9992521995314939,-0.12882226837093372,0.0,0.0,1.0,0.0,12.539329002463175
0.8861681853529265,-1.2810795511192463,0.9945722444921922,0.42790489028142553,0.0,0.0,1.0,0.0,12.440357896943219
0.7814810277500087,-1.2760909883534912,0.9945722444921922,-0.20835471960698504,0.0,0.0,1.0,0.0,12.525983496352161
1.5610105871120656,-1.2711024255877434,0.9898922894528938,0.3483724390453742,0.0,0.0,1.0,0.0,12.429220196836383
1.9964484745328979,-1.2711024255877434,0.9898922894528938,-0.04928981713488239,0.0,0.0,1.0,0.0,12.70624472124373
0.08110772498626004,-1.2810795511192463,0.9898922894528938,0.5869697927535281,0.0,0.0,1.0,0.0,12.18332077348399
1.5465186617467441,-1.2810795511192463,0.9898922894528938,0.3483724390453742,0.0,0.0,1.0,0.0,12.45254592991672
0.7763539205810501,-1.2760909883534912,0.9898922894528938,0.5869697927535281,0.0,0.0,1.0,0.0,12.706850963741102
0.5879065734117799,-1.2760909883534912,0.9852123344135953,0.9846320489337848,0.0,0.0,1.0,0.0,12.424810506025395
-0.4976798934850443,-1.291056676650749,0.9898922894528938,1.3822943051140413,0.0,0.0,1.0,0.0,11.869907361794104
0.00786333685828172,-1.2860681138850012,0.9898922894528938,0.9050995976977334,0.0,0.0,1.0,0.0,11.746423225963612
-0.3407276332108045,-1.2860681138850012,0.9898922894528938,1.2232294026419388,0.0,0.0,1.0,0.0,11.81894585784987
-0.3821630299232039,-1.2860681138850012,0.9852123344135953,0.9846320489337848,0.0,0.0,1.0,0.0,11.779902152762993
-0.7006714834397275,-1.291056676650749,0.9898922894528938,-0.3674196220790877,0.0,0.0,1.0,0.0,11.588969419043872
-0.6903126342616277,-1.291056676650749,0.9898922894528938,1.2232294026419388,0.0,0.0,1.0,0.0,11.618194976487304
-0.19251238209183086,-1.2860681138850012,0.9852123344135953,1.1436969514058875,0.0,0.0,1.0,0.0,11.711784520403112
-0.294949890630818,-1.2860681138850012,0.9852123344135953,1.6208916588221953,0.0,0.0,1.0,0.0,11.678448377988165
-1.073956275791961,-1.291056676650749,0.9898922894528938,0.9050995976977334,0.0,0.0,1.0,0.0,11.46374572492597
-0.03744354894088224,-1.291056676650749,0.9898922894528938,0.5074373415174769,0.0,0.0,1.0,0.0,11.454247073019193
-0.829006114923964,-1.296045239416504,0.9852123344135953,0.42790489028142553,0.0,0.0,1.0,0.0,11.434974734252892
-0.7220169908370241,-1.296045239416504,0.9898922894528938,0.6665022439895795,0.0,0.0,1.0,0.0,11.427378469795439
0.08654873667576689,-1.291056676650749,0.9852123344135953,1.1436969514058875,0.0,0.0,1.0,0.0,11.602775309696066
-0.20501624549367875,-1.291056676650749,0.9852123344135953,1.3822943051140413,0.0,0.0,1.0,0.0,11.771443882099637
0.14101117099092841,-1.291056676650749,0.9852123344135953,1.8594890125303492,0.0,0.0,1.0,0.0,11.87340018062404
-0.6546321537592839,-1.291056676650749,0.9852123344135953,1.4618267563500926,0.0,0.0,1.0,0.0,11.494771677590096
-0.9697399749698656,-1.291056676650749,0.9852123344135953,1.2232294026419388,0.0,0.0,1.0,0.0,11.54346436927906
0.7647394533207565,-1.355907992605535,1.060091615042383,1.8594890125303492,0.0,0.0,1.0,0.0,12.509508719465414
-0.21087579654391708,-1.355907992605535,1.0554116600030845,1.8594890125303492,0.0,0.0,1.0,0.0,12.413903554462665
-0.19031505044799152,-1.3608965553712828,1.060091615042383,0.7460346952256308,0.0,0.0,1.0,0.0,12.32029824991355
-0.38650537579079103,-1.355907992605535,1.0554116600030845,1.8594890125303492,0.0,0.0,1.0,0.0,12.341918233338216
-0.5611932414760199,-1.3608965553712828,1.0554116600030845,1.3822943051140413,0.0,0.0,1.0,0.0,12.262457704853034
0.36942902711003817,-1.3608965553712828,1.060091615042383,-1.0832116832035494,0.0,0.0,1.0,0.0,12.45332717690471
-0.4475598050374704,-1.3608965553712828,1.0554116600030845,0.5869697927535281,0.0,0.0,1.0,0.0,12.237091546357338
0.11051011507763452,-1.3608965553712828,1.0554116600030845,1.8594890125303492,0.0,0.0,1.0,0.0,12.307279044781756
0.3403405415392124,-1.3758622436685406,1.0554116600030845,1.064164500169836,0.0,0.0,1.0,0.0,12.242409396366712
-1.118949257070576,-1.3808508064342957,1.050731704963786,0.6665022439895795,0.0,0.0,1.0,0.0,12.765691290604371
-0.3645320593523976,-1.355907992605535,1.0554116600030845,1.8594890125303492,0.0,0.0,1.0,0.0,12.293171935322027
-0.004745161383748984,-1.355907992605535,1.050731704963786,1.7004241100582467,0.0,0.0,1.0,0.0,12.286273802188468
0.6755382520648971,-1.355907992605535,1.0554116600030845,1.8594890125303492,0.0,0.0,1.0,0.0,12.508400690203496
0.6766369178868166,-1.355907992605535,1.0554116600030845,1.8594890125303492,0.0,0.0,1.0,0.0,12.473810905719647
0.20149010861660194,-1.3509194298397802,1.050731704963786,1.8594890125303492,0.0,0.0,1.0,0.0,12.473428278520133
0.6167334718821487,-1.355907992605535,1.0554116600030845,1.8594890125303492,0.0,0.0,1.0,0.0,12.355358654868867
0.9137394657411012,-1.345930867074025,1.060091615042383,1.064164500169836,0.0,0.0,1.0,0.0,12.835750066956251
2.0979965869303303,-1.3409423043082773,1.060091615042383,1.8594890125303492,0.0,0.0,1.0,0.0,12.786333842776127
2.1342002416335886,-1.345930867074025,1.060091615042383,1.8594890125303492,0.0,0.0,1.0,0.0,12.833082694522178
1.202113085284971,-1.345930867074025,1.060091615042383,1.8594890125303492,0.0,0.0,1.0,0.0,12.790523196230899
1.6035969670664758,-1.345930867074025,1.060091615042383,1.8594890125303492,0.0,0.0,1.0,0.0,12.94204221847976
2.593861094556744,-1.345930867074025,1.0554116600030845,1.8594890125303492,0.0,0.0,1.0,0.0,12.972704925727596
1.7260197300803826,-1.3509194298397802,1.060091615042383,1.8594890125303492,0.0,0.0,1.0,0.0,12.801885348777414
3.2469394495578556,-1.3509194298397802,1.060091615042383,1.8594890125303492,0.0,0.0,1.0,0.0,12.891694078557842
0.5399314991879538,-1.3509194298397802,1.060091615042383,1.8594890125303492,0.0,0.0,1.0,0.0,12.75650640739071
1.001842001175041,-1.3509194298397802,1.0554116600030845,1.8594890125303492,0.0,0.0,1.0,0.0,12.698024270690864
0.3730389290963457,-1.3509194298397802,1.0554116600030845,1.8594890125303492,0.0,0.0,1.0,0.0,12.577984417190766
0.8061225326130641,-1.3509194298397802,1.0554116600030845,1.8594890125303492,0.0,0.0,1.0,0.0,12.584512505902088
0.13012914761191427,-1.3509194298397802,1.0554116600030845,1.8594890125303492,0.0,0.0,1.0,0.0,12.509508719465414
1.7734193126832032,-1.345930867074025,1.0554116600030845,1.8594890125303492,0.0,0.0,1.0,0.0,12.824229541736516
2.070372989122064,-1.3409423043082773,1.060091615042383,0.6665022439895795,0.0,0.0,1.0,0.0,12.824768333401513
1.1944224245315331,-1.3359537415425222,1.0554116600030845,0.9846320489337848,0.0,0.0,1.0,0.0,12.748399843328054
1.3104101448741963,-1.3409423043082773,1.0554116600030845,1.8594890125303492,0.0,0.0,1.0,0.0,12.74315356270364
1.4683041187100814,-1.3409423043082773,1.0554116600030845,1.8594890125303492,0.0,0.0,1.0,0.0,12.823690459618561
1.9159842824323041,-1.3359537415425222,1.0554116600030845,0.6665022439895795,0.0,0.0,1.0,0.0,12.765691290604371
1.4845225189384195,-1.3359537415425222,1.0554116600030845,1.064164500169836,0.0,0.0,1.0,0.0,12.817470037182167
1.005347268321166,-1.3409423043082773,1.050731704963786,1.8594890125303492,0.0,0.0,1.0,0.0,12.936758837513851
0.21190127521479307,-1.345930867074025,1.050731704963786,1.8594890125303492,0.0,0.0,1.0,0.0,12.55989703048335
-0.17503836378129892,-1.345930867074025,1.050731704963786,1.8594890125303492,0.0,0.0,1.0,0.0,12.568981617474362
-0.4515359289644178,-1.345930867074025,1.050731704963786,1.2232294026419388,0.0,0.0,1.0,0.0,12.51686437103563
0.13949396580827725,-1.3509194298397802,1.050731704963786,1.8594890125303492,0.0,0.0,1.0,0.0,12.466901115884776
0.16476327971242996,-1.3509194298397802,1.050731704963786,1.8594890125303492,0.0,0.0,1.0,0.0,12.447060044238079
0.021151961561500607,-1.3509194298397802,1.050731704963786,1.8594890125303492,0.0,0.0,1.0,0.0,12.369894975232734
0.007026258136818969,-1.355907992605535,1.050731704963786,1.8594890125303492,0.0,0.0,1.0,0.0,12.294088101596984
-0.40272377601912923,-1.355907992605535,1.050731704963786,1.541359207586144,0.0,0.0,1.0,0.0,12.342354626814949
-0.4623133175032489,-1.355907992605535,1.050731704963786,1.3822943051140413,0.0,0.0,1.0,0.0,12.16577655436517
-0.16755697270822684,-1.355907992605535,1.050731704963786,1.8594890125303492,0.0,0.0,1.0,0.0,12.096821236822512
-1.2562824848105356,-1.3608965553712828,1.050731704963786,1.30276185387799,0.0,0.0,1.0,0.0,12.141539457711714
-1.1400854947875068,-1.3608965553712828,1.050731704963786,1.8594890125303492,0.0,0.0,1.0,0.0,11.840796531639839
-0.8924148280747568,-1.3608965553712828,1.0460517499244844,-1.4808739393838062,0.0,0.0,1.0,0.0,11.918397239722838
-0.6843484483712065,-1.355907992605535,1.0366918398458875,1.8594890125303492,0.0,0.0,1.0,0.0,11.695255355062795
-0.5107592485078976,-1.3608965553712828,1.050731704963786,1.3822943051140413,0.0,0.0,1.0,0.0,11.883115664987255
-0.866099165768776,-1.3608965553712828,1.0460517499244844,1.8594890125303492,0.0,0.0,1.0,0.0,11.883115664987255
-0.33580979572221176,-1.3509194298397802,1.050731704963786,1.8594890125303492,0.0,0.0,1.0,0.0,12.411056299528171
-0.18869321042515777,-1.3509194298397802,1.0460517499244844,1.8594890125303492,0.0,0.0,1.0,0.0,12.206077645517674
-0.991817926248442,-1.3509194298397802,1.0460517499244844,1.6208916588221953,0.0,0.0,1.0,0.0,12.065090709265014
-0.6319263934396104,-1.355907992605535,1.0460517499244844,1.7004241100582467,0.0,0.0,1.0,0.0,12.131354487250757
-0.0006644026166187388,-1.355907992605535,1.0460517499244844,1.8594890125303492,0.0,0.0,1.0,0.0,12.115058723579269
-0.4553027832109996,-1.3509194298397802,1.050731704963786,1.8594890125303492,0.0,0.0,1.0,0.0,12.336666603113574
-0.6975324382342426,-1.3509194298397802,1.0460517499244844,1.3822943051140413,0.0,0.0,1.0,0.0,12.30456412327217
-0.5277100926175154,-1.3509194298397802,1.0460517499244844,1.3822943051140413,0.0,0.0,1.0,0.0,12.264346270624157
-0.8818467092162914,-1.345930867074025,1.050731704963786,1.8594890125303492,0.0,0.0,1.0,0.0,12.511352710974496
-1.0978653367737365,-1.345930867074025,1.0460517499244844,0.10977508533722025,0.0,0.0,1.0,0.0,12.501726607862306
-0.7095654448552677,-1.345930867074025,1.050731704963786,0.6665022439895795,0.0,0.0,1.0,0.0,12.534660309007924
0.210593339712508,-1.3409423043082773,1.050731704963786,1.8594890125303492,0.0,0.0,1.0,0.0,12.71439814659232
-0.4877395836676757,-1.3409423043082773,1.050731704963786,1.8594890125303492,0.0,0.0,1.0,0.0,12.733463308313716
-1.1254889345820027,-1.3409423043082773,1.050731704963786,1.8594890125303492,0.0,0.0,1.0,0.0,12.568981617474362
-1.5314721144913692,-1.3359537415425222,1.0460517499244844,1.8594890125303492,0.0,0.0,1.0,0.0,12.765691290604371
-1.4160598857697118,-1.3359537415425222,1.0460517499244844,1.8594890125303492,0.0,0.0,1.0,0.0,13.122367377396328
-1.2948927408379987,-1.3409423043082773,1.0460517499244844,1.8594890125303492,0.0,0.0,1.0,0.0,12.07254696717504
-1.4075321462948114,-1.3409423043082773,1.0460517499244844,1.8594890125303492,0.0,0.0,1.0,0.0,12.39545670404338
-1.1142930066824404,-1.345930867074025,1.0460517499244844,0.5074373415174769,0.0,0.0,1.0,0.0,12.286273802188468
-0.5188161312019752,-1.345930867074025,1.0460517499244844,1.6208916588221953,0.0,0.0,1.0,0.0,12.261038936200617
-0.5959320084167181,-1.345930867074025,1.0460517499244844,1.8594890125303492,0.0,0.0,1.0,0.0,12.255819494787602
-0.00882592015087923,-1.3509194298397802,1.041371794885186,1.8594890125303492,0.0,0.0,1.0,0.0,12.187913766539234
-0.16415634040228502,-1.3509194298397802,1.0460517499244844,1.8594890125303492,0.0,0.0,1.0,0.0,12.16369214550422
-0.8357550621157563,-1.3509194298397802,1.0460517499244844,1.8594890125303492,0.0,0.0,1.0,0.0,12.11341444611523
-0.7006714834397275,-1.355907992605535,1.0460517499244844,1.2232294026419388,0.0,0.0,1.0,0.0,12.07254696717504
-0.7069495738506971,-1.355907992605535,1.0460517499244844,1.3822943051140413,0.0,0.0,1.0,0.0,12.019146503887916
-0.9844411700155528,-1.355907992605535,1.041371794885186,1.8594890125303492,0.0,0.0,1.0,0.0,11.963370312187111
-0.5518807406997482,-1.3509194298397802,1.041371794885186,1.8594890125303492,0.0,0.0,1.0,0.0,12.009455390434104
-0.659079134467054,-1.355907992605535,1.0460517499244844,1.8594890125303492,0.0,0.0,1.0,0.0,11.918397239722838
-1.0086641355178771,-1.355907992605535,1.041371794885186,1.7004241100582467,0.0,0.0,1.0,0.0,11.921725007667265
-1.0168256530521373,-1.3509194298397802,1.041371794885186,1.8594890125303492,0.0,0.0,1.0,0.0,12.042971193457888
-0.9921841481890818,-1.3509194298397802,1.041371794885186,1.6208916588221953,0.0,0.0,1.0,0.0,11.900912042974875
-0.7636093398096975,-1.3509194298397802,1.0366918398458875,1.8594890125303492,0.0,0.0,1.0,0.0,11.936237039973754
-0.698212564695431,-1.345930867074025,1.041371794885186,1.6208916588221953,0.0,0.0,1.0,0.0,12.115606215804869
-0.2540899855394243,-1.3509194298397802,1.041371794885186,1.8594890125303492,0.0,0.0,1.0,0.0,12.096821236822512
-0.6859179709739489,-1.3509194298397802,1.041371794885186,1.8594890125303492,0.0,0.0,1.0,0.0,11.968456114085114
-0.8327729691705458,-1.3509194298397802,1.041371794885186,0.9846320489337848,0.0,0.0,1.0,0.0,11.938853113303086
-0.6639969719556468,-1.345930867074025,1.041371794885186,1.8594890125303492,0.0,0.0,1.0,0.0,12.429220196836383
-0.37996569827936455,-1.345930867074025,1.041371794885186,1.8594890125303492,0.0,0.0,1.0,0.0,12.237091546357338
-0.6198933868185855,-1.345930867074025,1.041371794885186,1.8594890125303492,0.0,0.0,1.0,0.0,12.295917919903431
-1.0628649827325811,-1.345930867074025,1.041371794885186,1.8594890125303492,0.0,0.0,1.0,0.0,12.197036946273975
-1.1748242617282054,-1.3409423043082773,1.041371794885186,0.5074373415174769,0.0,0.0,1.0,0.0,12.443517444755098
-0.5084572820238754,-1.3409423043082773,1.041371794885186,1.8594890125303492,0.0,0.0,1.0,0.0,12.458390459140501
-0.4895706933708751,-1.3409423043082773,1.041371794885186,1.8594890125303492,0.0,0.0,1.0,0.0,12.575914030220655
-0.25477011200061267,-1.3409423043082773,1.041371794885186,1.8594890125303492,0.0,0.0,1.0,0.0,12.39545670404338
-0.43662546423836496,-1.3359537415425222,1.041371794885186,1.541359207586144,0.0,0.0,1.0,0.0,13.101346052661828
1.6811837010620414,-1.3359537415425222,1.041371794885186,1.8594890125303492,0.0,0.0,1.0,0.0,13.008524802125525
0.6121295389141039,-1.3359537415425222,1.041371794885186,1.8594890125303492,0.0,0.0,1.0,0.0,13.030907958453746
-1.1044573317052546,-1.3359537415425222,1.041371794885186,1.8594890125303492,0.0,0.0,1.0,0.0,12.727247530467041
2.080051711838976,-1.3309651787767673,1.041371794885186,1.8594890125303492,0.0,0.0,1.0,0.0,13.122367377396328
2.8877280432102124,-1.3309651787767673,1.0366918398458875,1.8594890125303492,0.0,0.0,1.0,0.0,13.122367377396328
0.7863988652386018,-1.3359537415425222,1.041371794885186,1.8594890125303492,0.0,0.0,1.0,0.0,12.839737832475373
-0.3214225051970732,-1.3409423043082773,1.0366918398458875,1.8594890125303492,0.0,0.0,1.0,0.0,12.643039650666653
-0.8544323810883908,-1.345930867074025,1.0366918398458875,1.4618267563500926,0.0,0.0,1.0,0.0,12.059317054505962
-1.03246856165947,-1.345930867074025,1.0366918398458875,1.7004241100582467,0.0,0.0,1.0,0.0,11.92371636583374
-1.2004597975729978,-1.345930867074025,1.0366918398458875,1.8594890125303492,0.0,0.0,1.0,0.0,11.942113610091182
-0.8329822388509114,-1.345930867074025,1.0366918398458875,1.8594890125303492,0.0,0.0,1.0,0.0,11.574029971623514
-1.3067687951987492,-1.345930867074025,1.0366918398458875,1.4618267563500926,0.0,0.0,1.0,0.0,11.86569981146014
-0.509817534946252,-1.3509194298397802,1.0366918398458875,1.8594890125303492,0.0,0.0,1.0,0.0,11.690242855114947
-1.122873063577432,-1.3509194298397802,1.0366918398458875,1.2232294026419388,0.0,0.0,1.0,0.0,11.904298410001253
-0.8442828015906566,-1.3509194298397802,1.0366918398458875,1.541359207586144,0.0,0.0,1.0,0.0,11.797359769127505
-0.8714355426181002,-1.355907992605535,1.0320118848065893,0.5074373415174769,0.0,0.0,1.0,0.0,11.794345471549745
-0.6155510409509982,-1.3509194298397802,1.0273319297672876,1.8594890125303492,0.0,0.0,1.0,0.0,11.751162533892076
0.06567408605929334,-1.3608965553712828,1.0320118848065893,-1.1627441344396008,0.0,0.0,1.0,0.0,11.876185678347824
2.0931833842819203,-1.3259766160110196,1.0273319297672876,1.8594890125303492,0.0,0.0,1.0,0.0,13.122367377396328
4.1770385439430004,-1.3209880532452645,1.0226519747279892,0.8255671464616822,0.0,0.0,1.0,0.0,13.122367377396328
5.034364106980989,-1.3209880532452645,1.0226519747279892,1.064164500169836,0.0,0.0,1.0,0.0,13.122367377396328
4.361980623966146,-1.3259766160110196,1.0226519747279892,1.8594890125303492,0.0,0.0,1.0,0.0,13.122367377396328
2.2553673865653017,-1.3259766160110196,1.0226519747279892,1.8594890125303492,0.0,0.0,1.0,0.0,13.052157627820877
4.44914144583844,-1.3259766160110196,1.0226519747279892,1.8594890125303492,0.0,0.0,1.0,0.0,13.122367377396328
1.0560428483897453,-1.3309651787767673,1.0273319297672876,1.8594890125303492,0.0,0.0,1.0,0.0,13.0341898708582
2.2198961757433233,-1.3309651787767673,1.0273319297672876,1.8594890125303492,0.0,0.0,1.0,0.0,13.063888568084156
2.5486065261776725,-1.3259766160110196,1.0226519747279892,1.8594890125303492,0.0,0.0,1.0,0.0,13.122367377396328
1.1921727754676026,-1.3309651787767673,1.0226519747279892,1.8594890125303492,0.0,0.0,1.0,0.0,12.895716195538418
1.0498693928189584,-1.3359537415425222,1.0226519747279892,1.8594890125303492,0.0,0.0,1.0,0.0,12.7387605387783
0.699238043366307,-1.3259766160110196,0.9945722444921922,1.8594890125303492,0.0,0.0,1.0,0.0,12.57729476436913
0.44078998811472586,-1.3259766160110196,0.9945722444921922,1.8594890125303492,0.0,0.0,1.0,0.0,12.72278391485369
0.7404118529782494,-1.3259766160110196,0.9945722444921922,1.8594890125303492,0.0,0.0,1.0,0.0,12.715900771961074
-0.6462090491245664,-1.3309651787767673,0.9992521995314939,1.8594890125303492,0.0,0.0,1.0,0.0,12.392556361841777
-0.29029364024268217,-1.3259766160110196,0.9992521995314939,1.8594890125303492,0.0,0.0,1.0,0.0,12.152677143050752
-0.12272094368988566,-1.3309651787767673,0.9992521995314939,1.8594890125303492,0.0,0.0,1.0,0.0,12.237091546357338
-0.4500187237817669,-1.3359537415425222,0.9992521995314939,1.8594890125303492,0.0,0.0,1.0,0.0,12.281648468435115
-0.3657876774345916,-1.3359537415425222,0.9992521995314939,1.8594890125303492,0.0,0.0,1.0,0.0,12.255819494787602
-0.22139159798229102,-1.3359537415425222,0.9992521995314939,1.8594890125303492,0.0,0.0,1.0,0.0,12.249136924251182
0.2268117399408459,-1.3359537415425222,0.9992521995314939,1.8594890125303492,0.0,0.0,1.0,0.0,12.19552218463499
-0.27857453814220573,-1.3409423043082773,1.0039321545707922,1.8594890125303492,0.0,0.0,1.0,0.0,12.21255657932543
-0.4996156380284265,-1.3409423043082773,1.0039321545707922,1.8594890125303492,0.0,0.0,1.0,0.0,12.158986279072735
-0.6255436681884581,-1.345930867074025,1.0039321545707922,1.8594890125303492,0.0,0.0,1.0,0.0,12.244817283839346
-0.05517915435187134,-1.345930867074025,1.0039321545707922,1.8594890125303492,0.0,0.0,1.0,0.0,12.279792328023508
0.03564388692682198,-1.345930867074025,1.0039321545707922,1.30276185387799,0.0,0.0,1.0,0.0,12.268582547911404
0.7239841830695458,-1.345930867074025,1.0039321545707922,-1.2422765856756521,0.0,0.0,1.0,0.0,12.586906889141513
-0.6967999943529629,-1.3509194298397802,1.0086121096100906,0.10977508533722025,0.0,0.0,1.0,0.0,12.524530013005734
-0.6443256220012755,-1.3608965553712828,0.9992521995314939,1.064164500169836,0.0,0.0,1.0,0.0,12.206077645517674
-0.6801630547638935,-1.3509194298397802,1.0039321545707922,0.03024263410116893,0.0,0.0,1.0,0.0,12.063362110324636
-1.0115939110429961,-1.355907992605535,1.0039321545707922,1.064164500169836,0.0,0.0,1.0,0.0,11.534696741439683
-0.4747648634850053,-1.3509194298397802,0.9992521995314939,1.8594890125303492,0.0,0.0,1.0,0.0,12.30501712236033
-0.06606117773088525,-1.3509194298397802,0.9992521995314939,-0.12882226837093372,0.0,0.0,1.0,0.0,12.399997456775143
0.6769508224073653,-1.355907992605535,0.9945722444921922,-0.8446143294953956,0.0,0.0,1.0,0.0,12.48899716877066
-0.4724628970009831,-1.3409423043082773,0.9992521995314939,1.8594890125303492,0.0,0.0,1.0,0.0,12.550020441826058
0.8671246444396519,-1.345930867074025,0.9992521995314939,1.8594890125303492,0.0,0.0,1.0,0.0,12.826651821423713
0.15194551179003338,-1.345930867074025,0.9992521995314939,1.8594890125303492,0.0,0.0,1.0,0.0,12.327409359385856
-0.6093775853802114,-1.345930867074025,0.9992521995314939,1.8594890125303492,0.0,0.0,1.0,0.0,12.30501712236033
-0.2874161821376544,-1.345930867074025,0.9992521995314939,1.8594890125303492,0.0,0.0,1.0,0.0,12.365215131251702
-0.31796955547103983,-1.3359537415425222,0.9992521995314939,1.8594890125303492,0.0,0.0,1.0,0.0,12.44588057164006
0.4716572659686597,-1.3409423043082773,0.9992521995314939,1.8594890125303492,0.0,0.0,1.0,0.0,12.770820953805716
0.18296974190424162,-1.3409423043082773,0.9992521995314939,1.8594890125303492,0.0,0.0,1.0,0.0,12.524530013005734
-0.27161632127004776,-1.3409423043082773,0.9992521995314939,1.8594890125303492,0.0,0.0,1.0,0.0,12.91263197969655
-0.46372588784571706,-1.3409423043082773,0.9992521995314939,1.8594890125303492,0.0,0.0,1.0,0.0,12.337543792304956
-0.5238386035307508,-1.3409423043082773,0.9992521995314939,1.8594890125303492,0.0,0.0,1.0,0.0,12.36308066783498
-0.7785198045357503,-1.3309651787767673,0.9992521995314939,1.1436969514058875,0.0,0.0,1.0,0.0,11.998439434579149
-0.4715211834393376,-1.3359537415425222,0.9992521995314939,1.1436969514058875,0.0,0.0,1.0,0.0,12.402465567990559
0.6422643728867583,-1.3259766160110196,0.9945722444921922,1.8594890125303492,0.0,0.0,1.0,0.0,12.520156844130765
0.14101117099092841,-1.3259766160110196,0.9945722444921922,1.8594890125303492,0.0,0.0,1.0,0.0,12.423202148655593
-0.20930627394117463,-1.3309651787767673,0.9945722444921922,1.8594890125303492,0.0,0.0,1.0,0.0,12.404927602627597
-0.62413109784599,-1.3309651787767673,0.9945722444921922,1.8594890125303492,0.0,0.0,1.0,0.0,12.392141339694389
0.9802872240973789,-1.3259766160110196,0.9945722444921922,1.8594890125303492,0.0,0.0,1.0,0.0,12.632323557588636
0.5611723717450677,-1.3309651787767673,0.9898922894528938,1.30276185387799,0.0,0.0,1.0,0.0,12.41755243891307
0.5204694189139484,-1.3309651787767673,0.9898922894528938,-0.12882226837093372,0.0,0.0,1.0,0.0,12.565846283553652
-0.42087792079084957,-1.3309651787767673,0.9945722444921922,1.8594890125303492,0.0,0.0,1.0,0.0,12.493883459694384
-0.106921082822279,-1.3309651787767673,0.9945722444921922,1.6208916588221953,0.0,0.0,1.0,0.0,12.34496899599742
0.38355473053471983,-1.3309651787767673,0.9945722444921922,1.8594890125303492,0.0,0.0,1.0,0.0,12.342790829935483
0.33746308343418485,-1.3309651787767673,0.9805323793742937,-0.6060169757872417,0.0,0.0,1.0,0.0,12.33885813503812
0.3034044429546748,-1.3359537415425222,0.9852123344135953,-0.28788717084303633,0.0,0.0,1.0,0.0,12.23660670021376
1.9539144119985785,-1.3309651787767673,0.9758524243349953,-1.8785361955640627,0.0,0.0,1.0,0.0,12.767689287564181
-0.3177602857906742,-1.345930867074025,0.9805323793742937,0.18930753657327157,0.0,0.0,1.0,0.0,12.35017731849889
-0.16180205649817134,-1.3359537415425222,0.9945722444921922,1.8594890125303492,0.0,0.0,1.0,0.0,12.440753386782307
-0.0987595652880185,-1.345930867074025,0.9852123344135953,-0.04928981713488239,0.0,0.0,1.0,0.0,12.776772491986527
0.46731492010107234,-1.345930867074025,0.9992521995314939,-0.446952073315139,0.0,0.0,1.0,0.0,12.583484584029573
-0.35527187599621746,-1.3509194298397802,0.9898922894528938,-0.6855494270232929,0.0,0.0,1.0,0.0,11.51293546492023
1.7720590597608263,-1.241171048993228,0.9992521995314939,-1.3218090369117035,0.0,0.0,1.0,0.0,12.741398668292735
1.6639712698519666,-1.241171048993228,0.9805323793742937,-1.8785361955640627,0.0,0.0,1.0,0.0,12.929993908996359
0.39694799007812154,-1.241171048993228,0.9711724692956969,0.5869697927535281,0.0,0.0,1.0,0.0,12.423604480576804
0.7456435949873906,-1.2461596117589757,0.9711724692956969,0.9050995976977334,0.0,0.0,1.0,0.0,12.448630513463613
0.5774954068135887,-1.2461596117589757,0.9711724692956969,0.5869697927535281,0.0,0.0,1.0,0.0,12.394628892852941
0.8408089821336711,-1.2461596117589757,0.9758524243349953,-0.20835471960698504,0.0,0.0,1.0,0.0,12.595411759236592
1.2089143498968546,-1.2511481745247306,0.9758524243349953,0.18930753657327157,0.0,0.0,1.0,0.0,12.73787961339737
0.9119606734579931,-1.2511481745247306,0.9758524243349953,0.2688399878093229,0.0,0.0,1.0,0.0,12.52343851241165
0.8306070852158456,-1.2511481745247306,0.9711724692956969,0.5074373415174769,0.0,0.0,1.0,0.0,12.382547979752006
0.6662780687087168,-1.2561367372904857,0.9711724692956969,0.5074373415174769,0.0,0.0,1.0,0.0,12.49275797139508
1.026431188618005,-1.2611253000562335,0.9758524243349953,0.10977508533722025,0.0,0.0,1.0,0.0,12.707456838931174
0.4047956030918338,-1.2661138628219886,0.9711724692956969,0.5869697927535281,0.0,0.0,1.0,0.0,12.239512257194662
0.26453259982675476,-1.2611253000562335,0.9664925142563985,-0.28788717084303633,0.0,0.0,1.0,0.0,12.251050791276203
-0.08060542051629814,-1.2611253000562335,0.9618125592170969,0.10977508533722025,0.0,0.0,1.0,0.0,12.184854116317803
0.7372728077727645,-1.2561367372904857,0.9711724692956969,0.18930753657327157,0.0,0.0,1.0,0.0,12.44312304677877
0.24130366530616754,-1.2561367372904857,0.9664925142563985,0.18930753657327157,0.0,0.0,1.0,0.0,12.395870352803575
0.6993949956265813,-1.2611253000562335,0.9711724692956969,-0.12882226837093372,0.0,0.0,1.0,0.0,12.439170488085749
1.1136966453304824,-1.2561367372904857,0.9664925142563985,0.10977508533722025,0.0,0.0,1.0,0.0,12.48332931179837
0.6150593144392232,-1.2511481745247306,0.9711724692956969,0.7460346952256308,0.0,0.0,1.0,0.0,12.33270970174018
0.49567096179061815,-1.2511481745247306,0.9711724692956969,0.7460346952256308,0.0,0.0,1.0,0.0,12.305469916333227
0.7185431713800385,-1.2511481745247306,0.9664925142563985,0.2688399878093229,0.0,0.0,1.0,0.0,12.465744828056149
0.13012914761191427,-1.2461596117589757,0.9664925142563985,0.8255671464616822,0.0,0.0,1.0,0.0,12.356649805075568
0.3788984801465842,-1.241171048993228,0.9664925142563985,0.6665022439895795,0.0,0.0,1.0,0.0,12.352771342460947
-0.18707137040232402,-1.241171048993228,0.9664925142563985,0.3483724390453742,0.0,0.0,1.0,0.0,12.252006352956359
-0.20030767768545163,-1.2511481745247306,0.9664925142563985,-0.28788717084303633,0.0,0.0,1.0,0.0,12.254391269970792
-0.46571394980919073,-1.2561367372904857,0.9664925142563985,0.3483724390453742,0.0,0.0,1.0,0.0,12.246259238225438
-0.3003909023203251,-1.2511481745247306,0.9618125592170969,0.5869697927535281,0.0,0.0,1.0,0.0,12.184343263233146
-0.40800783544836194,-1.2461596117589757,0.9618125592170969,0.18930753657327157,0.0,0.0,1.0,0.0,12.157412722878947
-0.5362901495125072,-1.2511481745247306,0.9618125592170969,1.1436969514058875,0.0,0.0,1.0,0.0,12.10625783509458
-0.27648184133854925,-1.2511481745247306,0.9618125592170969,1.064164500169836,0.0,0.0,1.0,0.0,12.127575825689417
-0.774543680608803,-1.2511481745247306,0.9571326041777984,0.6665022439895795,0.0,0.0,1.0,0.0,12.158986279072735
-0.18142108903245133,-1.2511481745247306,0.9571326041777984,-1.0832116832035494,0.0,0.0,1.0,0.0,12.397523238911763
0.4851551603522445,-1.2561367372904857,0.9618125592170969,-0.6855494270232929,0.0,0.0,1.0,0.0,12.145797025305598
-0.01322058343855792,-1.2860681138850012,0.9852123344135953,1.8594890125303492,0.0,0.0,1.0,0.0,12.119975396053194
0.09936650459816344,-1.2810795511192463,0.9852123344135953,1.8594890125303492,0.0,0.0,1.0,0.0,12.226860081860359
0.3808342246899662,-1.2810795511192463,0.9805323793742937,1.779956561294298,0.0,0.0,1.0,0.0,12.436791432162119
-0.8769811891477899,-1.2860681138850012,0.9852123344135953,1.6208916588221953,0.0,0.0,1.0,0.0,12.141539457711714
0.12562984948405254,-1.291056676650749,0.9805323793742937,1.8594890125303492,0.0,0.0,1.0,0.0,12.197036946273975
0.03857366245194126,-1.2860681138850012,0.9852123344135953,1.8594890125303492,0.0,0.0,1.0,0.0,12.296831574998258
0.5426520050327074,-1.2860681138850012,0.9805323793742937,1.8594890125303492,0.0,0.0,1.0,0.0,12.524530013005734
-0.544503984466859,-1.2860681138850012,0.9805323793742937,1.30276185387799,0.0,0.0,1.0,0.0,12.41064888623027
-0.3276482781879513,-1.296045239416504,0.9805323793742937,1.3822943051140413,0.0,0.0,1.0,0.0,12.086731521684555
-0.5473291251517954,-1.291056676650749,0.9805323793742937,1.6208916588221953,0.0,0.0,1.0,0.0,12.052927293524847
-0.08390141798205716,-1.296045239416504,0.9805323793742937,1.8594890125303492,0.0,0.0,1.0,0.0,12.118884889350285
-0.6873305413164171,-1.291056676650749,0.9805323793742937,1.8594890125303492,0.0,0.0,1.0,0.0,12.07254696717504
-0.03744354894088224,-1.301033802182259,0.9758524243349953,1.30276185387799,0.0,0.0,1.0,0.0,11.96209480994468
-0.2622515030736848,-1.301033802182259,0.9711724692956969,1.30276185387799,0.0,0.0,1.0,0.0,11.967187086434018
-0.330787323393436,-1.296045239416504,0.9711724692956969,0.7460346952256308,0.0,0.0,1.0,0.0,12.099605962739451
0.07875344108214635,-1.301033802182259,0.9664925142563985,0.5869697927535281,0.0,0.0,1.0,0.0,12.233206179086634
-0.2540899855394243,-1.301033802182259,0.9664925142563985,0.5074373415174769,0.0,0.0,1.0,0.0,12.094587859196112
0.8736120045309874,-1.3060223649480067,0.9711724692956969,0.5869697927535281,0.0,0.0,1.0,0.0,12.47801017053037
-0.2643441998773413,-1.296045239416504,0.9758524243349953,1.064164500169836,0.0,0.0,1.0,0.0,12.013706813470414
-0.180479375470806,-1.296045239416504,0.9758524243349953,1.3822943051140413,0.0,0.0,1.0,0.0,11.981058595924264
-0.11157733321041484,-1.296045239416504,0.9758524243349953,-1.8785361955640627,0.0,0.0,1.0,0.0,11.972253562968545
-0.5238386035307508,-1.291056676650749,0.9758524243349953,0.7460346952256308,0.0,0.0,1.0,0.0,11.883115664987255
0.07530049135611323,-1.296045239416504,0.9758524243349953,1.1436969514058875,0.0,0.0,1.0,0.0,12.021554678392043
0.35525100626526523,-1.291056676650749,0.9711724692956969,0.6665022439895795,0.0,0.0,1.0,0.0,12.160033942617156
-0.2155320469320527,-1.291056676650749,0.9711724692956969,0.5869697927535281,0.0,0.0,1.0,0.0,12.07254696717504
-0.2789407600828455,-1.291056676650749,0.9758524243349953,-1.4808739393838062,0.0,0.0,1.0,0.0,11.83138646878959
-0.8823175659971141,-1.2860681138850012,0.9805323793742937,-0.04928981713488239,0.0,0.0,1.0,0.0,11.86147448281689
-0.5056844587590305,-1.2860681138850012,0.9758524243349953,0.18930753657327157,0.0,0.0,1.0,0.0,12.259144108039314
-0.556536991087884,-1.2860681138850012,0.9758524243349953,0.03024263410116893,0.0,0.0,1.0,0.0,11.96655196818541
0.5879065734117799,-1.2810795511192463,0.9805323793742937,1.8594890125303492,0.0,0.0,1.0,0.0,12.486356166069786
-0.42323220469496325,-1.2810795511192463,0.9805323793742937,0.7460346952256308,0.0,0.0,1.0,0.0,12.294088101596984
-0.033362790173751995,-1.2810795511192463,0.9805323793742937,1.1436969514058875,0.0,0.0,1.0,0.0,12.36777048802826
1.5869600274774065,-1.2760909883534912,0.9805323793742937,0.3483724390453742,0.0,0.0,1.0,0.0,12.741983975346884
2.1113898464737324,-1.2760909883534912,0.9758524243349953,-0.20835471960698504,0.0,0.0,1.0,0.0,12.813936954374158
0.06473237249764777,-1.2711024255877434,0.9711724692956969,0.5074373415174769,0.0,0.0,1.0,0.0,12.031129798974042
1.3776380296916622,-1.2760909883534912,0.9758524243349953,-0.28788717084303633,0.0,0.0,1.0,0.0,12.824498973856072
-0.18869321042515777,-1.2810795511192463,0.9758524243349953,0.8255671464616822,0.0,0.0,1.0,0.0,12.296374851796545
-0.4673357898320245,-1.2810795511192463,0.9758524243349953,1.30276185387799,0.0,0.0,1.0,0.0,12.219487265827034
-0.1842985471374791,-1.2760909883534912,0.9758524243349953,1.30276185387799,0.0,0.0,1.0,0.0,12.134582014379962
-0.4007357140556555,-1.2760909883534912,0.9711724692956969,1.2232294026419388,0.0,0.0,1.0,0.0,12.148978347281835
-0.15599482286802452,-1.2760909883534912,0.9711724692956969,1.2232294026419388,0.0,0.0,1.0,0.0,12.100717685412471
-0.3704439278227272,-1.2860681138850012,0.9711724692956969,-0.8446143294953956,0.0,0.0,1.0,0.0,12.219487265827034
-0.6624274493529043,-1.2810795511192463,0.9711724692956969,-0.12882226837093372,0.0,0.0,1.0,0.0,12.110117757946444
-0.09577747234280792,-1.2810795511192463,0.9711724692956969,-0.8446143294953956,0.0,0.0,1.0,0.0,12.02455676409265
-0.2186710921375376,-1.2760909883534912,0.9664925142563985,1.1436969514058875,0.0,0.0,1.0,0.0,12.121064714846538
0.014089109849159787,-1.2760909883534912,0.9664925142563985,-0.7650818782593443,0.0,0.0,1.0,0.0,12.292254928916668
0.07561439587666191,-1.2860681138850012,0.9711724692956969,0.5869697927535281,0.0,0.0,1.0,0.0,12.162648309521318
-0.16823709916941526,-1.2860681138850012,0.9664925142563985,0.5869697927535281,0.0,0.0,1.0,0.0,12.179220327453931
0.37126013681323755,-1.2810795511192463,0.9664925142563985,-0.9241467807314468,0.0,0.0,1.0,0.0,12.139938184891703
-0.6509176169327936,-1.2760909883534912,0.9664925142563985,-0.6060169757872417,0.0,0.0,1.0,0.0,12.315379862705514
-0.2517880190554021,-1.2760909883534912,0.9618125592170969,-0.9241467807314468,0.0,0.0,1.0,0.0,12.510984184596735
0.049141781310406724,-1.2810795511192463,0.9664925142563985,0.5869697927535281,0.0,0.0,1.0,0.0,12.176133921127343
0.5901562224757104,-1.291056676650749,0.9664925142563985,0.5869697927535281,0.0,0.0,1.0,0.0,12.15688765342645
0.3084792327035421,-1.2810795511192463,0.9618125592170969,0.7460346952256308,0.0,0.0,1.0,0.0,12.150036542839864
-0.11183892031087175,-1.2860681138850012,0.9618125592170969,0.7460346952256308,0.0,0.0,1.0,0.0,12.12595201815431
0.005299783273802407,-1.2860681138850012,0.9618125592170969,0.5869697927535281,0.0,0.0,1.0,0.0,12.192485760421583
-0.2186710921375376,-1.2860681138850012,0.9664925142563985,0.5869697927535281,0.0,0.0,1.0,0.0,12.16837597044068
-0.049685825242272975,-1.291056676650749,0.9618125592170969,0.5869697927535281,0.0,0.0,1.0,0.0,12.166296978418426
-0.4627841742840717,-1.291056676650749,0.9664925142563985,0.5869697927535281,0.0,0.0,1.0,0.0,12.178706587466984
0.29362108539758053,-1.291056676650749,0.9664925142563985,0.5869697927535281,0.0,0.0,1.0,0.0,12.173037959397275
0.06473237249764777,-1.296045239416504,0.9664925142563985,-0.3674196220790877,0.0,0.0,1.0,0.0,12.218993806618695
-0.7791999309969387,-1.291056676650749,0.9571326041777984,-1.0036792319674983,0.0,0.0,1.0,0.0,11.330215832884798
0.462815621973211,-1.296045239416504,0.9618125592170969,-0.3674196220790877,0.0,0.0,1.0,0.0,12.267172448547784
0.8420646002158653,-1.301033802182259,0.9571326041777984,-1.8785361955640627,0.0,0.0,1.0,0.0,12.143138170555755
0.07043497128761199,-1.2860681138850012,0.9618125592170969,0.5869697927535281,0.0,0.0,1.0,0.0,12.169932382913561
0.26688688373086844,-1.2860681138850012,0.9571326041777984,0.5074373415174769,0.0,0.0,1.0,0.0,12.231745265561225
0.21336616297735247,-1.2860681138850012,0.9571326041777984,0.10977508533722025,0.0,0.0,1.0,0.0,12.270928303874424
0.6565470285717139,-1.2860681138850012,0.9618125592170969,0.8255671464616822,0.0,0.0,1.0,0.0,12.120520203776788
-0.4606391600603236,-1.2810795511192463,0.9618125592170969,0.6665022439895795,0.0,0.0,1.0,0.0,12.091789104493502
-0.1254937669547306,-1.2810795511192463,0.9571326041777984,-0.12882226837093372,0.0,0.0,1.0,0.0,12.297744396089387
-0.5654309525034242,-1.2810795511192463,0.9571326041777984,0.18930753657327157,0.0,0.0,1.0,0.0,12.117793192144138
-0.4842343165215511,-1.2611253000562335,0.9618125592170969,1.2232294026419388,0.0,0.0,1.0,0.0,11.964644189595829
-0.22955311551655153,-1.2711024255877434,0.9618125592170969,0.10977508533722025,0.0,0.0,1.0,0.0,11.969090024509446
-0.5238386035307508,-1.2760909883534912,0.9618125592170969,0.42790489028142553,0.0,0.0,1.0,0.0,11.993504229837974
-0.44039231848494675,-1.2711024255877434,0.9711724692956969,0.7460346952256308,0.0,0.0,1.0,0.0,11.932300052847731
-0.6263807469099207,-1.2711024255877434,0.9664925142563985,0.9846320489337848,0.0,0.0,1.0,0.0,11.88380602959621
0.11924712423290014,-1.2711024255877434,0.9618125592170969,0.5074373415174769,0.0,0.0,1.0,0.0,12.095705171506136
-0.6764485179374031,-1.2711024255877434,0.9664925142563985,-0.7650818782593443,0.0,0.0,1.0,0.0,11.982310152711182
-0.9004193933487432,-1.2661138628219886,0.9664925142563985,-0.446952073315139,0.0,0.0,1.0,0.0,11.991647230585656
-0.8103287959513296,-1.2661138628219886,0.9664925142563985,0.03024263410116893,0.0,0.0,1.0,0.0,12.045909761904733
-0.7615689604261325,-1.2661138628219886,0.9664925142563985,-0.7650818782593443,0.0,0.0,1.0,0.0,11.83138646878959
-0.6434362258597215,-1.2661138628219886,0.9618125592170969,0.6665022439895795,0.0,0.0,1.0,0.0,11.952476330009466
-0.2155320469320527,-1.2661138628219886,0.9618125592170969,1.064164500169836,0.0,0.0,1.0,0.0,11.98854454800156
-0.7737589193074317,-1.2711024255877434,0.9618125592170969,-1.4808739393838062,0.0,0.0,1.0,0.0,12.027549864243364
1.372667874782978,-1.2262053606959702,0.9618125592170969,-0.6855494270232929,0.0,0.0,1.0,0.0,12.73670383776449
1.1411109734583833,-1.1962739841014547,0.9384127840206016,0.2688399878093229,0.0,0.0,0.0,0.0,12.973865689268807
0.010217620762395171,-1.221216797930215,0.9337328289813032,-1.7990037443280114,0.0,0.0,1.0,0.0,12.615201035620073
0.4734883756718591,-1.231193923461725,0.9337328289813032,-0.6060169757872417,0.0,0.0,1.0,0.0,12.39628383052922
-0.31043584697787624,-1.2361824862274728,0.9337328289813032,-1.8785361955640627,0.0,0.0,1.0,0.0,11.998439434579149
0.7537004776814685,-1.231193923461725,0.9477726940991983,-1.4808739393838062,0.0,0.0,1.0,0.0,12.608870867322864
1.2460074007416666,-1.231193923461725,0.9430927390599,-1.4808739393838062,0.0,0.0,1.0,0.0,12.66191713053049
0.6768985049872736,-1.2361824862274728,0.9571326041777984,-0.446952073315139,0.0,0.0,1.0,0.0,12.286735161083115
-0.3276482781879513,-1.2461596117589757,0.9571326041777984,0.5869697927535281,0.0,0.0,1.0,0.0,12.292713537231938
-0.3644797419323061,-1.241171048993228,0.9571326041777984,0.10977508533722025,0.0,0.0,1.0,0.0,12.045322738624144
-0.7620921346270466,-1.2511481745247306,0.9571326041777984,-0.20835471960698504,0.0,0.0,1.0,0.0,12.524530013005734
-0.6382568012706715,-1.2511481745247306,0.9571326041777984,-0.20835471960698504,0.0,0.0,1.0,0.0,12.123239799036943
-1.5237814537379315,-1.2511481745247306,0.9524526491385,0.03024263410116893,0.0,0.0,1.0,0.0,11.982935344196433
-0.8059864500837421,-1.2561367372904857,0.9524526491385,1.541359207586144,0.0,0.0,1.0,0.0,12.07254696717504
-0.1908905420689971,-1.2561367372904857,0.9571326041777984,0.9846320489337848,0.0,0.0,1.0,0.0,12.193498926601634
-0.294949890630818,-1.2561367372904857,0.9618125592170969,1.1436969514058875,0.0,0.0,1.0,0.0,11.918397239722838
-0.7701490173211243,-1.2561367372904857,0.9571326041777984,0.03024263410116893,0.0,0.0,1.0,0.0,12.233692676364548
-0.5462304593298758,-1.2561367372904857,0.9571326041777984,0.9846320489337848,0.0,0.0,1.0,0.0,12.045322738624144
-0.7118674113392899,-1.2561367372904857,0.9571326041777984,1.1436969514058875,0.0,0.0,1.0,0.0,12.159510248044802
-0.7017178318415557,-1.2611253000562335,0.9571326041777984,0.6665022439895795,0.0,0.0,1.0,0.0,12.066816325306588
-0.6796398805629794,-1.2661138628219886,0.9571326041777984,0.6665022439895795,0.0,0.0,1.0,0.0,12.044735370544808
-0.40811247028854475,-1.2611253000562335,0.9571326041777984,0.7460346952256308,0.0,0.0,1.0,0.0,12.105705199284083
-0.3930450533022178,-1.2611253000562335,0.9571326041777984,0.18930753657327157,0.0,0.0,1.0,0.0,12.026353699006034
-0.4846005384621908,-1.2711024255877434,0.9571326041777984,0.5074373415174769,0.0,0.0,1.0,0.0,11.91103693456627
0.2635385688450179,-1.2711024255877434,0.9571326041777984,0.9050995976977334,0.0,0.0,1.0,0.0,12.187913766539234
0.08654873667576689,-1.2711024255877434,0.9571326041777984,0.6665022439895795,0.0,0.0,1.0,0.0,12.160557363077048
-0.03990246768517874,-1.2661138628219886,0.9524526491385,0.5869697927535281,0.0,0.0,1.0,0.0,12.141539457711714
-0.20527783259413568,-1.2711024255877434,0.9571326041777984,1.30276185387799,0.0,0.0,1.0,0.0,12.104045457048253
0.16800695975809746,-1.2760909883534912,0.9571326041777984,1.2232294026419388,0.0,0.0,1.0,0.0,12.096821236822512
-0.144537307868005,-1.2760909883534912,0.9571326041777984,1.1436969514058875,0.0,0.0,1.0,0.0,12.097378802727306
0.20441988414172121,-1.2810795511192463,0.9571326041777984,0.5074373415174769,0.0,0.0,1.0,0.0,12.25629511679123
0.18956173683575964,-1.2810795511192463,0.9524526491385,0.42790489028142553,0.0,0.0,1.0,0.0,12.166817131771358
0.8911906576817021,-1.2860681138850012,0.9524526491385,0.5074373415174769,0.0,0.0,1.0,0.0,12.19653228062948
0.1004128529999916,-1.2810795511192463,0.9524526491385,0.5869697927535281,0.0,0.0,1.0,0.0,12.18689492294037
-0.3677234219779738,-1.2760909883534912,0.9524526491385,0.7460346952256308,0.0,0.0,1.0,0.0,12.109567251742098
0.4797664660828289,-1.2810795511192463,0.9524526491385,0.6665022439895795,0.0,0.0,1.0,0.0,12.138334343884129
0.4898114107403801,-1.2810795511192463,0.9524526491385,0.6665022439895795,0.0,0.0,1.0,0.0,12.145797025305598
-0.004535891703383354,-1.2760909883534912,0.9524526491385,0.9050995976977334,0.0,0.0,1.0,0.0,12.122696471358964
0.033080333342342665,-1.2711024255877434,0.9524526491385,0.3483724390453742,0.0,0.0,1.0,0.0,12.12649358035784
-0.33110122791398466,-1.2760909883534912,0.9524526491385,1.064164500169836,0.0,0.0,1.0,0.0,12.100161978566867
-0.4246970924575229,-1.2661138628219886,0.9524526491385,0.2688399878093229,0.0,0.0,1.0,0.0,12.016128107502665
-0.614400057708987,-1.2561367372904857,0.9524526491385,0.3483724390453742,0.0,0.0,1.0,0.0,11.944714374881176
-0.4001079050145586,-1.2561367372904857,0.9524526491385,0.8255671464616822,0.0,0.0,1.0,0.0,11.941462360646149
-0.21139897074483116,-1.2561367372904857,0.9477726940991983,0.9050995976977334,0.0,0.0,1.0,0.0,11.81599602495741
-0.8653667218874962,-1.2561367372904857,0.9477726940991983,0.8255671464616822,0.0,0.0,1.0,0.0,11.972253562968545
1.1688392061068322,-1.2361824862274728,0.9571326041777984,0.2688399878093229,0.0,0.0,1.0,0.0,12.391310778311764
0.20771588160748,-1.241171048993228,0.9524526491385,-0.5264845245511903,0.0,0.0,1.0,0.0,12.104599010599317
-0.32947938789115067,-1.2461596117589757,0.9524526491385,-0.12882226837093372,0.0,0.0,1.0,0.0,12.348444223321136
-0.3319906240555387,-1.2461596117589757,0.9524526491385,-0.04928981713488239,0.0,0.0,1.0,0.0,12.258669839471109
-0.0006644026166187388,-1.2461596117589757,0.9524526491385,0.7460346952256308,0.0,0.0,1.0,0.0,12.015523333397592
1.1372918017917097,-1.231193923461725,0.9524526491385,0.03024263410116893,0.0,0.0,1.0,0.0,12.44588057164006
1.5418100939385166,-1.231193923461725,0.9524526491385,-0.8446143294953956,0.0,0.0,1.0,0.0,12.714698852350997
1.2942440620659497,-1.231193923461725,0.9477726940991983,-0.446952073315139,0.0,0.0,1.0,0.0,12.765691290604371
-0.6300952837364111,-1.2461596117589757,0.9477726940991983,-0.04928981713488239,0.0,0.0,1.0,0.0,11.990407312509369
-0.6873305413164171,-1.2511481745247306,0.9477726940991983,0.3483724390453742,0.0,0.0,1.0,0.0,11.946660519211651
-0.4500710412018582,-1.2461596117589757,0.9430927390599,0.18930753657327157,0.0,0.0,1.0,0.0,11.994122464057146
-0.5790857991472831,-1.2511481745247306,0.9430927390599,-0.9241467807314468,0.0,0.0,1.0,0.0,11.994740316298905
-0.10174165823322907,-1.2511481745247306,0.9430927390599,0.5074373415174769,0.0,0.0,1.0,0.0,12.016128107502665
-0.9093133547642834,-1.2511481745247306,0.9477726940991983,0.6665022439895795,0.0,0.0,1.0,0.0,12.023357011097826
-0.0006644026166187388,-1.2611253000562335,0.9477726940991983,0.5074373415174769,0.0,0.0,1.0,0.0,11.9959748767362
-0.43285860999178316,-1.2611253000562335,0.9477726940991983,0.3483724390453742,0.0,0.0,1.0,0.0,11.93558195089097
-0.5524562323207538,-1.2561367372904857,0.9430927390599,-0.12882226837093372,0.0,0.0,1.0,0.0,12.181785075898826
0.26861335859388524,-1.2561367372904857,0.9430927390599,0.5074373415174769,0.0,0.0,1.0,0.0,12.157937516778192
0.4384357042106122,-1.2561367372904857,0.9430927390599,0.5074373415174769,0.0,0.0,1.0,0.0,12.174587138384211
0.4244146356261136,-1.2611253000562335,0.9477726940991983,0.42790489028142553,0.0,0.0,1.0,0.0,12.209073139542411
-0.3490461030053394,-1.2661138628219886,0.9477726940991983,0.03024263410116893,0.0,0.0,1.0,0.0,11.918397239722838
0.20860527774903428,-1.2611253000562335,0.9477726940991983,0.5869697927535281,0.0,0.0,1.0,0.0,12.129736808912964
0.13284965345666794,-1.2661138628219886,0.9477726940991983,0.5869697927535281,0.0,0.0,1.0,0.0,12.059317054505962
-0.41135615033421247,-1.2661138628219886,0.9477726940991983,0.5074373415174769,0.0,0.0,1.0,0.0,12.067390869565173
0.3481358371328329,-1.2611253000562335,0.9430927390599,-0.28788717084303633,0.0,0.0,1.0,0.0,12.177678315028167
0.4118584548041744,-1.2611253000562335,0.9384127840206016,-0.04928981713488239,0.0,0.0,1.0,0.0,12.239028583587523
0.2963415912423342,-1.2611253000562335,0.9430927390599,0.18930753657327157,0.0,0.0,1.0,0.0,12.228328144428588
0.3421716512424122,-1.2611253000562335,0.9430927390599,0.5869697927535281,0.0,0.0,1.0,0.0,12.07254696717504
-0.7854257039878169,-1.2711024255877434,0.9430927390599,-0.20835471960698504,0.0,0.0,1.0,0.0,11.83138646878959
-0.03095618884954702,-1.2611253000562335,0.9337328289813032,-0.8446143294953956,0.0,0.0,1.0,0.0,12.139938184891703
0.34102066800040104,-1.2611253000562335,0.924372918902703,0.5074373415174769,0.0,0.0,1.0,0.0,12.06451484156046
0.24554137633357187,-1.2760909883534912,0.9477726940991983,-0.7650818782593443,0.0,0.0,1.0,0.0,12.001511614739405
-0.20412684935212472,-1.2661138628219886,0.9430927390599,-0.8446143294953956,0.0,0.0,1.0,0.0,12.711687717920274
0.7088644486631274,-1.2661138628219886,0.9384127840206016,0.18930753657327157,0.0,0.0,1.0,0.0,12.194005125011843
0.005875274894808005,-1.2711024255877434,0.9384127840206016,0.9050995976977334,0.0,0.0,1.0,0.0,12.337543792304956
0.021151961561500607,-1.2561367372904857,0.9337328289813032,0.42790489028142553,0.0,0.0,1.0,0.0,12.15214958053555
0.015710949871993535,-1.2561367372904857,0.9384127840206016,0.2688399878093229,0.0,0.0,1.0,0.0,12.123782831670258
-0.0453957967947771,-1.2611253000562335,0.9337328289813032,0.03024263410116893,0.0,0.0,1.0,0.0,12.105705199284083
-0.03990246768517874,-1.2511481745247306,0.9384127840206016,0.5869697927535281,0.0,0.0,1.0,0.0,12.055255569732177
0.970294596859919,-1.2511481745247306,0.9384127840206016,0.5869697927535281,0.0,0.0,1.0,0.0,12.088982494773598
0.12442654882195005,-1.2561367372904857,0.9384127840206016,0.5869697927535281,0.0,0.0,1.0,0.0,12.061630518155123
0.7363834116312107,-1.2561367372904857,0.9384127840206016,0.5869697927535281,0.0,0.0,1.0,0.0,12.058737851357439
-0.2764295239184577,-1.2511481745247306,0.9384127840206016,0.10977508533722025,0.0,0.0,1.0,0.0,12.112316757188815
-0.3841510918866776,-1.2511481745247306,0.9384127840206016,-0.446952073315139,0.0,0.0,1.0,0.0,12.097936057925594
-0.060096991840464103,-1.2511481745247306,0.9337328289813032,0.18930753657327157,0.0,0.0,1.0,0.0,12.07824495582233
0.1955259227261808,-1.2511481745247306,0.9337328289813032,0.3483724390453742,0.0,0.0,1.0,0.0,12.16837597044068
0.030098240397132325,-1.2511481745247306,0.9384127840206016,0.5869697927535281,0.0,0.0,1.0,0.0,12.115606215804869
-0.711762776499107,-1.2461596117589757,0.9384127840206016,-0.5264845245511903,0.0,0.0,1.0,0.0,11.812296455066814
-0.7300738735311018,-1.2461596117589757,0.9337328289813032,-0.12882226837093372,0.0,0.0,1.0,0.0,11.967821801563451
0.4352966590051277,-1.2461596117589757,0.9384127840206016,-0.28788717084303633,0.0,0.0,1.0,0.0,12.159510248044802
0.15116075048866215,-1.241171048993228,0.9384127840206016,0.6665022439895795,0.0,0.0,1.0,0.0,11.971621655408228
-0.1685510036899637,-1.241171048993228,0.9384127840206016,-0.6855494270232929,0.0,0.0,1.0,0.0,12.765691290604371
-0.03801904056188784,-1.241171048993228,0.9430927390599,0.3483724390453742,0.0,0.0,1.0,0.0,11.971621655408228
-0.0263522558815027,-1.241171048993228,0.9384127840206016,0.3483724390453742,0.0,0.0,1.0,0.0,11.892053442342334
-0.3364899221834002,-1.231193923461725,0.9337328289813032,0.3483724390453742,0.0,0.0,1.0,0.0,12.331387247601905
0.43665691192750405,-1.2262053606959702,0.9290528739420014,0.5074373415174769,0.0,0.0,1.0,0.0,12.199556461239876
0.19385176528325576,-1.2262053606959702,0.9290528739420014,0.2688399878093229,0.0,0.0,1.0,0.0,12.306827069415759
1.3182577578879082,-1.231193923461725,0.9290528739420014,0.5074373415174769,0.0,0.0,1.0,0.0,12.24769911637256
-0.033362790173751995,-1.231193923461725,0.9290528739420014,0.5074373415174769,0.0,0.0,1.0,0.0,12.226860081860359
-0.30897095921531686,-1.231193923461725,0.9290528739420014,0.2688399878093229,0.0,0.0,1.0,0.0,12.171486376730597
0.00870041557974424,-1.2262053606959702,0.9290528739420014,0.5074373415174769,0.0,0.0,1.0,0.0,12.252483791602627
-0.07851272371264162,-1.2262053606959702,0.924372918902703,0.5869697927535281,0.0,0.0,1.0,0.0,12.013100572810686
0.07127205000907451,-1.2262053606959702,0.924372918902703,0.6665022439895795,0.0,0.0,1.0,0.0,11.991647230585656
0.15466601763478705,-1.231193923461725,0.924372918902703,0.5869697927535281,0.0,0.0,1.0,0.0,12.138869243416009
0.21420324169881544,-1.231193923461725,0.9290528739420014,0.5074373415174769,0.0,0.0,1.0,0.0,12.15688765342645
-0.12057592946613785,-1.2511481745247306,0.9337328289813032,0.6665022439895795,0.0,0.0,1.0,0.0,11.961456448214491
-0.6219337662021506,-1.2511481745247306,0.9290528739420014,-0.9241467807314468,0.0,0.0,1.0,0.0,11.965916446305247
0.3740852774981743,-1.2461596117589757,0.9337328289813032,-0.3674196220790877,0.0,0.0,1.0,0.0,12.087294740154986
-0.007204080128045483,-1.241171048993228,0.9337328289813032,-1.3218090369117035,0.0,0.0,1.0,0.0,12.249615734512616
-0.5122764536905485,-1.2361824862274728,0.924372918902703,-1.0036792319674983,0.0,0.0,1.0,0.0,12.007017865994577
0.08178785144744868,-1.2511481745247306,0.9337328289813032,0.42790489028142553,0.0,0.0,1.0,0.0,12.011886987792716
0.7785512522248895,-1.2561367372904857,0.9337328289813032,0.5869697927535281,0.0,0.0,1.0,0.0,12.036475785297062
-0.0435123696714862,-1.2511481745247306,0.924372918902703,-0.20835471960698504,0.0,0.0,1.0,0.0,12.225389860915405
0.4025982714479945,-1.2062511096329573,0.924372918902703,-1.5604063906198575,0.0,0.0,0.0,0.0,12.28765724080691
-0.09535893298207666,-1.221216797930215,0.9196929638634047,0.5869697927535281,0.0,0.0,1.0,0.0,11.980432229642377
-0.6405064503346022,-1.221216797930215,0.9196929638634047,0.18930753657327157,0.0,0.0,1.0,0.0,11.98168457011701
-0.19685472795941827,-1.221216797930215,0.9196929638634047,0.2688399878093229,0.0,0.0,1.0,0.0,11.946660519211651
-0.3336124640783724,-1.221216797930215,0.9196929638634047,0.2688399878093229,0.0,0.0,1.0,0.0,11.915727028992151
0.6386544709004509,-1.2262053606959702,0.924372918902703,0.3483724390453742,0.0,0.0,1.0,0.0,12.147388951394372
0.26746237535187406,-1.231193923461725,0.9196929638634047,-0.9241467807314468,0.0,0.0,1.0,0.0,12.38212878217386
0.3917162480689803,-1.241171048993228,0.9196929638634047,-0.5264845245511903,0.0,0.0,1.0,0.0,12.368620824600177
0.6091474459688938,-1.2511481745247306,0.924372918902703,-1.7990037443280114,0.0,0.0,1.0,0.0,12.473810905719647
1.0432773978874403,-1.241171048993228,0.9196929638634047,-0.9241467807314468,0.0,0.0,1.0,0.0,12.364788602887499
0.7566825706266791,-1.241171048993228,0.9196929638634047,-0.8446143294953956,0.0,0.0,1.0,0.0,12.35320302633692
0.18767830971246896,-1.2511481745247306,0.9150130088241063,-1.0036792319674983,0.0,0.0,1.0,0.0,11.959538914341756
0.8608988714487739,-1.2511481745247306,0.9103330537848046,-1.0832116832035494,0.0,0.0,1.0,0.0,12.446667041257989
1.3787366955135816,-1.2461596117589757,0.9103330537848046,-1.0036792319674983,0.0,0.0,1.0,0.0,12.406156350565329
1.1456625890063359,-1.2461596117589757,0.9103330537848046,-1.0036792319674983,0.0,0.0,1.0,0.0,12.417147664184915
1.1149522634126763,-1.2511481745247306,0.9103330537848046,-1.0036792319674983,0.0,0.0,1.0,0.0,12.373707715234994
0.3896758686854153,-1.2461596117589757,0.9150130088241063,-1.0832116832035494,0.0,0.0,1.0,0.0,11.927687224983487
0.7056207686174594,-1.2461596117589757,0.9103330537848046,-1.0036792319674983,0.0,0.0,1.0,0.0,12.272333120753473
-0.06804923969435896,-1.2361824862274728,0.9150130088241063,-1.0832116832035494,0.0,0.0,1.0,0.0,12.26670197321789
0.36404033284062265,-1.2262053606959702,0.9196929638634047,-0.3674196220790877,0.0,0.0,1.0,0.0,12.277001641517879
-0.09624832912363071,-1.221216797930215,0.9150130088241063,-0.8446143294953956,0.0,0.0,1.0,0.0,12.269990661694345
0.419758385237978,-1.2262053606959702,0.9150130088241063,-1.0036792319674983,0.0,0.0,1.0,0.0,12.45293662970407
-0.5238386035307508,-1.2162282351644673,0.9150130088241063,-2.1171335492722165,0.0,0.0,1.0,0.0,12.377927112974284
-0.26920971994584275,-1.221216797930215,0.9103330537848046,-1.0832116832035494,0.0,0.0,1.0,0.0,12.090106084085123
0.9844203002846007,-1.2162282351644673,0.9103330537848046,-0.9241467807314468,0.0,0.0,1.0,0.0,12.35363452394233
-0.4738231499233597,-1.2561367372904857,0.9196929638634047,0.5869697927535281,0.0,0.0,1.0,0.0,11.904298410001253
0.013565935648245712,-1.2511481745247306,0.9196929638634047,-1.4808739393838062,0.0,0.0,1.0,0.0,12.16369214550422
0.3862752363794735,-1.1962739841014547,0.9056530987455061,-0.6060169757872417,0.0,0.0,0.0,0.0,12.419573858556635
0.9641734587092236,-1.1912854213356996,0.9103330537848046,-1.0832116832035494,0.0,0.0,0.0,0.0,12.554970929480584
-0.10100921435194937,-1.2012625468672096,0.9103330537848046,-0.6855494270232929,0.0,0.0,0.0,0.0,12.287196307223885
1.2195347861754116,-1.2062511096329573,0.9103330537848046,0.18930753657327157,0.0,0.0,0.0,0.0,12.551437369385376
1.014345864576889,-1.2112396723987124,0.9103330537848046,-1.7990037443280114,0.0,0.0,0.0,0.0,12.596765851000393
1.0232921434125206,-1.2162282351644673,0.9056530987455061,-1.1627441344396008,0.0,0.0,1.0,0.0,12.54895642705646
0.9163030193255804,-1.231193923461725,0.9103330537848046,-1.1627441344396008,0.0,0.0,1.0,0.0,12.505439929198145
0.7385284258549583,-1.231193923461725,0.9056530987455061,-1.3218090369117035,0.0,0.0,1.0,0.0,12.351042741030522
1.404843088139197,-1.2461596117589757,0.9056530987455061,-1.6399388418559087,0.0,0.0,1.0,0.0,12.670752754955478
0.9414676983895501,-1.241171048993228,0.9103330537848046,-1.0832116832035494,0.0,0.0,1.0,0.0,12.442728493191302
1.1658571131616215,-1.2361824862274728,0.9056530987455061,-1.71947129309196,0.0,0.0,1.0,0.0,12.536099153001324
-0.15950009001414917,-1.176319733038449,0.8682134584311124,-1.8785361955640627,0.0,0.0,0.0,0.0,12.611541086966115
1.1541903284812363,-1.2461596117589757,0.882253323549011,-2.0376010980361654,0.0,0.0,1.0,0.0,12.519060557144618
0.25276118030618683,-1.221216797930215,0.9009731437062078,-0.446952073315139,0.0,0.0,1.0,0.0,12.316723641882957
0.8880516124762172,-1.221216797930215,0.9009731437062078,0.5074373415174769,0.0,0.0,1.0,0.0,12.276069679344003
0.5336010913568932,-1.2262053606959702,0.9009731437062078,0.18930753657327157,0.0,0.0,1.0,0.0,12.302296044586472
0.4298033298955291,-1.2262053606959702,0.9009731437062078,-0.3674196220790877,0.0,0.0,1.0,0.0,12.389647583180738
0.2875522646669768,-1.2162282351644673,0.9009731437062078,-1.7990037443280114,0.0,0.0,1.0,0.0,11.970356641102999
0.3622615405575145,-1.221216797930215,0.8962931886669061,0.3483724390453742,0.0,0.0,1.0,0.0,12.085039960478051
-0.03053764948881576,-1.2162282351644673,0.9009731437062078,-0.3674196220790877,0.0,0.0,1.0,0.0,12.283501169971546
0.24224537886781264,-1.2062511096329573,0.9009731437062078,-0.6855494270232929,0.0,0.0,0.0,0.0,12.351042741030522
0.1372966341644379,-1.1912854213356996,0.8962931886669061,-1.958068646800114,0.0,0.0,0.0,0.0,11.998439434579149
0.485992239073707,-1.1962739841014547,0.9009731437062078,-1.2422765856756521,0.0,0.0,0.0,0.0,12.445093483000798
0.3968956726580302,-1.1962739841014547,0.8916132336276077,0.18930753657327157,0.0,0.0,0.0,0.0,12.18689492294037
-0.37054856266291003,-1.1962739841014547,0.8962931886669061,-0.9241467807314468,0.0,0.0,0.0,0.0,12.151621739551222
-0.3890689293752704,-1.2012625468672096,0.8916132336276077,-0.9241467807314468,0.0,0.0,0.0,0.0,12.30501712236033
-0.506887759421133,-1.2062511096329573,0.8962931886669061,-1.0036792319674983,0.0,0.0,0.0,0.0,12.272800954830618
1.4499930216780867,-1.1862968585699518,0.8962931886669061,-0.6060169757872417,0.0,0.0,0.0,0.0,12.717101248694453
1.4401573467009008,-1.176319733038449,0.8916132336276077,-0.28788717084303633,0.0,0.0,0.0,0.0,12.772525010724586
1.2250804327051015,-1.181308295804197,0.8916132336276077,-0.12882226837093372,0.0,0.0,0.0,0.0,12.629053454184358
0.9860421403074344,-1.181308295804197,0.8869332785883093,0.3483724390453742,0.0,0.0,0.0,0.0,12.466901115884776
0.41217235932472307,-1.1862968585699518,0.8916132336276077,0.03024263410116893,0.0,0.0,0.0,0.0,12.424810506025395
1.5086408496005608,-1.181308295804197,0.8916132336276077,0.18930753657327157,0.0,0.0,0.0,0.0,12.782688818818986
0.2193303488677736,-1.1912854213356996,0.8869332785883093,-0.446952073315139,0.0,0.0,0.0,0.0,12.295917919903431
0.5677643666765858,-1.1912854213356996,0.8869332785883093,-0.04928981713488239,0.0,0.0,0.0,0.0,12.337105293891872
-0.6573526596040372,-1.1912854213356996,0.8869332785883093,-0.8446143294953956,0.0,0.0,0.0,0.0,12.371167504471138
0.4380171648498809,-1.1962739841014547,0.8916132336276077,-0.04928981713488239,0.0,0.0,0.0,0.0,12.221950915934197
0.4571130231832468,-1.1962739841014547,0.8869332785883093,0.5074373415174769,0.0,0.0,0.0,0.0,12.190964083849375
0.8128191623847651,-1.1962739841014547,0.8869332785883093,-0.20835471960698504,0.0,0.0,0.0,0.0,12.373284794623576
0.3786368930461268,-1.2012625468672096,0.8869332785883093,-0.04928981713488239,0.0,0.0,0.0,0.0,12.315827989765994
0.16659438941562935,-1.2012625468672096,0.8869332785883093,-0.20835471960698504,0.0,0.0,0.0,0.0,12.313585343581135
0.790898163366463,-1.2062511096329573,0.8916132336276077,-0.20835471960698504,0.0,0.0,0.0,0.0,12.323860125621126
0.03564388692682198,-1.2062511096329573,0.8916132336276077,-0.8446143294953956,0.0,0.0,0.0,0.0,12.38881494713195
0.7596646635718892,-1.2062511096329573,0.8916132336276077,-0.04928981713488239,0.0,0.0,0.0,0.0,12.336666603113574
0.5043556535257929,-1.2062511096329573,0.8962931886669061,-0.04928981713488239,0.0,0.0,0.0,0.0,12.500982286072535
0.6724515242795036,-1.2112396723987124,0.8916132336276077,0.03024263410116893,0.0,0.0,0.0,0.0,12.524893581947863
0.5443261624756325,-1.2162282351644673,0.8962931886669061,0.42790489028142553,0.0,0.0,1.0,0.0,12.454107814022272
0.14796938786308597,-1.2112396723987124,0.8962931886669061,-0.12882226837093372,0.0,0.0,0.0,0.0,12.714097350382492
0.5879065734117799,-1.2162282351644673,0.8916132336276077,0.2688399878093229,0.0,0.0,1.0,0.0,12.569329381874445
1.0234490956727946,-1.2112396723987124,0.8916132336276077,-0.20835471960698504,0.0,0.0,0.0,0.0,12.607867693866968
0.957110606996883,-1.2162282351644673,0.8869332785883093,-0.12882226837093372,0.0,0.0,1.0,0.0,12.569329381874445
0.6100368421104476,-1.2062511096329573,0.8869332785883093,-0.28788717084303633,0.0,0.0,0.0,0.0,12.311337656627584
0.3429040951236917,-1.1962739841014547,0.882253323549011,-0.20835471960698504,0.0,0.0,0.0,0.0,12.357079818283598
0.8159582075902501,-1.1962739841014547,0.8775733685097092,-0.28788717084303633,0.0,0.0,0.0,0.0,12.461880850543723
0.6310161275671042,-1.1962739841014547,0.882253323549011,-0.446952073315139,0.0,0.0,0.0,0.0,12.349744326212377
0.7086551789827616,-1.1862968585699518,0.882253323549011,0.3483724390453742,0.0,0.0,0.0,0.0,12.190456343334482
0.27960001681308194,-1.1912854213356996,0.8775733685097092,-0.5264845245511903,0.0,0.0,0.0,0.0,12.317171167298682
0.713259111950806,-1.1912854213356996,0.882253323549011,-0.20835471960698504,0.0,0.0,0.0,0.0,12.318959268856462
0.45596203994123563,-1.176319733038449,0.8869332785883093,-0.12882226837093372,0.0,0.0,0.0,0.0,12.40287632827253
2.3690531404239423,-1.171331170272694,0.8869332785883093,-1.71947129309196,0.0,0.0,0.0,0.0,13.0194465401974
3.0569748972059347,-1.1563654819754363,0.8682134584311124,-1.5604063906198575,0.0,0.0,0.0,0.0,13.122367377396328
0.6738640946219717,-1.171331170272694,0.8682134584311124,-1.4808739393838062,0.0,0.0,0.0,0.0,12.1709686470671
0.7873928962203386,-1.171331170272694,0.8635335033918108,-0.446952073315139,0.0,0.0,0.0,0.0,12.485222169100776
1.1570154691661725,-1.171331170272694,0.8588535483525124,-0.20835471960698504,0.0,0.0,0.0,0.0,12.41674272554783
1.5651959807193787,-1.166342607506939,0.8588535483525124,-1.2422765856756521,0.0,0.0,0.0,0.0,12.72873098576518
1.6300695816327309,-1.2262053606959702,0.8962931886669061,-0.5264845245511903,0.0,0.0,1.0,0.0,12.559545969749749
0.5417626088911536,-1.2262053606959702,0.8962931886669061,-0.20835471960698504,0.0,0.0,1.0,0.0,12.289038768166744
0.292679371835935,-1.231193923461725,0.8962931886669061,-0.446952073315139,0.0,0.0,1.0,0.0,12.583484584029573
0.5598644362427821,-1.231193923461725,0.8916132336276077,-0.20835471960698504,0.0,0.0,1.0,0.0,12.318512543125225
0.7386853781152326,-1.2361824862274728,0.8916132336276077,-0.28788717084303633,0.0,0.0,1.0,0.0,12.315379862705514
0.6570178853525368,-1.2361824862274728,0.8962931886669061,-0.446952073315139,0.0,0.0,1.0,0.0,12.261038936200617
0.047310671607207117,-1.231193923461725,0.8869332785883093,-0.28788717084303633,0.0,0.0,1.0,0.0,12.294545870166347
-0.36971148394144754,-1.231193923461725,0.8728934134704108,-0.9241467807314468,0.0,0.0,1.0,0.0,11.959538914341756
0.6317485714483841,-1.241171048993228,0.8916132336276077,-0.6855494270232929,0.0,0.0,1.0,0.0,12.42199418075339
0.4944676611285157,-1.2262053606959702,0.8916132336276077,0.5074373415174769,0.0,0.0,1.0,0.0,12.133507329024972
-0.07317634686331735,-1.231193923461725,0.8869332785883093,0.42790489028142553,0.0,0.0,1.0,0.0,12.15688765342645
-0.17854363092742356,-1.221216797930215,0.8916132336276077,0.18930753657327157,0.0,0.0,1.0,0.0,12.25629511679123
0.6265691468593343,-1.2262053606959702,0.8916132336276077,-1.0036792319674983,0.0,0.0,1.0,0.0,12.245298166364206
-0.3245092329824666,-1.2262053606959702,0.8869332785883093,-0.8446143294953956,0.0,0.0,1.0,0.0,12.118884889350285
1.1459764935268846,-1.2162282351644673,0.8869332785883093,-0.7650818782593443,0.0,0.0,1.0,0.0,12.411870628505058
0.9578953682982542,-1.221216797930215,0.8869332785883093,-0.6060169757872417,0.0,0.0,1.0,0.0,12.397523238911763
0.5809483565396218,-1.2112396723987124,0.8775733685097092,-1.71947129309196,0.0,0.0,0.0,0.0,12.110117757946444
0.6630867060831406,-1.171331170272694,0.9758524243349953,-1.958068646800114,0.0,0.0,0.0,0.0,12.609539090975447
0.7694480211289839,-1.171331170272694,0.9758524243349953,-0.5264845245511903,0.0,0.0,0.0,0.0,12.299112067295642
0.9663184729329716,-1.166342607506939,0.9711724692956969,-0.28788717084303633,0.0,0.0,0.0,0.0,12.35363452394233
0.3104672946670154,-1.176319733038449,0.9758524243349953,-0.20835471960698504,0.0,0.0,0.0,0.0,12.307279044781756
0.1840684077261615,-1.176319733038449,0.9711724692956969,-0.20835471960698504,0.0,0.0,0.0,0.0,12.235636302128867
0.5953879644848521,-1.181308295804197,0.9711724692956969,-1.0832116832035494,0.0,0.0,0.0,0.0,12.510246724155719
1.7647346209480284,-1.1912854213356996,0.9711724692956969,-1.7990037443280114,0.0,0.0,0.0,0.0,12.726356399830706
0.6614648660603069,-1.171331170272694,0.9384127840206016,1.3822943051140413,1.0,0.0,0.0,0.0,12.662234036516644
2.332012406999222,-1.176319733038449,0.9477726940991983,-0.3674196220790877,0.0,0.0,0.0,0.0,13.122367377396328
1.7995780227289095,-1.171331170272694,0.9618125592170969,-1.2422765856756521,0.0,0.0,0.0,0.0,12.561650487872974
1.3723539702624292,-1.1613540447411912,0.9477726940991983,-0.8446143294953956,1.0,0.0,0.0,0.0,12.685410698175234
1.7499287910621586,-1.171331170272694,0.9571326041777984,-0.446952073315139,0.0,0.0,0.0,0.0,12.584169982667103
0.27855366841125334,-1.176319733038449,0.9664925142563985,-2.0376010980361654,0.0,0.0,0.0,0.0,12.32652323122033
1.0768128641660362,-1.166342607506939,0.9618125592170969,-0.446952073315139,0.0,0.0,0.0,0.0,12.466901115884776
1.203682607887713,-1.166342607506939,0.9571326041777984,-0.6855494270232929,0.0,0.0,0.0,0.0,12.479532814438391
1.015339895558626,-1.166342607506939,0.9571326041777984,-0.8446143294953956,0.0,0.0,0.0,0.0,12.45800188477608
1.2749389340522181,-1.166342607506939,0.9618125592170969,-0.8446143294953956,0.0,0.0,0.0,0.0,12.465359101477507
1.2875474322942486,-1.1563654819754363,0.9571326041777984,-1.3218090369117035,0.0,0.0,0.0,0.0,12.73582109791826
1.2637430061526558,-1.1563654819754363,0.9571326041777984,-0.5264845245511903,0.0,0.0,0.0,0.0,12.719198621456203
1.3838638026825403,-1.1513769192096812,0.9524526491385,-1.0036792319674983,1.0,0.0,0.0,0.0,12.649157827477366
1.3477647828194652,-1.1513769192096812,0.9524526491385,-0.28788717084303633,1.0,0.0,0.0,0.0,12.601154028883599
1.3875783395090309,-1.1563654819754363,0.9524526491385,-0.7650818782593443,1.0,0.0,0.0,0.0,12.612873527761383
1.772320646861283,-1.1613540447411912,0.9524526491385,-1.0832116832035494,0.0,0.0,0.0,0.0,12.714097350382492
1.8619927048979656,-1.1613540447411912,0.9524526491385,-1.71947129309196,0.0,0.0,0.0,0.0,12.87339163147047
-0.7254699405630574,-1.1463883564439334,0.9477726940991983,0.8255671464616822,1.0,0.0,0.0,0.0,12.38212878217386
0.6233254668136667,-1.1463883564439334,0.9477726940991983,1.8594890125303492,1.0,0.0,0.0,0.0,12.360084744326953
-0.9195152516821089,-1.1563654819754363,0.9477726940991983,-2.0376010980361654,1.0,0.0,0.0,0.0,12.351475171599722
3.701106973371414,-1.1513769192096812,0.9384127840206016,-0.6855494270232929,1.0,0.0,0.0,0.0,13.072754978572199
1.6704063125232103,-1.1463883564439334,0.9056530987455061,-1.2422765856756521,0.0,0.0,0.0,0.0,12.88207621048691
0.8494936738688459,-1.1463883564439334,0.9524526491385,-1.4808739393838062,1.0,0.0,0.0,0.0,12.417957049864935
0.5815761655807187,-1.1463883564439334,0.9524526491385,-0.04928981713488239,1.0,0.0,0.0,0.0,12.343226842865814
1.5365260345092842,-1.1364112309124235,0.9571326041777984,-1.958068646800114,1.0,0.0,0.0,0.0,12.551437369385376
0.9226857445767329,-1.1364112309124235,0.9477726940991983,-1.1627441344396008,1.0,0.0,0.0,0.0,12.613539082975452
0.14828329238363464,-1.1413997936781786,0.9477726940991983,-0.5264845245511903,1.0,0.0,0.0,0.0,12.588613659630019
0.9812812550791158,-1.1463883564439334,0.9477726940991983,-0.12882226837093372,1.0,0.0,0.0,0.0,12.537176929007302
0.9236274581383784,-1.1314226681466757,0.9477726940991983,-1.2422765856756521,1.0,0.0,0.0,0.0,12.773942843323274
3.3713502745352364,-1.1364112309124235,0.9758524243349953,1.1436969514058875,1.0,0.0,0.0,0.0,12.899222326086994
0.2463784550550344,-1.1214455426151657,0.9805323793742937,1.4618267563500926,1.0,0.0,0.0,0.0,12.834683971615659
1.4682518012899897,-1.1413997936781786,0.9664925142563985,-1.2422765856756521,1.0,0.0,0.0,0.0,12.656195581932694
-0.13407382384972236,-1.1563654819754363,0.9618125592170969,-1.958068646800114,0.0,0.0,0.0,0.0,11.844392338493027
1.8219698785280343,-1.0965027287864053,0.9430927390599,-1.0036792319674983,1.0,0.0,0.0,0.0,12.699246387487896
0.9666323774535203,-1.0216742873001234,0.924372918902703,-0.20835471960698504,1.0,0.0,0.0,0.0,12.972937186250622
0.17370955854806167,-1.0166857245343686,0.9992521995314939,0.2688399878093229,1.0,0.0,0.0,0.0,11.736077016252437
0.05761720336521566,-1.0765484777233996,0.9711724692956969,-1.3218090369117035,1.0,0.0,0.0,0.0,12.207077140855777
0.5159178033659952,-1.0865256032549024,0.9711724692956969,-1.4013414881477548,1.0,0.0,0.0,0.0,12.167337014705433
2.7607013472282618,-1.0965027287864053,0.9852123344135953,-0.28788717084303633,1.0,0.0,0.0,0.0,12.945151145750263
0.4498409017905406,-1.111468417083663,0.9664925142563985,-0.5264845245511903,1.0,0.0,0.0,0.0,12.286735161083115
0.8141270978870507,-1.111468417083663,0.9618125592170969,-0.9241467807314468,1.0,0.0,0.0,0.0,12.280720828886404
0.5552081858546466,-1.1214455426151657,0.9618125592170969,-1.3218090369117035,1.0,0.0,0.0,0.0,12.33578864378571
-0.2574906178453661,-1.0915141660206573,0.9618125592170969,0.03024263410116893,1.0,0.0,0.0,0.0,12.124868013083418
-0.1690218604707865,-1.0965027287864053,0.9571326041777984,0.5869697927535281,1.0,0.0,0.0,0.0,11.972885071473847
-0.26915740252575127,-1.1014912915521602,0.9618125592170969,0.42790489028142553,1.0,0.0,0.0,0.0,12.0702586497481
0.2495698176806106,-1.1014912915521602,0.9618125592170969,0.5074373415174769,1.0,0.0,0.0,0.0,12.034103319015012
0.34499679192734845,-1.106479854317915,0.9618125592170969,-0.28788717084303633,1.0,0.0,0.0,0.0,12.14632794896594
0.9576860986178886,-1.0915141660206573,0.9664925142563985,-1.5604063906198575,1.0,0.0,0.0,0.0,12.455667262449618
-0.08112859471721222,-1.0865256032549024,0.9618125592170969,-0.20835471960698504,1.0,0.0,0.0,0.0,12.121608929585332
0.7157180306951023,-1.0865256032549024,0.9571326041777984,0.5074373415174769,1.0,0.0,0.0,0.0,12.11943029135234
0.18825380133347458,-1.0915141660206573,0.9571326041777984,0.5074373415174769,1.0,0.0,0.0,0.0,12.086731521684555
-0.3613406967268214,-1.0915141660206573,0.9571326041777984,0.2688399878093229,1.0,0.0,0.0,0.0,12.138334343884129
0.8231256941427737,-1.0765484777233996,0.9571326041777984,-0.9241467807314468,1.0,0.0,0.0,0.0,12.38380451915696
-0.44682736115619043,-1.1014912915521602,0.9571326041777984,-0.9241467807314468,1.0,0.0,0.0,0.0,12.058158312538197
-0.6328157895811645,-1.0965027287864053,0.9571326041777984,1.2232294026419388,1.0,0.0,0.0,0.0,12.09626335986454
0.4208047336398061,-1.0965027287864053,0.9571326041777984,0.9846320489337848,1.0,0.0,0.0,0.0,12.252006352956359
0.7264954192339333,-1.1014912915521602,0.9524526491385,-0.20835471960698504,1.0,0.0,0.0,0.0,12.20507715018907
1.1527777581387681,-1.106479854317915,0.9524526491385,-0.20835471960698504,1.0,0.0,0.0,0.0,12.259618151783465
0.5131449801011504,-1.1014912915521602,0.9524526491385,-0.04928981713488239,1.0,0.0,0.0,0.0,12.211562548398803
-0.012540456977369507,-1.1014912915521602,0.9477726940991983,-0.28788717084303633,1.0,0.0,0.0,0.0,12.170450649220749
-0.7461876389192569,-0.10377873840168042,1.4298080631470285,-0.9241467807314468,1.0,0.0,0.0,0.0,11.67505281781187
-0.8551648249696707,-0.17860717988796923,1.443847928264927,-1.0832116832035494,1.0,0.0,0.0,0.0,11.49171204297103
-0.37996569827936455,-0.21352711924823262,1.3502488274789426,-1.0036792319674983,1.0,0.0,0.0,0.0,11.853681370708943
-0.21731083921516078,-0.4928866341303681,1.3315290073217425,-1.1627441344396008,1.0,0.0,0.0,0.0,11.70272730786727
-0.35218514821082403,-0.48789807136461316,1.3221690972431457,-1.0036792319674983,1.0,0.0,0.0,0.0,11.769124610238766
-0.7959415054261908,-0.48789807136461316,1.3081292321252473,-0.8446143294953956,1.0,0.0,0.0,0.0,11.598194491615347
-0.45190215090505753,-0.3382411883920426,1.3642886925968378,-1.0832116832035494,1.0,0.0,0.0,0.0,11.623580937568695
-0.3930450533022178,-0.612612140508423,1.345568872439641,-0.446952073315139,1.0,0.0,0.0,0.0,11.476271853988816
-0.6415527987364306,-0.5377836990221414,1.3408889174003427,-1.4808739393838062,1.0,0.0,0.0,0.0,11.667370387218226
-0.19685472795941827,-0.5926578894454175,1.326849052282444,-0.9241467807314468,1.0,0.0,0.0,0.0,11.726430716744437
-0.6951258369100376,-0.6525206426344414,1.3174891422038473,-0.28788717084303633,1.0,0.0,0.0,0.0,11.49171204297103
0.018012916356015693,-0.6076235777426753,1.3081292321252473,0.9050995976977334,1.0,0.0,0.0,0.0,11.773757787382696
0.2173422869042999,-0.557737950085147,1.3128091871645455,-1.2422765856756521,1.0,0.0,0.0,0.0,11.706030338921243
-0.2809288220463192,-0.6774634564632092,1.3408889174003427,-1.0832116832035494,1.0,0.0,0.0,0.0,11.582460855933538
0.22320183795453846,-0.6974177075262147,1.303449277085949,-1.0036792319674983,1.0,0.0,0.0,0.0,11.710964518881163
-0.556536991087884,-0.6475320798686935,1.2800495018894502,-0.04928981713488239,1.0,0.0,0.0,0.0,11.638685488579059
-0.17027747855298025,-0.7024062702919697,1.2660096367715552,-0.12882226837093372,1.0,0.0,0.0,0.0,11.503894811084523
-0.32299202779981545,-0.6525206426344414,1.256649726692955,-0.8446143294953956,1.0,0.0,0.0,0.0,11.542493975902508
-0.3047855656080038,-0.6774634564632092,1.2285699964571581,-1.2422765856756521,1.0,0.0,0.0,0.0,11.645715332733134
-0.43411422807397715,-0.5727036383824048,1.303449277085949,-0.9241467807314468,1.0,0.0,0.0,0.0,11.878269721588795
-0.8181240915449501,-0.5976464522111653,1.284729456928752,-1.0832116832035494,1.0,0.0,0.0,0.0,11.76446986680519
-0.7069495738506971,-0.5727036383824048,1.284729456928752,-1.5604063906198575,1.0,0.0,0.0,0.0,11.965280520280166
-0.36688634325651126,-0.5427722617878893,1.2940893670073488,-0.8446143294953956,1.0,0.0,0.0,0.0,11.682676678340282
-0.6636307500150068,-0.5377836990221414,1.303449277085949,-0.446952073315139,1.0,0.0,0.0,0.0,11.667370387218226
-0.59451943807425,-0.5228180107248837,1.2894094119680504,-1.0832116832035494,1.0,0.0,0.0,0.0,11.811554895830454
-0.6030471775491505,-0.557737950085147,1.2753695468501518,-0.7650818782593443,1.0,0.0,0.0,0.0,11.60733523953139
0.30178260293184106,-0.5677150756166498,1.2660096367715552,-1.0036792319674983,1.0,0.0,0.0,0.0,11.87965667474488
-0.3467441365213172,-0.612612140508423,1.2519697716536566,0.6665022439895795,1.0,0.0,0.0,0.0,11.724813914587886
-0.3986953346720905,-1.1264341053809208,1.9305632523520557,-1.3218090369117035,1.0,0.0,0.0,0.0,11.631605875642963
-0.45488424385026816,-1.1214455426151657,1.9305632523520557,-0.446952073315139,1.0,0.0,0.0,0.0,11.583393248239855
-1.014994543348938,-1.1364112309124235,1.9352432073913575,-0.9241467807314468,1.0,0.0,0.0,0.0,11.40646434386837
-0.8165545689422077,-1.1314226681466757,1.9305632523520557,-1.1627441344396008,1.0,0.0,0.0,0.0,11.535674727063007
-0.9766981918420236,-1.1413997936781786,1.9305632523520557,-0.7650818782593443,1.0,0.0,0.0,0.0,11.377117196515812
-1.1498165349245097,-1.1513769192096812,1.921203342273459,-1.3218090369117035,1.0,0.0,0.0,0.0,11.938853113303086
-0.11183892031087175,-1.1463883564439334,1.9258832973127573,-0.5264845245511903,1.0,0.0,0.0,0.0,11.748795687555171
-0.1944481266352133,-1.1413997936781786,1.9258832973127573,-0.8446143294953956,1.0,0.0,0.0,0.0,11.680987503016127
0.012414952406234516,-1.1463883564439334,1.921203342273459,-1.71947129309196,1.0,0.0,0.0,0.0,11.898194668458823
-1.0812807146047583,-1.1364112309124235,1.9258832973127573,0.8255671464616822,1.0,0.0,0.0,0.0,11.265758139843117
-0.8334007782116427,-1.1364112309124235,1.921203342273459,0.8255671464616822,1.0,0.0,0.0,0.0,11.359785940419789
-1.2100862028698178,-1.1364112309124235,1.921203342273459,0.9846320489337848,1.0,0.0,0.0,0.0,11.344518647594766
-0.23917952081337165,-1.1364112309124235,1.9165233872341572,1.8594890125303492,1.0,0.0,0.0,0.0,11.83138646878959
-1.5365469042402364,-1.1364112309124235,1.9165233872341572,-0.9241467807314468,1.0,0.0,0.0,0.0,11.395278670032656
-1.1237101422988947,-1.1314226681466757,1.9258832973127573,0.03024263410116893,1.0,0.0,0.0,0.0,11.218567827096358
-0.8444920712710222,-1.1314226681466757,1.921203342273459,1.1436969514058875,1.0,0.0,0.0,0.0,11.35159406537374
-0.6807908638049903,-1.1264341053809208,1.921203342273459,0.42790489028142553,1.0,0.0,0.0,0.0,11.77760243768057
0.23785071558013393,-1.111468417083663,1.9258832973127573,-0.04928981713488239,1.0,0.0,0.0,0.0,11.737675724836684
-0.4452055211333567,-1.1214455426151657,1.9258832973127573,0.03024263410116893,1.0,0.0,0.0,0.0,11.620891583095712
-0.35296990951219526,-1.1214455426151657,1.9258832973127573,0.6665022439895795,1.0,0.0,0.0,0.0,11.48247656671073
-0.39958473081364454,-1.111468417083663,1.9258832973127573,-1.4013414881477548,1.0,0.0,0.0,0.0,11.716690459057835
-0.42574344085935106,-1.106479854317915,1.9165233872341572,-1.6399388418559087,1.0,0.0,0.0,0.0,11.663936936922068
-0.9162192542163499,-1.1014912915521602,1.9071634771555603,-1.6399388418559087,1.0,0.0,0.0,0.0,12.09626335986454
-0.8285875755632327,-1.1214455426151657,1.9165233872341572,1.2232294026419388,1.0,0.0,0.0,0.0,11.359785940419789
-1.1491887258834128,-1.1314226681466757,1.9165233872341572,1.8594890125303492,1.0,0.0,0.0,0.0,11.459535236710686
-1.2180384507237125,-1.1314226681466757,1.9165233872341572,1.8594890125303492,1.0,0.0,0.0,0.0,12.206077645517674
-1.511591494856632,-1.1314226681466757,1.9165233872341572,1.8594890125303492,1.0,0.0,0.0,0.0,11.630717389475995
-1.5274959905644219,-1.1314226681466757,1.9118434321948587,1.8594890125303492,1.0,0.0,0.0,0.0,11.141876276228
-1.312680663669079,-1.1314226681466757,1.9165233872341572,1.8594890125303492,1.0,0.0,0.0,0.0,10.915106645867503
-0.9782677144447658,-1.1264341053809208,1.9165233872341572,1.8594890125303492,1.0,0.0,0.0,0.0,11.263194068746921
-1.1432245399929917,-1.1364112309124235,1.9118434321948587,-0.8446143294953956,1.0,0.0,0.0,0.0,11.500863005142227
-1.1476192032806705,-1.1264341053809208,1.9118434321948587,1.8594890125303492,1.0,0.0,0.0,0.0,11.273411140805074
-1.1980531962487928,-1.116456979849418,1.9024835221162621,-0.6060169757872417,1.0,0.0,0.0,0.0,11.305913595583258
-1.116281068645914,-1.1214455426151657,1.9165233872341572,0.3483724390453742,1.0,0.0,0.0,0.0,11.007103966325696
-1.239854814901832,-1.1214455426151657,1.9118434321948587,1.064164500169836,1.0,0.0,0.0,0.0,11.101960259016467
-0.9665486123442893,-1.116456979849418,1.9071634771555603,-0.8446143294953956,1.0,0.0,0.0,0.0,11.667370387218226
0.32799363039763885,-1.1463883564439334,1.9586429825878526,-1.4013414881477548,1.0,0.0,0.0,0.0,11.981058595924264
-0.09185366583595202,-1.1563654819754363,1.9071634771555603,-0.20835471960698504,1.0,0.0,0.0,0.0,11.843674210764698
-0.1584014241922295,-1.1962739841014547,1.944603117469954,-1.0036792319674983,1.0,0.0,0.0,0.0,11.403121759615027
-0.17723569542513826,-1.1314226681466757,1.893123612037662,0.7460346952256308,1.0,0.0,0.0,0.0,11.938853113303086
-0.5470675380513382,-1.111468417083663,1.874403791880465,-0.28788717084303633,1.0,0.0,0.0,0.0,11.37940550085183
0.4372324035485097,-1.0965027287864053,1.8837637019590618,-0.6855494270232929,1.0,0.0,0.0,0.0,11.974146893333247
-0.7810833581202294,-1.0815370404891473,1.8510040166839699,-0.3674196220790877,1.0,0.0,0.0,0.0,11.462694763725304
-0.6079126976176518,-1.0865256032549024,1.9867227128236495,-1.0036792319674983,1.0,0.0,0.0,0.0,11.464795582766675
-0.18696673556214122,-1.051605663894639,1.9586429825878526,-1.0832116832035494,1.0,0.0,0.0,0.0,11.85864764578841
-0.770881461202404,-0.9817657851741052,2.070961903531037,-0.9241467807314468,1.0,0.0,0.0,0.0,11.119897691565697
-0.8227803419330859,-0.9668000968768474,2.028842308177342,-0.5264845245511903,1.0,0.0,0.0,0.0,11.19822841866684
-0.5287041235992522,-1.0067085990028657,1.9773628027450496,-1.1627441344396008,1.0,0.0,0.0,0.0,11.691916481667727
-0.855060190129488,-1.0017200362371108,1.963322937627151,-1.0036792319674983,1.0,0.0,0.0,0.0,11.442513730229855
-0.7442518943758747,-1.0116971617686137,1.9492830725092525,-1.4808739393838062,1.0,0.0,0.0,0.0,11.6776005682537
-0.7004622137593619,-1.0216742873001234,1.944603117469954,-1.4013414881477548,1.0,0.0,0.0,0.0,11.484536278461452
-0.7981388370700304,-1.0067085990028657,1.9586429825878526,-1.3218090369117035,1.0,0.0,0.0,0.0,11.488643018250334
-0.820530692869155,-1.0116971617686137,1.963322937627151,-1.3218090369117035,1.0,0.0,0.0,0.0,11.464795582766675
-0.6600208480286994,-1.0266628500658714,1.9586429825878526,-1.4013414881477548,1.0,0.0,0.0,0.0,11.587114148152441
-0.6849762574123034,-1.0116971617686137,1.944603117469954,-0.8446143294953956,1.0,0.0,0.0,0.0,11.541522639947903
-1.1778063546734159,-1.0067085990028657,1.944603117469954,-0.6855494270232929,1.0,0.0,0.0,0.0,11.388506711556236
-1.2930093137147076,-1.0067085990028657,1.9399231624306559,-1.0036792319674983,1.0,0.0,0.0,0.0,11.367911253546788
-0.8854566112025988,-1.0067085990028657,1.9399231624306559,-0.8446143294953956,1.0,0.0,0.0,0.0,10.968215530759236
-1.047012804444883,-1.0116971617686137,1.9352432073913575,-0.20835471960698504,1.0,0.0,0.0,0.0,11.338583982516495
-0.4777992738503071,-1.0166857245343686,1.9352432073913575,-0.28788717084303633,1.0,0.0,0.0,0.0,11.402005077384885
-0.6246542720469039,-1.0266628500658714,1.9399231624306559,-0.04928981713488239,1.0,0.0,0.0,0.0,11.444657330797734
-0.8815851221158344,-0.9967314734713558,1.9492830725092525,-0.446952073315139,1.0,0.0,0.0,0.0,11.654433707761807
-0.9576546509287492,-0.9967314734713558,1.9399231624306559,-0.8446143294953956,1.0,0.0,0.0,0.0,11.568369632551514
-0.8211061844901607,-1.0067085990028657,1.9352432073913575,-0.3674196220790877,1.0,0.0,0.0,0.0,11.485564545613576
-0.5702441551518342,-1.0017200362371108,1.944603117469954,-0.7650818782593443,1.0,0.0,0.0,0.0,11.595435894542709
-0.9354720648099899,-0.9967314734713558,1.9305632523520557,-0.6855494270232929,1.0,0.0,0.0,0.0,11.560772327227417
-0.40293304569949484,-1.0017200362371108,1.9305632523520557,-0.7650818782593443,1.0,0.0,0.0,0.0,11.610061250069942
-1.0927905470248693,-1.0017200362371108,1.9305632523520557,-0.8446143294953956,1.0,0.0,0.0,0.0,11.550230883578887
-0.8769811891477899,-1.0067085990028657,1.9258832973127573,-0.6855494270232929,1.0,0.0,0.0,0.0,11.299744620670225
-0.8035798487595373,-1.0116971617686137,1.9352432073913575,-0.446952073315139,1.0,0.0,0.0,0.0,11.377117196515812
-1.0734331015910465,-1.0116971617686137,1.9305632523520557,-0.5264845245511903,1.0,0.0,0.0,0.0,11.356283350762888
-0.6976370730744254,-1.0166857245343686,1.9305632523520557,0.18930753657327157,1.0,0.0,0.0,0.0,11.350418300109132
-1.0797111920020162,-1.0216742873001234,1.9352432073913575,-0.446952073315139,1.0,0.0,0.0,0.0,11.445727410406752
-0.4584418284164843,-1.0366399755973812,1.9305632523520557,0.18930753657327157,1.0,0.0,0.0,0.0,11.47937902264955
-0.5535548981426734,-1.0266628500658714,1.9305632523520557,-0.5264845245511903,1.0,0.0,0.0,0.0,11.605513761992055
-1.0973421625728224,-1.0216742873001234,1.9305632523520557,-1.1627441344396008,1.0,0.0,0.0,0.0,11.359785940419789
-1.4720918426876153,-1.0216742873001234,1.9258832973127573,-0.6855494270232929,1.0,0.0,0.0,0.0,11.438212694578302
-1.0540233387371325,-1.0266628500658714,1.9258832973127573,0.6665022439895795,1.0,0.0,0.0,0.0,11.163382173096926
-0.7874660833713818,-1.0316514128316263,1.921203342273459,-0.6855494270232929,1.0,0.0,0.0,0.0,11.710143844404854
-0.4239123311561517,-1.0665713521918896,1.9071634771555603,-0.9241467807314468,1.0,0.0,0.0,0.0,11.538602958260002
-0.4780608609507643,-1.0416285383631292,1.8837637019590618,-0.9241467807314468,1.0,0.0,0.0,0.0,11.524863917209606
-0.39042918229764717,-0.9917429107056079,1.8978035670769604,-1.6399388418559087,1.0,0.0,0.0,0.0,12.033509321931893
-0.7397525962480132,-0.9967314734713558,1.921203342273459,-0.9241467807314468,1.0,0.0,0.0,0.0,11.744838452135683
-0.7829144678234291,-1.0067085990028657,1.921203342273459,-0.9241467807314468,1.0,0.0,0.0,0.0,11.336200219573199
-0.993858305632007,-1.0116971617686137,1.9258832973127573,-0.7650818782593443,1.0,0.0,0.0,0.0,11.43605521971203
-0.774543680608803,-1.0116971617686137,1.893123612037662,-1.0832116832035494,1.0,0.0,0.0,0.0,11.61909465356394
-1.1412887954496094,-0.9618115341110924,1.963322937627151,-1.0832116832035494,1.0,0.0,0.0,0.0,11.37940550085183
-0.777839678074562,-0.9169144692193192,1.9118434321948587,-0.9241467807314468,1.0,0.0,0.0,0.0,11.37940550085183
-0.5175081956996896,-0.9069373436878163,1.8603639267625667,-0.5264845245511903,1.0,0.0,0.0,0.0,11.458479838780507
-0.7888786537138502,-0.8321089022015276,1.8790837469197634,0.5074373415174769,1.0,0.0,0.0,0.0,11.042937835596494
-1.2486441414771894,-0.8071660883727669,1.8322841965267695,-0.9241467807314468,1.0,0.0,0.0,0.0,11.330215832884798
-0.7766886948325508,-0.8919716553905586,1.8182443314088745,-1.0832116832035494,1.0,0.0,0.0,0.0,11.358619773129229
-1.1015275561801354,-0.9917429107056079,1.8182443314088745,-1.5604063906198575,1.0,0.0,0.0,0.0,11.283524879179666
-1.1224545242167008,-0.9917429107056079,1.8182443314088745,-0.20835471960698504,1.0,0.0,0.0,0.0,10.889323003601277
-1.2028663988972028,-0.9917429107056079,1.822924286448173,-1.3218090369117035,1.0,0.0,0.0,0.0,11.08523008522044
-0.9048663740565132,-0.9817657851741052,1.8556839717232683,-1.0832116832035494,1.0,0.0,0.0,0.0,11.339773736496767
-0.4813568584165233,-0.9418572830480797,1.8276042414874711,-1.1627441344396008,1.0,0.0,0.0,0.0,11.86569981146014
0.013879840168794157,-0.9568229713453374,1.8182443314088745,-0.28788717084303633,1.0,0.0,0.0,0.0,11.448930795918299
-0.344703757137752,-0.9468458458138347,1.804204466290976,-0.9241467807314468,1.0,0.0,0.0,0.0,11.427378469795439
-0.6195271648779456,-0.9468458458138347,1.8135643763695728,-0.7650818782593443,1.0,0.0,0.0,0.0,11.487617913343598
0.3344809904889743,-0.9767772224083502,1.822924286448173,0.5074373415174769,1.0,0.0,0.0,0.0,11.420821140914589
-0.7293937470699133,-0.9767772224083502,1.8182443314088745,0.10977508533722025,1.0,0.0,0.0,0.0,11.209127560632263
-0.4747648634850053,-0.9767772224083502,1.8182443314088745,-0.3674196220790877,1.0,0.0,0.0,0.0,11.366754528799243
-0.7189825804717221,-0.9817657851741052,1.8135643763695728,0.3483724390453742,1.0,0.0,0.0,0.0,11.036517370851499
-0.8068758462252962,-0.9717886596425952,1.8135643763695728,0.10977508533722025,1.0,0.0,0.0,0.0,11.187209175200515
-0.962938710357982,-0.986754347939853,1.8135643763695728,0.8255671464616822,1.0,0.0,0.0,0.0,10.961295207644392
-1.608169452345381,-0.986754347939853,1.8135643763695728,1.541359207586144,1.0,0.0,0.0,0.0,10.97337452485014
-1.4207161361578475,-0.986754347939853,1.8135643763695728,1.7004241100582467,1.0,0.0,0.0,0.0,10.853232402669228
-1.3136223772307247,-0.9917429107056079,1.8135643763695728,1.4618267563500926,1.0,0.0,0.0,0.0,10.96648993456911
-1.172469977824092,-0.9917429107056079,1.8135643763695728,1.3822943051140413,1.0,0.0,0.0,0.0,10.879951039444416
-1.2058484918424133,-0.9967314734713558,1.8088844213302744,0.18930753657327157,1.0,0.0,0.0,0.0,10.934908916663861
-0.9839179958146386,-1.0017200362371108,1.8182443314088745,-0.28788717084303633,1.0,0.0,0.0,0.0,10.968215530759236
-1.1705342332807094,-1.0017200362371108,1.8135643763695728,-0.3674196220790877,1.0,0.0,0.0,0.0,10.945547126244623
-1.1727838823446401,-1.0216742873001234,1.8088844213302744,-0.8446143294953956,1.0,0.0,0.0,0.0,11.055656405795794
-1.0516690548330188,-1.0166857245343686,1.8182443314088745,-0.3674196220790877,1.0,0.0,0.0,0.0,10.998777662206932
-1.2519401389429483,-1.0366399755973812,1.822924286448173,-0.446952073315139,1.0,0.0,0.0,0.0,11.08523008522044
-1.5962410805645386,-0.9967314734713558,1.7995245112516742,-1.0832116832035494,1.0,0.0,0.0,0.0,10.657282884047461
-1.4741845394912718,-0.986754347939853,1.8088844213302744,-0.20835471960698504,1.0,0.0,0.0,0.0,10.716659698193956
-1.3327182355640905,-0.9817657851741052,1.8088844213302744,0.7460346952256308,1.0,0.0,0.0,0.0,10.5815464756746
-1.2268277772990699,-0.9767772224083502,1.804204466290976,-0.7650818782593443,1.0,0.0,0.0,0.0,10.825780236605917
-1.0837919507691465,-0.9817657851741052,1.7995245112516742,0.03024263410116893,1.0,0.0,0.0,0.0,10.893047333337728
-0.7225401650379382,-0.9817657851741052,1.7948445562123758,-1.1627441344396008,1.0,0.0,0.0,0.0,10.894904309600681
-0.8746269052436764,-0.986754347939853,1.7995245112516742,0.9846320489337848,1.0,0.0,0.0,0.0,10.640675541671662
-0.6382568012706715,-0.9717886596425952,1.804204466290976,0.10977508533722025,1.0,0.0,0.0,0.0,11.060384472475045
-0.9578116031890233,-0.9717886596425952,1.7995245112516742,-0.6060169757872417,1.0,0.0,0.0,0.0,10.992066340225865
-1.3158720262946553,-0.986754347939853,1.785484646133779,-0.8446143294953956,1.0,0.0,0.0,0.0,11.01206667357142
-1.1005335251983985,-0.986754347939853,1.7808046910944775,0.18930753657327157,1.0,0.0,0.0,0.0,10.799595985047786
-0.795052109284637,-0.9717886596425952,1.776124736055179,-1.0832116832035494,1.0,0.0,0.0,0.0,11.294781892900653
-0.7592669939421103,-0.9418572830480797,1.7620848709372805,-0.9241467807314468,1.0,0.0,0.0,0.0,11.474195031610165
-0.7036535763849381,-0.9817657851741052,1.7293251856621852,-0.12882226837093372,1.0,0.0,0.0,0.0,11.023551435004947
-0.8887002912482665,-1.0067085990028657,1.757404915897982,-0.5264845245511903,1.0,0.0,0.0,0.0,11.209127560632263
-0.984598122275827,-1.046617101128884,1.748045005819382,-0.12882226837093372,1.0,0.0,0.0,0.0,11.3655964644899
-1.109689073714396,-1.0366399755973812,1.7386850957407853,-0.3674196220790877,1.0,0.0,0.0,0.0,11.366754528799243
-0.6359548347866494,-1.046617101128884,1.734005140701487,-0.5264845245511903,1.0,0.0,0.0,0.0,11.345701365855424
-0.5687792673892748,-1.0366399755973812,1.7246452306228868,0.9050995976977334,1.0,0.0,0.0,0.0,11.205054290550551
-0.8129446669559002,-1.056594226660387,1.7433650507800837,0.03024263410116893,1.0,0.0,0.0,0.0,10.936689829317784
-1.0922673728239554,-1.0615827894261418,1.748045005819382,0.2688399878093229,1.0,0.0,0.0,0.0,10.950824090522445
-1.0287017074128884,-1.0615827894261418,1.7433650507800837,1.3822943051140413,1.0,0.0,0.0,0.0,11.065090289695444
-0.9568175722072865,-1.0615827894261418,1.7433650507800837,0.6665022439895795,1.0,0.0,0.0,0.0,10.933124826700707
-0.8119506359741633,-1.0815370404891473,1.7527249608586837,-0.12882226837093372,1.0,0.0,0.0,0.0,11.356283350762888
-0.7064787170698743,-1.111468417083663,1.7293251856621852,0.10977508533722025,1.0,0.0,0.0,0.0,11.305913595583258
-0.8344471266134711,-1.0665713521918896,1.7714447810158807,-0.6060169757872417,1.0,0.0,0.0,0.0,10.961295207644392
-0.8912115274126543,-1.0665713521918896,1.766764825976579,-0.5264845245511903,1.0,0.0,0.0,0.0,10.992066340225865
-0.7230110218187609,-1.0865256032549024,1.7620848709372805,0.03024263410116893,1.0,0.0,0.0,0.0,11.313266479778829
-0.2528866848773218,-1.106479854317915,1.7995245112516742,0.8255671464616822,1.0,0.0,0.0,0.0,11.315705475634307
-0.7819727542617835,-0.44300100647283985,1.1770904910248658,-1.0036792319674983,1.0,0.0,0.0,0.0,11.661354090741
-0.7200289288735503,-0.48789807136461316,1.1630506259069673,-1.4808739393838062,1.0,0.0,0.0,0.0,11.662215780913316
-0.7904481763165924,-0.4928866341303681,1.1490107607890723,0.42790489028142553,1.0,0.0,0.0,0.0,11.460589521950299
-0.5074632510421385,-0.48789807136461316,1.1396508507104721,-0.12882226837093372,1.0,0.0,0.0,0.0,11.431726255472853
-0.8312034465678033,-0.4829095085988653,1.1396508507104721,0.6665022439895795,1.0,0.0,0.0,0.0,11.288543647320601
-0.640087910973871,-0.5477608245536442,1.0928513003174782,-1.5604063906198575,1.0,0.0,0.0,0.0,11.798111925972618
-0.4584418284164843,-0.44300100647283985,1.1490107607890723,-1.0036792319674983,1.0,0.0,0.0,0.0,11.716690459057835
-0.46780664661284727,-0.6076235777426753,1.2192100863785613,-0.7650818782593443,1.0,0.0,0.0,0.0,11.412010608265987
-0.9569222070474692,-0.6624977681659513,1.2004902662213643,-1.0036792319674983,1.0,0.0,0.0,0.0,11.442513730229855
0.07043497128761199,-0.6525206426344414,1.1817704460641643,-1.6399388418559087,1.0,0.0,0.0,0.0,11.74325116281265
-0.12570303663509624,-0.6674863309316992,1.1583706708676689,-1.5604063906198575,1.0,0.0,0.0,0.0,11.798863517502989
-0.014371566680568883,-0.5926578894454175,1.1630506259069673,-1.71947129309196,1.0,0.0,0.0,0.0,11.779902152762993
-0.9093133547642834,-0.5377836990221414,1.237929906535758,-0.6060169757872417,1.0,0.0,0.0,0.0,11.552155793461898
-0.6952827891703119,-0.5727036383824048,1.2192100863785613,0.2688399878093229,1.0,0.0,0.0,0.0,11.528808656597766
-0.959799665152497,-0.5477608245536442,1.1958103111820626,-0.9241467807314468,1.0,0.0,0.0,0.0,11.43605521971203
-0.6458951446040178,-0.4978751968961159,1.2004902662213643,-1.2422765856756521,1.0,0.0,0.0,0.0,11.714240498256716
-0.6328157895811645,-0.4928866341303681,1.2894094119680504,-0.6855494270232929,1.0,0.0,0.0,0.0,11.369066641827967
-0.6851332096725777,-0.4829095085988653,1.2987693220466472,-0.6060169757872417,1.0,0.0,0.0,0.0,11.256754979390998
-0.5973968961792778,-0.4230467554098342,1.303449277085949,-0.8446143294953956,1.0,0.0,0.0,0.0,11.428467189677395
-0.44588564759454513,-0.4180581926440793,1.2613296817322535,-0.9241467807314468,1.0,0.0,0.0,0.0,11.521895117095363
-1.1778063546734159,-0.48789807136461316,1.2519697716536566,-0.8446143294953956,1.0,0.0,0.0,0.0,11.458479838780507
-0.8453814674125762,-0.4978751968961159,1.2706895918108534,-0.9241467807314468,1.0,0.0,0.0,0.0,11.348062614163295
-0.5521946452202967,-0.3931153788153187,1.2051702212606628,-1.4808739393838062,1.0,0.0,0.0,0.0,11.848690308590857
-0.06606117773088525,-0.3831382532838159,1.2145301313392596,-1.4808739393838062,1.0,0.0,0.0,0.0,11.7068543948059
0.2772980503290596,-0.3781496905180609,1.2285699964571581,-1.2422765856756521,1.0,0.0,0.0,0.0,11.956334830883424
-0.46780664661284727,-0.3831382532838159,1.2238900414178597,-0.9241467807314468,1.0,0.0,0.0,0.0,11.621788838451959
-0.6184284990560259,-0.39810394158107365,1.2145301313392596,-1.2422765856756521,1.0,0.0,0.0,0.0,11.724004532183379
-0.7016131970013728,-0.39810394158107365,1.2238900414178597,-1.2422765856756521,1.0,0.0,0.0,0.0,11.641327474774709
-0.27313352645269867,-0.3482183139235454,1.2426098615750565,-1.4808739393838062,1.0,0.0,0.0,0.0,11.550230883578887
-0.4192037633479243,-0.3482183139235454,1.2519697716536566,-1.2422765856756521,1.0,0.0,0.0,0.0,11.592669666556795
-0.3930450533022178,-0.3083098117975271,1.303449277085949,-1.4013414881477548,1.0,0.0,0.0,0.0,11.258046118484
-0.5713951383938454,-1.166342607506939,1.5889265344832069,1.541359207586144,1.0,0.0,0.0,0.0,11.094390314766315
-0.48517603008319643,-1.2112396723987124,1.5702067143260101,0.8255671464616822,1.0,0.0,0.0,0.0,11.119897691565697
-0.8375338543988645,-1.2760909883534912,1.5748866693653085,-0.446952073315139,1.0,0.0,0.0,0.0,10.988693712621323
-0.6082266021382005,-1.2062511096329573,1.6450859949547976,-0.9241467807314468,1.0,0.0,0.0,0.0,11.184435286790631
-0.3211086006765245,-1.231193923461725,1.6778456802298929,-0.12882226837093372,1.0,0.0,0.0,0.0,11.438212694578302
-0.4495478670009441,-1.2511481745247306,1.6918855453477915,1.8594890125303492,1.0,0.0,0.0,0.0,11.630717389475995
-0.8508224791020833,-1.3758622436685406,1.6216862197583024,-1.4808739393838062,1.0,0.0,0.0,0.0,11.225256725762893
-0.3930450533022178,-1.3110109277137618,1.6450859949547976,0.3483724390453742,1.0,0.0,0.0,0.0,11.58989576532275
-0.8084453688280386,-1.2561367372904857,1.6357260848762007,-0.04928981713488239,1.0,0.0,0.0,0.0,11.089820688682373
-0.5238386035307508,-1.2361824862274728,1.734005140701487,1.2232294026419388,1.0,0.0,0.0,0.0,11.026808713825016
-0.6873305413164171,-1.296045239416504,1.7199652755835884,0.5074373415174769,1.0,0.0,0.0,0.0,11.046132675457146
-1.1143453241025316,-1.4656563734520873,1.7152853205442866,-0.7650818782593443,1.0,0.0,0.0,0.0,11.138973558699526
-0.6909404433027245,-1.2162282351644673,1.6731657251905945,1.8594890125303492,1.0,0.0,0.0,0.0,11.235866764155578
-0.7431009111338635,-1.2162282351644673,1.6731657251905945,0.8255671464616822,1.0,0.0,0.0,0.0,11.225256725762893
-0.885090389261959,-1.1912854213356996,1.7152853205442866,0.8255671464616822,1.0,0.0,0.0,0.0,11.630717389475995
-0.10822901832456429,-1.0266628500658714,1.1209310305532751,-0.9241467807314468,1.0,0.0,0.0,0.0,12.252006352956359
0.5887436521332423,-1.0765484777233996,1.1068911654353768,-2.0376010980361654,1.0,0.0,0.0,0.0,12.150036542839864
0.5679213189368602,-1.0715599149576447,1.1068911654353768,-1.71947129309196,1.0,0.0,0.0,0.0,11.960817678718287
0.6123911260145614,-1.0715599149576447,1.0975312553567766,-1.8785361955640627,1.0,0.0,0.0,0.0,12.036475785297062
-0.12303484821043434,-1.051605663894639,1.0975312553567766,-0.7650818782593443,1.0,0.0,0.0,0.0,12.000283875037855
0.6423690077269409,-1.0615827894261418,1.0975312553567766,-1.5604063906198575,1.0,0.0,0.0,0.0,12.06047445534465
-0.2722964477312362,-1.0665713521918896,1.1022112103960784,-0.12882226837093372,1.0,0.0,0.0,0.0,11.772987080375044
0.2609226978404473,-1.046617101128884,1.1022112103960784,-0.5264845245511903,1.0,0.0,0.0,0.0,12.271396795480596
-1.1619018589656265,-1.051605663894639,1.0741314801602813,1.2232294026419388,1.0,0.0,0.0,0.0,11.690242855114947
-0.5197578447636205,-1.0615827894261418,1.0788114351995797,0.5869697927535281,1.0,0.0,0.0,0.0,11.783723297487764
-0.033362790173751995,-1.056594226660387,1.0834913902388814,-1.0832116832035494,1.0,0.0,0.0,0.0,11.73927188163082
-0.311272925699339,-1.0615827894261418,1.0881713452781798,0.3483724390453742,1.0,0.0,0.0,0.0,11.927687224983487
0.5333918216765274,-1.0615827894261418,1.0647715700816813,-0.9241467807314468,1.0,0.0,0.0,0.0,12.139403856983334
-0.8656806264080447,-1.0615827894261418,1.0741314801602813,-0.7650818782593443,1.0,0.0,0.0,0.0,11.96209480994468
0.9595695257411793,-1.0815370404891473,1.0834913902388814,-1.8785361955640627,1.0,0.0,0.0,0.0,12.135118924261802
0.40934721863978635,-1.0615827894261418,1.0741314801602813,-1.4808739393838062,1.0,0.0,0.0,0.0,11.934926432385152
0.6411133896447472,-1.0116971617686137,1.0647715700816813,-1.2422765856756521,1.0,0.0,0.0,0.0,12.39421473013906
1.5846057435732928,-1.0116971617686137,1.060091615042383,-1.8785361955640627,1.0,0.0,0.0,0.0,12.739347391533249
-0.09692845558481912,-1.0166857245343686,1.041371794885186,0.10977508533722025,1.0,0.0,0.0,0.0,11.947308393235778
0.3045031087765947,-1.0316514128316263,1.0366918398458875,-0.5264845245511903,1.0,0.0,0.0,0.0,12.444699706243501
-0.8491483216591581,-1.111468417083663,1.1115711204746752,1.3822943051140413,1.0,0.0,0.0,0.0,11.602775309696066
-0.8580946004947898,-1.116456979849418,1.1115711204746752,1.4618267563500926,1.0,0.0,0.0,0.0,11.562677071567636
-0.8435503577093769,-1.116456979849418,1.1115711204746752,1.8594890125303492,1.0,0.0,0.0,0.0,11.763691965388299
-0.8580946004947898,-1.1214455426151657,1.1162510755139767,1.3822943051140413,1.0,0.0,0.0,0.0,11.448930795918299
-0.8916823841934771,-1.1214455426151657,1.1115711204746752,1.064164500169836,1.0,0.0,0.0,0.0,11.503894811084523
-1.191513518737366,-1.1214455426151657,1.1115711204746752,1.7004241100582467,1.0,0.0,0.0,0.0,11.476271853988816
-1.7475430594689056,-1.1314226681466757,1.1162510755139767,1.3822943051140413,1.0,0.0,0.0,0.0,11.37940550085183
0.2996899061281843,-1.1014912915521602,1.1115711204746752,-0.7650818782593443,1.0,0.0,0.0,0.0,11.804855999911272
-0.3680373264985222,-1.106479854317915,1.1115711204746752,-0.9241467807314468,1.0,0.0,0.0,0.0,11.896833207128452
-0.13836385229721823,-1.106479854317915,1.1068911654353768,0.42790489028142553,1.0,0.0,0.0,0.0,11.733674150882164
-0.6031518123893334,-1.111468417083663,1.1115711204746752,1.2232294026419388,1.0,0.0,0.0,0.0,11.610061250069942
-0.1874899097630553,-1.111468417083663,1.1115711204746752,0.6665022439895795,1.0,0.0,0.0,0.0,11.781432363235949
0.7576766016084154,-1.1014912915521602,1.1068911654353768,-1.6399388418559087,1.0,0.0,0.0,0.0,12.069685751267224
0.05746025110494132,-1.0965027287864053,1.1115711204746752,-1.2422765856756521,1.0,0.0,0.0,0.0,12.032320268218989
0.49342131272668754,-1.116456979849418,1.1022112103960784,-0.8446143294953956,1.0,0.0,0.0,0.0,12.045909761904733
0.662982071242958,-1.116456979849418,1.1022112103960784,-0.5264845245511903,1.0,0.0,0.0,0.0,11.92371636583374
-0.6486679678688627,-1.1214455426151657,1.1115711204746752,1.4618267563500926,1.0,0.0,0.0,0.0,11.445727410406752
-0.5386967508367122,-1.1214455426151657,1.1068911654353768,0.03024263410116893,1.0,0.0,0.0,0.0,11.638685488579059
-0.5081433775033269,-1.116456979849418,1.1068911654353768,0.6665022439895795,1.0,0.0,0.0,0.0,11.485564545613576
0.3045031087765947,-1.1214455426151657,1.1068911654353768,0.10977508533722025,1.0,0.0,0.0,0.0,11.782960235741939
-0.9601135696730455,-1.1364112309124235,1.1068911654353768,-0.3674196220790877,1.0,0.0,0.0,0.0,11.51293546492023
-0.6941318059283007,-1.1264341053809208,1.1068911654353768,-1.0832116832035494,1.0,0.0,0.0,0.0,11.548302261270587
0.5443261624756325,-1.1264341053809208,1.1022112103960784,-0.446952073315139,1.0,0.0,0.0,0.0,11.934270483892945
0.31862881220127587,-1.1264341053809208,1.1022112103960784,-0.446952073315139,1.0,0.0,0.0,0.0,11.890683588496984
0.4605659729092799,-1.1264341053809208,1.1022112103960784,-0.8446143294953956,1.0,0.0,0.0,0.0,11.86710429621008
-1.1301451849701385,-1.1264341053809208,1.1068911654353768,-1.6399388418559087,1.0,0.0,0.0,0.0,11.235866764155578
-0.26879118058511153,-1.1314226681466757,1.1022112103960784,-1.2422765856756521,1.0,0.0,0.0,0.0,11.744838452135683
0.380154098228778,-1.1314226681466757,1.1022112103960784,-1.0832116832035494,1.0,0.0,0.0,0.0,11.867805799560465
0.9425663642114701,-1.1264341053809208,1.1022112103960784,-1.0036792319674983,1.0,0.0,0.0,0.0,12.011886987792716
-0.6733094727319182,-1.106479854317915,1.1068911654353768,0.5869697927535281,1.0,0.0,0.0,0.0,11.59451466851004
0.9282837085265141,-1.106479854317915,1.1022112103960784,-1.4808739393838062,1.0,0.0,0.0,0.0,12.092909546513004
0.9709224059010159,-1.106479854317915,1.1022112103960784,-0.8446143294953956,1.0,0.0,0.0,0.0,12.011886987792716
0.8494936738688459,-1.111468417083663,1.1022112103960784,-1.0036792319674983,1.0,0.0,0.0,0.0,12.097936057925594
0.8185740785948207,-1.0965027287864053,1.1022112103960784,-1.958068646800114,1.0,0.0,0.0,0.0,12.23125781971899
0.12285702621920806,-1.1513769192096812,1.1209310305532751,-1.4808739393838062,1.0,0.0,0.0,0.0,11.974146893333247
-1.3988997719797283,-1.1613540447411912,1.1256109855925736,0.5869697927535281,1.0,0.0,0.0,0.0,11.409795792463761
-1.297717881522935,-1.1413997936781786,1.1256109855925736,1.8594890125303492,1.0,0.0,0.0,0.0,11.119897691565697
-0.6110517428231367,-1.1463883564439334,1.1162510755139767,1.8594890125303492,1.0,0.0,0.0,0.0,11.506917452956234
-0.9816160293306163,-1.1513769192096812,1.1209310305532751,1.8594890125303492,1.0,0.0,0.0,0.0,11.52683823202353
-0.9798372370475082,-1.1613540447411912,1.1209310305532751,1.779956561294298,1.0,0.0,0.0,0.0,11.381688580803818
-0.6814709902661787,-1.1513769192096812,1.1162510755139767,1.3822943051140413,1.0,0.0,0.0,0.0,11.373674891823535
-0.2820798052883304,-1.1563654819754363,1.1162510755139767,0.5869697927535281,1.0,0.0,0.0,0.0,11.457423325808623
-0.13648042517392733,-1.1613540447411912,1.1162510755139767,-1.8785361955640627,1.0,0.0,0.0,0.0,12.110667961260443
0.16659438941562935,-1.1513769192096812,1.1068911654353768,-1.0036792319674983,1.0,0.0,0.0,0.0,11.8515453936489
0.18124326704122481,-1.1563654819754363,1.1115711204746752,0.10977508533722025,1.0,0.0,0.0,0.0,11.808583147519697
0.7499859408549779,-1.1513769192096812,1.1068911654353768,-0.5264845245511903,1.0,0.0,0.0,0.0,11.930984271840668
-0.15201869894107709,-1.1413997936781786,1.1068911654353768,-1.958068646800114,1.0,0.0,0.0,0.0,12.01491819331946
0.7187001236403129,-1.1413997936781786,1.1068911654353768,-1.0036792319674983,1.0,0.0,0.0,0.0,11.993504229837974
0.11788687131052378,-1.1563654819754363,1.1022112103960784,-1.958068646800114,1.0,0.0,0.0,0.0,12.046496440791149
0.5765536932519432,-1.1463883564439334,1.1022112103960784,-1.0832116832035494,1.0,0.0,0.0,0.0,12.007017865994577
-0.45624449677264495,-1.1563654819754363,1.1115711204746752,-0.04928981713488239,1.0,0.0,0.0,0.0,11.551193801680078
0.4114922328635344,-1.1613540447411912,1.1115711204746752,-1.0036792319674983,1.0,0.0,0.0,0.0,11.820417517632333
0.6412703419050215,-1.171331170272694,1.1162510755139767,-1.6399388418559087,1.0,0.0,0.0,0.0,11.960817678718287
0.11558490482650138,-1.1563654819754363,1.1115711204746752,0.2688399878093229,1.0,0.0,0.0,0.0,11.504903373867316
-0.19010578076762588,-1.1613540447411912,1.1115711204746752,0.42790489028142553,1.0,0.0,0.0,0.0,11.613684409620816
0.1219676300776538,-1.1613540447411912,1.1068911654353768,-1.1627441344396008,1.0,0.0,0.0,0.0,11.996591585872558
1.137082532111344,-1.1613540447411912,1.1068911654353768,-1.1627441344396008,1.0,0.0,0.0,0.0,12.086731521684555
1.1757974229789903,-1.171331170272694,1.1115711204746752,-1.71947129309196,1.0,0.0,0.0,0.0,12.019749091416921
0.7638500571792023,-1.176319733038449,1.1115711204746752,-1.5604063906198575,1.0,0.0,0.0,0.0,11.987922854613139
0.6578549640739993,-1.176319733038449,1.1162510755139767,-1.2422765856756521,1.0,0.0,0.0,0.0,11.949895700065218
0.10485983370776158,-1.1862968585699518,1.1209310305532751,-1.8785361955640627,1.0,0.0,0.0,0.0,11.871305953640322
-1.2499520769794745,-1.181308295804197,1.1209310305532751,-0.12882226837093372,1.0,0.0,0.0,0.0,11.374823643830945
-0.9286184827780147,-1.1862968585699518,1.1162510755139767,-1.5604063906198575,1.0,0.0,0.0,0.0,11.519911009143941
-0.5679421886678121,-1.181308295804197,1.1162510755139767,0.03024263410116893,1.0,0.0,0.0,0.0,11.643084929027989
-0.17404433279956205,-1.171331170272694,1.1209310305532751,-1.0036792319674983,1.0,0.0,0.0,0.0,11.51493344762302
0.1728724798265987,-1.171331170272694,1.1162510755139767,-1.0036792319674983,1.0,0.0,0.0,0.0,11.736077016252437
-0.20642881583614686,-1.166342607506939,1.1162510755139767,-1.0832116832035494,1.0,0.0,0.0,0.0,11.773757787382696
-0.6764485179374031,-1.1962739841014547,1.1256109855925736,0.7460346952256308,1.0,0.0,0.0,0.0,11.332613886815139
-0.08997023871266112,-1.1962739841014547,1.1209310305532751,-0.9241467807314468,1.0,0.0,0.0,0.0,11.847975261832087
-0.2669077534618206,-1.2012625468672096,1.130290940631872,0.18930753657327157,1.0,0.0,0.0,0.0,11.49782197939291
0.5195277053523027,-1.221216797930215,1.1162510755139767,1.2232294026419388,0.0,0.0,1.0,0.0,11.963370312187111
1.133263360444671,-1.2112396723987124,1.1209310305532751,-1.958068646800114,1.0,0.0,0.0,0.0,12.019146503887916
-0.9542540186228073,-1.2810795511192463,1.1162510755139767,1.2232294026419388,0.0,0.0,1.0,0.0,11.804855999911272
-0.6784365799008769,-1.2810795511192463,1.1209310305532751,1.064164500169836,0.0,0.0,1.0,0.0,12.323860125621126
-0.4802581925946036,-1.2760909883534912,1.1162510755139767,1.8594890125303492,0.0,0.0,1.0,0.0,12.019749091416921
-1.0588888588056335,-1.2760909883534912,1.1115711204746752,1.541359207586144,0.0,0.0,1.0,0.0,11.883115664987255
0.3263194729547138,-1.2810795511192463,1.1115711204746752,1.7004241100582467,0.0,0.0,1.0,0.0,12.091228412360461
-0.8783414420701667,-1.2760909883534912,1.1115711204746752,1.779956561294298,0.0,0.0,1.0,0.0,11.844392338493027
-0.6948642498095807,-1.2760909883534912,1.1068911654353768,0.3483724390453742,0.0,0.0,1.0,0.0,11.92371636583374
0.6540881098274176,-1.291056676650749,1.1162510755139767,0.9050995976977334,0.0,0.0,1.0,0.0,12.186385111610496
-0.3689267226400763,-1.2661138628219886,1.1115711204746752,0.8255671464616822,0.0,0.0,1.0,0.0,11.662215780913316
-0.25801379204628017,-1.2661138628219886,1.1115711204746752,0.9846320489337848,0.0,0.0,1.0,0.0,11.770671388994348
0.17156454432431362,-1.2711024255877434,1.1068911654353768,-0.6855494270232929,0.0,0.0,1.0,0.0,12.022155816966572
0.039567693433678115,-1.2711024255877434,1.1115711204746752,1.7004241100582467,0.0,0.0,1.0,0.0,11.748005492256807
-0.13982874005977788,-1.2711024255877434,1.1115711204746752,1.7004241100582467,0.0,0.0,1.0,0.0,11.818209214992565
0.12693778498633806,-1.2711024255877434,1.1115711204746752,1.064164500169836,0.0,0.0,1.0,0.0,12.057578437658945
0.0032070864701458767,-1.2561367372904857,1.1162510755139767,0.6665022439895795,0.0,0.0,1.0,0.0,11.641327474774709
-0.11717529716019601,-1.2611253000562335,1.1162510755139767,-0.04928981713488239,0.0,0.0,1.0,0.0,11.981058595924264
-0.13145795284515174,-1.2461596117589757,1.1068911654353768,0.6665022439895795,0.0,0.0,1.0,0.0,11.959538914341756
0.6933261748959776,-1.2561367372904857,1.1068911654353768,-1.7990037443280114,0.0,0.0,1.0,0.0,12.226860081860359
0.9855189661065201,-1.2661138628219886,1.1068911654353768,-1.5604063906198575,0.0,0.0,1.0,0.0,12.267172448547784
0.6145361402383094,-1.2511481745247306,1.1022112103960784,-0.7650818782593443,0.0,0.0,1.0,0.0,12.20557752297723
0.8231256941427737,-1.2561367372904857,1.1022112103960784,-0.7650818782593443,0.0,0.0,1.0,0.0,12.232719445013917
0.6557622672703426,-1.2661138628219886,1.1022112103960784,-1.0036792319674983,0.0,0.0,1.0,0.0,12.239028583587523
0.26746237535187406,-1.2661138628219886,1.1022112103960784,-1.4808739393838062,0.0,0.0,1.0,0.0,12.56967702537649
1.4552770811073192,-1.2511481745247306,1.0928513003174782,-1.5604063906198575,0.0,0.0,1.0,0.0,12.409833561339303
1.6322145958564789,-1.2561367372904857,1.0928513003174782,-1.8785361955640627,0.0,0.0,1.0,0.0,12.591678524740319
1.1817092914493197,-1.2661138628219886,1.0975312553567766,-1.4013414881477548,0.0,0.0,1.0,0.0,12.602500372586318
0.9475888365402456,-1.2561367372904857,1.0975312553567766,-1.1627441344396008,0.0,0.0,1.0,0.0,12.259618151783465
0.41787495811468683,-1.2711024255877434,1.1022112103960784,0.3483724390453742,0.0,0.0,1.0,0.0,12.325636317135203
0.2515578796440843,-1.2611253000562335,1.0881713452781798,-0.6855494270232929,0.0,0.0,1.0,0.0,12.337982098521458
1.3046029112440496,-1.2611253000562335,1.0881713452781798,-0.28788717084303633,0.0,0.0,1.0,0.0,12.369470438714096
0.3472987584113704,-1.2461596117589757,1.1022112103960784,-0.04928981713488239,0.0,0.0,1.0,0.0,12.02515610124372
0.07278925519172522,-1.2461596117589757,1.0975312553567766,-1.3218090369117035,0.0,0.0,1.0,0.0,12.134044816071038
-0.07851272371264162,-1.2461596117589757,1.0928513003174782,-0.6855494270232929,0.0,0.0,1.0,0.0,12.263402433573614
0.5969051696675028,-1.2461596117589757,1.0881713452781798,0.42790489028142553,0.0,0.0,1.0,0.0,12.19147156669466
0.2173422869042999,-1.241171048993228,1.0881713452781798,0.6665022439895795,0.0,0.0,1.0,0.0,12.152677143050752
1.1560214381844356,-1.2511481745247306,1.0881713452781798,-0.6060169757872417,0.0,0.0,1.0,0.0,12.491255347155265
0.4511488372928257,-1.241171048993228,1.0834913902388814,0.5869697927535281,0.0,0.0,1.0,0.0,12.135655546026104
0.3730389290963457,-1.2461596117589757,1.0834913902388814,0.8255671464616822,0.0,0.0,1.0,0.0,12.154784614286667
0.6230638797132093,-1.2511481745247306,1.0834913902388814,-0.3674196220790877,0.0,0.0,1.0,0.0,12.400820837540556
0.5199985621331253,-1.2511481745247306,1.0834913902388814,0.3483724390453742,0.0,0.0,1.0,0.0,12.369894975232734
0.6111878253524589,-1.2461596117589757,1.0881713452781798,0.6665022439895795,0.0,0.0,1.0,0.0,12.18689492294037
0.05510596720082764,-1.241171048993228,1.0881713452781798,-1.4808739393838062,0.0,0.0,1.0,0.0,12.111767460549332
0.1562878576576208,-1.2361824862274728,1.0834913902388814,0.42790489028142553,0.0,0.0,1.0,0.0,12.04002396437039
-0.6960152330515916,-1.2361824862274728,1.0788114351995797,-0.5264845245511903,0.0,0.0,1.0,0.0,12.096821236822512
-0.7060078602890515,-1.241171048993228,1.0788114351995797,-0.7650818782593443,0.0,0.0,1.0,0.0,12.370319331596598
-0.19387263501420768,-1.2461596117589757,1.0788114351995797,0.5869697927535281,0.0,0.0,1.0,0.0,12.23125781971899
-0.5149446421152106,-1.2461596117589757,1.0788114351995797,0.10977508533722025,0.0,0.0,1.0,0.0,12.30501712236033
0.6277201301013454,-1.2511481745247306,1.0741314801602813,0.5074373415174769,0.0,0.0,1.0,0.0,12.359656021613945
0.44403366816039336,-1.2511481745247306,1.0788114351995797,1.2232294026419388,0.0,0.0,1.0,0.0,12.354927900740968
0.3132401179318603,-1.2461596117589757,1.0788114351995797,1.1436969514058875,0.0,0.0,1.0,0.0,12.490126895384028
1.1249448906501367,-1.2561367372904857,1.0834913902388814,0.2688399878093229,0.0,0.0,1.0,0.0,12.420784751899777
1.211634855741608,-1.2561367372904857,1.0788114351995797,0.03024263410116893,0.0,0.0,1.0,0.0,12.51796306699418
-0.32848535690941383,-1.231193923461725,1.1068911654353768,-1.0036792319674983,0.0,0.0,1.0,0.0,11.419724060136211
-0.3538069882336578,-1.231193923461725,1.1022112103960784,0.2688399878093229,0.0,0.0,1.0,0.0,11.80932691294063
0.13012914761191427,-1.231193923461725,1.1022112103960784,0.5869697927535281,0.0,0.0,1.0,0.0,11.821887014814502
1.1821801482301426,-1.2361824862274728,1.0928513003174782,-1.0036792319674983,0.0,0.0,1.0,0.0,12.429220196836383
-0.56082701953538,-1.241171048993228,1.1022112103960784,-1.0036792319674983,0.0,0.0,1.0,0.0,11.37940550085183
-1.074270180312509,-1.241171048993228,1.1022112103960784,-0.9241467807314468,0.0,0.0,1.0,0.0,11.83138646878959
-0.07479818688615134,-1.2361824862274728,1.1068911654353768,0.5869697927535281,0.0,0.0,1.0,0.0,11.823354355742923
-0.8004931209741438,-1.2361824862274728,1.1068911654353768,-1.0036792319674983,0.0,0.0,1.0,0.0,11.225256725762893
-1.3010661964087855,-1.2262053606959702,1.0975312553567766,-1.0036792319674983,0.0,0.0,1.0,0.0,11.959538914341756
-0.816711521202482,-1.231193923461725,1.0928513003174782,-1.4808739393838062,0.0,0.0,1.0,0.0,11.853681370708943
0.9695621529786391,-1.2262053606959702,1.1068911654353768,-0.28788717084303633,0.0,0.0,1.0,0.0,12.091228412360461
0.3633078889593432,-1.2262053606959702,1.1115711204746752,-0.12882226837093372,0.0,0.0,1.0,0.0,12.077676615757813
0.007026258136818969,-1.231193923461725,1.1022112103960784,0.7460346952256308,0.0,0.0,1.0,0.0,11.848690308590857
-0.14233997622416567,-1.2262053606959702,1.0975312553567766,1.30276185387799,0.0,0.0,1.0,0.0,11.836464426179543
0.5367401365623775,-1.2262053606959702,1.1022112103960784,0.5074373415174769,0.0,0.0,1.0,0.0,12.039433474778324
0.3001607629090073,-1.221216797930215,1.1022112103960784,0.6665022439895795,0.0,0.0,1.0,0.0,11.994740316298905
0.3734051510369856,-1.2262053606959702,1.1022112103960784,0.6665022439895795,0.0,0.0,1.0,0.0,12.023357011097826
-0.22139159798229102,-1.2262053606959702,1.0975312553567766,1.2232294026419388,0.0,0.0,1.0,0.0,11.91103693456627
-0.1874899097630553,-1.2162282351644673,1.0975312553567766,-0.28788717084303633,0.0,0.0,1.0,0.0,12.016732516077072
0.23057859418742774,-1.2162282351644673,1.0975312553567766,0.03024263410116893,0.0,0.0,1.0,0.0,12.175618592671356
0.6463974490739797,-1.2112396723987124,1.0975312553567766,0.2688399878093229,1.0,0.0,0.0,0.0,12.332269077986075
0.6413226593251128,-1.2112396723987124,1.0928513003174782,-0.12882226837093372,1.0,0.0,0.0,0.0,12.219980481653478
-0.12104678624696062,-1.2162282351644673,1.0928513003174782,0.2688399878093229,0.0,0.0,1.0,0.0,12.261985005589679
-0.5392199250376262,-1.221216797930215,1.0975312553567766,0.9050995976977334,0.0,0.0,1.0,0.0,12.016732516077072
-0.2393887904937373,-1.221216797930215,1.0975312553567766,0.6665022439895795,0.0,0.0,1.0,0.0,11.993504229837974
0.8289329277729205,-1.2112396723987124,1.1022112103960784,-0.04928981713488239,1.0,0.0,0.0,0.0,12.166817131771358
0.6357770127954229,-1.2112396723987124,1.0975312553567766,0.18930753657327157,1.0,0.0,0.0,0.0,12.171486376730597
0.302044190032298,-1.2062511096329573,1.0975312553567766,-0.446952073315139,1.0,0.0,0.0,0.0,12.122696471358964
1.222778466221079,-1.2062511096329573,1.0928513003174782,-0.04928981713488239,1.0,0.0,0.0,0.0,12.288578471082884
0.5470466683203861,-1.2112396723987124,1.0975312553567766,0.5074373415174769,1.0,0.0,0.0,0.0,12.111767460549332
0.3393988279775673,-1.2112396723987124,1.0975312553567766,0.5869697927535281,1.0,0.0,0.0,0.0,11.991027463722105
0.09125730448399424,-1.2162282351644673,1.0975312553567766,0.42790489028142553,0.0,0.0,1.0,0.0,11.989165855127435
-0.04822093747971334,-1.2162282351644673,1.1022112103960784,-0.04928981713488239,0.0,0.0,1.0,0.0,11.88380602959621
1.1862085895771814,-1.1862968585699518,1.0881713452781798,-0.8446143294953956,1.0,0.0,0.0,0.0,12.466515835145202
1.1721875209926824,-1.1962739841014547,1.0928513003174782,-0.12882226837093372,1.0,0.0,0.0,0.0,12.257245682687113
0.5927197760601898,-1.1962739841014547,1.0928513003174782,-0.3674196220790877,1.0,0.0,0.0,0.0,12.405337353054348
0.4775691344389896,-1.1962739841014547,1.0881713452781798,-0.04928981713488239,1.0,0.0,0.0,0.0,12.12703484943049
0.7001274395078613,-1.1912854213356996,1.0881713452781798,-0.04928981713488239,1.0,0.0,0.0,0.0,12.342354626814949
-0.137579090995847,-1.1912854213356996,1.0834913902388814,-1.71947129309196,1.0,0.0,0.0,0.0,12.186385111610496
-0.1183785978222985,-1.2012625468672096,1.0881713452781798,-0.5264845245511903,1.0,0.0,0.0,0.0,12.226370248344972
0.9809150331384758,-1.1962739841014547,1.0928513003174782,-0.20835471960698504,1.0,0.0,0.0,0.0,12.38923135181669
1.091043202430901,-1.2012625468672096,1.0928513003174782,-0.20835471960698504,1.0,0.0,0.0,0.0,12.350610123384222
0.7156657132750109,-1.2012625468672096,1.0928513003174782,-0.20835471960698504,1.0,0.0,0.0,0.0,12.269990661694345
0.6576456943936337,-1.2062511096329573,1.0928513003174782,-0.5264845245511903,1.0,0.0,0.0,0.0,12.241444615610645
0.38235142987261733,-1.2062511096329573,1.0928513003174782,0.10977508533722025,1.0,0.0,0.0,0.0,12.123239799036943
-0.09221988777659176,-1.2112396723987124,1.0881713452781798,0.2688399878093229,1.0,0.0,0.0,0.0,12.095146671399466
0.3698998838908612,-1.2112396723987124,1.0881713452781798,-0.04928981713488239,1.0,0.0,0.0,0.0,12.158462035413251
-0.4135011645579603,-1.1912854213356996,1.0834913902388814,-1.2422765856756521,1.0,0.0,0.0,0.0,12.030534032473051
-0.3761465266126912,-1.2012625468672096,1.0881713452781798,-1.3218090369117035,1.0,0.0,0.0,0.0,11.749585258937909
1.956844187523698,-1.2062511096329573,1.0881713452781798,-1.0036792319674983,1.0,0.0,0.0,0.0,12.469978029554953
0.8951144641885582,-1.2062511096329573,1.0881713452781798,-0.9241467807314468,1.0,0.0,0.0,0.0,12.209073139542411
1.4967124778197185,-1.2012625468672096,1.0834913902388814,-1.1627441344396008,1.0,0.0,0.0,0.0,12.496504683358769
1.5202553168608546,-1.2012625468672096,1.0834913902388814,-1.0036792319674983,1.0,0.0,0.0,0.0,12.490879338036375
0.7863988652386018,-1.2162282351644673,1.0928513003174782,0.42790489028142553,0.0,0.0,1.0,0.0,12.23660670021376
0.06473237249764777,-1.221216797930215,1.0928513003174782,0.5869697927535281,0.0,0.0,1.0,0.0,12.049424683420915
-0.3276482781879513,-1.2262053606959702,1.0928513003174782,1.30276185387799,0.0,0.0,1.0,0.0,11.925703766372617
-0.4628888091242545,-1.2262053606959702,1.0928513003174782,-0.6855494270232929,0.0,0.0,1.0,0.0,12.023957067521133
-0.5056844587590305,-1.231193923461725,1.0881713452781798,-1.0036792319674983,0.0,0.0,1.0,0.0,11.574029971623514
-0.6760299785766719,-1.231193923461725,1.0928513003174782,-0.6060169757872417,0.0,0.0,1.0,0.0,11.630717389475995
-0.35548114567658307,-1.231193923461725,1.0928513003174782,0.8255671464616822,0.0,0.0,1.0,0.0,11.92504173829169
-0.8554787294902192,-1.231193923461725,1.0881713452781798,-0.6855494270232929,0.0,0.0,1.0,0.0,11.930325731537252
-0.016045724123494153,-1.2361824862274728,1.0881713452781798,0.5074373415174769,0.0,0.0,1.0,0.0,11.98168457011701
-0.09410331489988266,-1.231193923461725,1.0881713452781798,-0.04928981713488239,0.0,0.0,1.0,0.0,12.017940238399461
-1.0668934240796197,-1.231193923461725,1.0881713452781798,-0.12882226837093372,0.0,0.0,1.0,0.0,12.07254696717504
-0.36228241028846675,-1.2361824862274728,1.0834913902388814,-0.12882226837093372,0.0,0.0,1.0,0.0,12.111767460549332
0.8223932502614938,-1.2361824862274728,1.0834913902388814,-0.6855494270232929,0.0,0.0,1.0,0.0,12.158986279072735
1.158218769828275,-1.2162282351644673,1.0834913902388814,-1.6399388418559087,0.0,0.0,1.0,0.0,12.60552303476121
1.4630200592808484,-1.221216797930215,1.0881713452781798,-0.28788717084303633,0.0,0.0,1.0,0.0,12.628398148313286
-0.924956263371616,-1.2262053606959702,1.0881713452781798,-0.6855494270232929,0.0,0.0,1.0,0.0,11.998439434579149
-0.36850818327934504,-1.2262053606959702,1.0834913902388814,-1.1627441344396008,0.0,0.0,1.0,0.0,12.303657509006147
-0.74519360793752,-1.221216797930215,1.0834913902388814,-0.28788717084303633,0.0,0.0,1.0,0.0,12.246739428005663
0.9353988776589465,-1.221216797930215,1.0834913902388814,-0.5264845245511903,0.0,0.0,1.0,0.0,12.37581963951765
0.19913582471248825,-1.221216797930215,1.0788114351995797,-0.446952073315139,0.0,0.0,1.0,0.0,12.269521510708264
1.4804940775913806,-1.2162282351644673,1.0788114351995797,-0.446952073315139,0.0,0.0,1.0,0.0,12.683241170498064
0.13012914761191427,-1.221216797930215,1.0788114351995797,-0.7650818782593443,0.0,0.0,1.0,0.0,12.49538214300718
1.1479122380702669,-1.2162282351644673,1.0788114351995797,-0.20835471960698504,0.0,0.0,1.0,0.0,12.498745990829315
1.3103578274541046,-1.2162282351644673,1.0788114351995797,-0.8446143294953956,0.0,0.0,1.0,0.0,12.519426119694613
1.5372061609704724,-1.2112396723987124,1.0834913902388814,-1.5604063906198575,1.0,0.0,0.0,0.0,12.734348131008748
-0.3848835357679573,-1.231193923461725,1.0834913902388814,0.3483724390453742,0.0,0.0,1.0,0.0,12.002124919798158
0.9170877806269517,-1.231193923461725,1.0788114351995797,-0.3674196220790877,0.0,0.0,1.0,0.0,12.351907415253551
0.4101319799411576,-1.2361824862274728,1.0788114351995797,-0.5264845245511903,0.0,0.0,1.0,0.0,12.336227719801212
0.44078998811472586,-1.231193923461725,1.0834913902388814,0.03024263410116893,0.0,0.0,1.0,0.0,12.19147156669466
-0.536917958553604,-1.2361824862274728,1.0834913902388814,-0.5264845245511903,0.0,0.0,1.0,0.0,11.88173350431221
0.890144309279874,-1.2262053606959702,1.0788114351995797,-0.6060169757872417,0.0,0.0,1.0,0.0,12.540045332306379
1.1591081659698292,-1.2262053606959702,1.0741314801602813,-0.6060169757872417,0.0,0.0,1.0,0.0,12.750722717999489
0.08947851220088616,-1.2361824862274728,1.0741314801602813,-1.8785361955640627,0.0,0.0,1.0,0.0,12.493133274926212
0.3001607629090073,-1.2361824862274728,1.0741314801602813,-1.0832116832035494,0.0,0.0,1.0,0.0,12.127575825689417
0.4358721506261328,-1.2361824862274728,1.069451525120983,-1.1627441344396008,0.0,0.0,1.0,0.0,12.366067642588453
1.8808269761308745,-1.221216797930215,1.069451525120983,-0.20835471960698504,0.0,0.0,1.0,0.0,12.769113988119456
1.4169807296004049,-1.2262053606959702,1.069451525120983,-0.446952073315139,0.0,0.0,1.0,0.0,12.790523196230899
1.9940418732086929,-1.2162282351644673,1.0647715700816813,-0.6060169757872417,0.0,0.0,1.0,0.0,12.815025386894042
0.6068454794848714,-1.2262053606959702,1.0647715700816813,0.03024263410116893,0.0,0.0,1.0,0.0,12.525620323525118
0.14906805368500586,-1.241171048993228,1.0647715700816813,-1.0832116832035494,0.0,0.0,1.0,0.0,12.35793929036284
-0.6154987235309066,-1.241171048993228,1.060091615042383,-0.28788717084303633,0.0,0.0,1.0,0.0,12.283501169971546
-0.4060197734848882,-1.241171048993228,1.0554116600030845,-0.6060169757872417,0.0,0.0,1.0,0.0,11.646590598651017
0.6012475155350903,-1.2461596117589757,1.0741314801602813,1.30276185387799,0.0,0.0,1.0,0.0,12.328294703023394
-0.0695664448770099,-1.2461596117589757,1.0741314801602813,-0.28788717084303633,0.0,0.0,1.0,0.0,12.437585079848033
0.2903250879318213,-1.2461596117589757,1.069451525120983,-0.20835471960698504,0.0,0.0,1.0,0.0,12.323860125621126
0.3033521255345835,-1.2511481745247306,1.069451525120983,-0.04928981713488239,0.0,0.0,1.0,0.0,12.429220196836383
1.2130997435041677,-1.2511481745247306,1.069451525120983,-0.20835471960698504,0.0,0.0,1.0,0.0,12.487111450262473
0.6083626846675226,-1.2461596117589757,1.0647715700816813,-0.04928981713488239,0.0,0.0,1.0,0.0,12.467671232325932
-0.10095689693185785,-1.2461596117589757,1.0647715700816813,0.3483724390453742,0.0,0.0,1.0,0.0,12.586223364451623
0.6140129660373951,-1.2511481745247306,1.060091615042383,0.2688399878093229,0.0,0.0,1.0,0.0,12.633954607922337
1.6810790662218589,-1.2561367372904857,1.0647715700816813,-0.8446143294953956,0.0,0.0,1.0,0.0,12.634280498992874
0.26688688373086844,-1.2461596117589757,1.0554116600030845,-0.04928981713488239,0.0,0.0,1.0,0.0,12.494258341142519
1.264056910673204,-1.2511481745247306,1.0554116600030845,0.8255671464616822,0.0,0.0,1.0,0.0,12.55638086482189
0.6452987832520602,-1.2511481745247306,1.060091615042383,0.03024263410116893,0.0,0.0,1.0,0.0,12.570719231334277
0.8827675530469847,-1.2461596117589757,1.0554116600030845,0.7460346952256308,0.0,0.0,1.0,0.0,12.501726607862306
0.9310042143712677,-1.2461596117589757,1.0554116600030845,0.7460346952256308,0.0,0.0,1.0,0.0,12.481053143426296
1.3924438595775321,-1.241171048993228,1.050731704963786,0.42790489028142553,0.0,0.0,1.0,0.0,12.739347391533249
1.4873476596233557,-1.2361824862274728,1.0460517499244844,0.10977508533722025,0.0,0.0,1.0,0.0,12.89295272879663
-0.48324028553981424,-1.2361824862274728,1.060091615042383,-0.3674196220790877,0.0,0.0,1.0,0.0,12.509877789891931
0.4062604908543932,-1.2361824862274728,1.060091615042383,0.2688399878093229,0.0,0.0,1.0,0.0,12.723976161813853
0.20206560023760753,-1.2361824862274728,1.0554116600030845,0.6665022439895795,0.0,0.0,1.0,0.0,12.646264409266557
1.9141008553090133,-1.231193923461725,1.0554116600030845,0.3483724390453742,0.0,0.0,1.0,0.0,12.763116557597762
0.4878756661969976,-1.2361824862274728,1.060091615042383,0.2688399878093229,0.0,0.0,1.0,0.0,12.679822374374929
0.9533960701703924,-1.231193923461725,1.060091615042383,-0.6855494270232929,0.0,0.0,1.0,0.0,12.527434870150573
0.40081947916488636,-1.231193923461725,1.050731704963786,0.2688399878093229,0.0,0.0,1.0,0.0,12.653002741394129
1.1696762848282947,-1.2262053606959702,1.041371794885186,0.03024263410116893,0.0,0.0,1.0,0.0,12.875441857585288
2.987288093644172,-1.231193923461725,1.0366918398458875,-0.12882226837093372,0.0,0.0,1.0,0.0,13.059212692775999
1.253698061495104,-1.181308295804197,0.9805323793742937,-0.5264845245511903,0.0,0.0,0.0,0.0,12.461493630353871
1.1772623107415496,-1.181308295804197,0.9805323793742937,-0.5264845245511903,0.0,0.0,0.0,0.0,12.469593932696368
1.218226850673126,-1.176319733038449,0.9805323793742937,-0.446952073315139,0.0,0.0,0.0,0.0,12.524530013005734
-0.2622515030736848,-1.176319733038449,0.9805323793742937,-1.6399388418559087,0.0,0.0,0.0,0.0,12.765691290604371
1.2850361961298606,-1.1862968585699518,0.9852123344135953,-0.7650818782593443,0.0,0.0,0.0,0.0,12.429220196836383
1.2487279065864199,-1.1862968585699518,0.9852123344135953,-0.7650818782593443,0.0,0.0,0.0,0.0,12.491255347155265
1.2565755196001323,-1.181308295804197,0.9898922894528938,-0.9241467807314468,0.0,0.0,0.0,0.0,12.505439929198145
-0.7293937470699133,-1.171331170272694,0.9805323793742937,-0.3674196220790877,0.0,0.0,0.0,0.0,11.965280520280166
1.5717879756508968,-1.176319733038449,0.9852123344135953,-1.0036792319674983,0.0,0.0,0.0,0.0,12.746945301848456
1.4318388769063664,-1.1962739841014547,1.0086121096100906,-0.9241467807314468,0.0,0.0,0.0,0.0,12.652362948153474
1.9729056354917618,-1.2012625468672096,1.013292064649389,-0.9241467807314468,0.0,0.0,0.0,0.0,12.753618744072144
2.238521177295866,-1.2012625468672096,1.013292064649389,-1.0036792319674983,0.0,0.0,0.0,0.0,12.747527372347804
0.8976780177730376,-1.2012625468672096,1.0179720196886908,-0.8446143294953956,0.0,0.0,0.0,0.0,12.791358964949923
2.3242171114056007,-1.1912854213356996,1.0179720196886908,-1.3218090369117035,0.0,0.0,0.0,0.0,12.90768638342828
2.11390108263812,-1.1962739841014547,1.013292064649389,-0.9241467807314468,0.0,0.0,0.0,0.0,12.782688818818986
2.0678094355375856,-1.181308295804197,1.013292064649389,-1.6399388418559087,0.0,0.0,0.0,0.0,12.819096490166213
1.5221387439841456,-1.1962739841014547,1.0086121096100906,-1.0036792319674983,0.0,0.0,0.0,0.0,12.740520064864135
1.3173160443262626,-1.1862968585699518,1.0039321545707922,-1.958068646800114,0.0,0.0,0.0,0.0,12.784653174819363
3.0487610622515824,-1.1912854213356996,0.9945722444921922,-1.6399388418559087,0.0,0.0,0.0,0.0,12.960082066731788
0.42739672857132416,-1.181308295804197,0.9945722444921922,-1.958068646800114,0.0,0.0,0.0,0.0,12.78296967746187
3.378779348188217,-1.176319733038449,0.9945722444921922,-1.8785361955640627,0.0,0.0,0.0,0.0,13.042022792036304
4.559583519651413,-1.171331170272694,0.9852123344135953,-1.6399388418559087,0.0,0.0,0.0,0.0,12.977108677417966
-0.37520481305104586,-1.176319733038449,1.0039321545707922,-2.1171335492722165,0.0,0.0,0.0,0.0,12.98241371741132
5.819700899973191,-1.1912854213356996,0.9852123344135953,-2.1171335492722165,0.0,0.0,0.0,0.0,12.765691290604371
1.4787152853082726,-1.1962739841014547,0.9945722444921922,-1.6399388418559087,0.0,0.0,0.0,0.0,12.852916691696693
2.1256725021586886,-1.2012625468672096,0.9852123344135953,-1.6399388418559087,0.0,0.0,0.0,0.0,12.897470797430847
0.3808342246899662,-1.2112396723987124,1.0226519747279892,-0.6855494270232929,0.0,0.0,0.0,0.0,12.454497904177053
-0.2622515030736848,-1.2062511096329573,1.0226519747279892,-0.5264845245511903,0.0,0.0,0.0,0.0,12.206077645517674
3.1361834712243337,-1.2262053606959702,1.0273319297672876,-0.3674196220790877,0.0,0.0,1.0,0.0,13.122367377396328
0.6797236456722102,-1.2062511096329573,0.9992521995314939,-1.1627441344396008,0.0,0.0,0.0,0.0,12.594055831421823
1.975259919395875,-1.221216797930215,1.013292064649389,-1.4013414881477548,0.0,0.0,1.0,0.0,12.791915756287272
2.2972736400585236,-1.2262053606959702,1.0460517499244844,-0.6060169757872417,0.0,0.0,1.0,0.0,12.790244451361485
2.385114588392006,-1.221216797930215,1.0460517499244844,-1.1627441344396008,0.0,0.0,1.0,0.0,12.99770903832101
1.7731577255827462,-1.2262053606959702,1.041371794885186,-0.28788717084303633,0.0,0.0,1.0,0.0,13.11029282045951
3.589461598896338,-1.2112396723987124,1.041371794885186,-0.8446143294953956,0.0,0.0,0.0,0.0,13.122367377396328
5.028766143031207,-1.1962739841014547,1.0460517499244844,-1.958068646800114,1.0,0.0,0.0,0.0,13.122367377396328
1.9031141970898162,-1.1912854213356996,1.0320118848065893,0.03024263410116893,1.0,0.0,0.0,0.0,12.894712181909933
2.9563684983701473,-1.2112396723987124,1.0320118848065893,-1.0036792319674983,0.0,0.0,0.0,0.0,13.122367377396328
4.379768546797226,-1.1912854213356996,1.0366918398458875,-1.4808739393838062,1.0,0.0,0.0,0.0,13.122367377396328
2.2013234916108715,-1.2062511096329573,1.0273319297672876,-1.0036792319674983,0.0,0.0,0.0,0.0,12.826651821423713
2.158998698756918,-1.2012625468672096,1.0226519747279892,-0.8446143294953956,0.0,0.0,0.0,0.0,12.76939868481975
2.7212016950592446,-1.1862968585699518,1.0179720196886908,-1.8785361955640627,0.0,0.0,0.0,0.0,13.01789357605382
2.1778329699898267,-1.2611253000562335,1.0741314801602813,-0.6855494270232929,0.0,0.0,1.0,0.0,12.853701927216076
1.3776380296916622,-1.2611253000562335,1.060091615042383,0.7460346952256308,0.0,0.0,1.0,0.0,12.59269806257022
3.372448940357156,-1.2810795511192463,1.060091615042383,0.2688399878093229,0.0,0.0,1.0,0.0,13.122367377396328
2.349852647250394,-1.2711024255877434,1.0647715700816813,0.42790489028142553,0.0,0.0,1.0,0.0,13.028714017674513
1.565509885239927,-1.2561367372904857,1.0554116600030845,0.5074373415174769,0.0,0.0,1.0,0.0,12.915341667991576
0.6966744897818281,-1.2611253000562335,1.0554116600030845,-0.6060169757872417,0.0,0.0,1.0,0.0,12.645298073119001
0.23397922649336955,-1.2661138628219886,1.0554116600030845,0.2688399878093229,0.0,0.0,1.0,0.0,12.540761149388421
1.3551938564724457,-1.2661138628219886,1.050731704963786,0.6665022439895795,0.0,0.0,1.0,0.0,12.760535178224796
2.1808673803551293,-1.2711024255877434,1.050731704963786,0.5074373415174769,0.0,0.0,1.0,0.0,12.979187915595174
0.13012914761191427,-1.2711024255877434,1.0554116600030845,0.10977508533722025,0.0,0.0,1.0,0.0,12.457224282783562
-0.5938916290331532,-1.2760909883534912,1.0554116600030845,-0.12882226837093372,0.0,0.0,1.0,0.0,12.765691290604371
1.230102905033877,-1.2810795511192463,1.050731704963786,0.42790489028142553,0.0,0.0,1.0,0.0,12.88512343720436
-0.16881259079042085,-1.2461596117589757,1.050731704963786,-1.4013414881477548,0.0,0.0,1.0,0.0,12.866699217025852
-0.7738635541476145,-1.2511481745247306,1.050731704963786,-0.3674196220790877,0.0,0.0,1.0,0.0,11.506917452956234
-0.49349449987773125,-1.2511481745247306,1.050731704963786,-0.20835471960698504,0.0,0.0,1.0,0.0,11.350418300109132
-0.5020222393526315,-1.2511481745247306,1.0460517499244844,-0.3674196220790877,0.0,0.0,1.0,0.0,11.539577132967588
-0.3956609243067884,-1.2461596117589757,1.041371794885186,-0.446952073315139,0.0,0.0,1.0,0.0,11.951186847493476
0.3028289513336692,-1.241171048993228,1.041371794885186,-1.0036792319674983,0.0,0.0,1.0,0.0,12.438774371606481
-0.1501352718177862,-1.2461596117589757,1.041371794885186,-0.9241467807314468,0.0,0.0,1.0,0.0,12.237091546357338
-0.7254699405630574,-1.2511481745247306,1.0460517499244844,-0.20835471960698504,0.0,0.0,1.0,0.0,11.203692838488003
1.7553698027516653,-1.2611253000562335,1.050731704963786,0.5074373415174769,0.0,0.0,1.0,0.0,12.813392293534607
1.9587276146469885,-1.2561367372904857,1.041371794885186,-0.12882226837093372,0.0,0.0,1.0,0.0,12.905701276039686
1.4152542547373885,-1.2661138628219886,1.0460517499244844,0.3483724390453742,0.0,0.0,1.0,0.0,12.65778818748478
2.1613006652409408,-1.2711024255877434,1.0366918398458875,-0.8446143294953956,0.0,0.0,1.0,0.0,13.026074919241733
4.096522034422315,-1.2511481745247306,1.0320118848065893,-0.9241467807314468,0.0,0.0,1.0,0.0,13.122367377396328
1.9856710859940667,-1.2711024255877434,1.0179720196886908,-0.20835471960698504,0.0,0.0,1.0,0.0,12.939644141546536
1.4593578398744498,-1.2711024255877434,1.0226519747279892,-0.20835471960698504,0.0,0.0,1.0,0.0,12.806284573911311
1.740459338025613,-1.2661138628219886,1.0273319297672876,-0.7650818782593443,0.0,0.0,1.0,0.0,12.820990681250251
3.9059296730292967,-1.2511481745247306,1.0226519747279892,-1.958068646800114,0.0,0.0,1.0,0.0,13.122367377396328
0.36524363350272515,-1.2810795511192463,1.041371794885186,-0.6855494270232929,0.0,0.0,1.0,0.0,12.657151449598695
1.8051759866786907,-1.2810795511192463,1.0366918398458875,-0.12882226837093372,0.0,0.0,1.0,0.0,12.873648139727594
0.9200698735721623,-1.2810795511192463,1.0320118848065893,-0.3674196220790877,0.0,0.0,1.0,0.0,12.781564594766413
1.9063055597153924,-1.291056676650749,1.0273319297672876,-1.0036792319674983,0.0,0.0,1.0,0.0,12.821801380360457
2.2404046044191572,-1.291056676650749,1.041371794885186,0.5869697927535281,0.0,0.0,1.0,0.0,12.909914929036637
0.5355891533203668,-1.301033802182259,1.050731704963786,0.5869697927535281,0.0,0.0,1.0,0.0,12.777619827590577
2.6581592038490918,-1.301033802182259,1.041371794885186,0.3483724390453742,0.0,0.0,1.0,0.0,12.898472046572692
2.554466077227911,-1.291056676650749,1.0554116600030845,0.2688399878093229,0.0,0.0,1.0,0.0,12.981953525180908
1.9961345700123492,-1.296045239416504,1.050731704963786,0.2688399878093229,0.0,0.0,1.0,0.0,12.903712220160273
1.9537574597383043,-1.296045239416504,1.050731704963786,0.3483724390453742,0.0,0.0,1.0,0.0,12.955602522472395
1.5908315165641709,-1.296045239416504,1.0460517499244844,0.7460346952256308,0.0,0.0,1.0,0.0,12.989976472461
-0.7491174144443761,-1.3209880532452645,1.050731704963786,-0.6855494270232929,0.0,0.0,1.0,0.0,13.07107218827772
1.801409132432109,-1.3110109277137618,1.0554116600030845,0.6665022439895795,0.0,0.0,1.0,0.0,12.814481318719762
2.0389825370672168,-1.3110109277137618,1.050731704963786,0.5869697927535281,0.0,0.0,1.0,0.0,12.842916634678488
3.695822913942181,-1.301033802182259,1.0647715700816813,0.18930753657327157,0.0,0.0,1.0,0.0,13.122367377396328
3.3824938850147075,-1.3110109277137618,1.060091615042383,0.5869697927535281,0.0,0.0,1.0,0.0,13.122367377396328
2.683951691954158,-1.301033802182259,1.060091615042383,0.5869697927535281,0.0,0.0,1.0,0.0,13.122367377396328
2.2353298146702896,-1.301033802182259,1.0554116600030845,-0.8446143294953956,0.0,0.0,1.0,0.0,13.120363378739663
0.729111290238504,-1.1314226681466757,1.0975312553567766,-1.6399388418559087,1.0,0.0,0.0,0.0,12.226860081860359
1.3597454720203987,-1.116456979849418,1.0928513003174782,-1.6399388418559087,1.0,0.0,0.0,0.0,12.02455676409265
0.8809364433437854,-1.1014912915521602,1.0928513003174782,-1.958068646800114,1.0,0.0,0.0,0.0,12.272333120753473
-0.5238386035307508,-1.1264341053809208,1.0834913902388814,-0.9241467807314468,1.0,0.0,0.0,0.0,11.998439434579149
3.508003375814008,-1.181308295804197,1.0273319297672876,-1.4013414881477548,1.0,0.0,0.0,0.0,13.122367377396328
4.927584252574413,-1.1563654819754363,1.0226519747279892,-1.958068646800114,1.0,0.0,0.0,0.0,13.122367377396328
4.851723993441865,-1.166342607506939,1.0179720196886908,-1.71947129309196,1.0,0.0,0.0,0.0,13.122367377396328
2.325315777227521,-1.1214455426151657,1.0179720196886908,-1.3218090369117035,1.0,0.0,0.0,0.0,13.092730632429088
0.6706727319963954,-1.1912854213356996,1.0788114351995797,-0.20835471960698504,1.0,0.0,0.0,0.0,12.179220327453931
0.1423191064932135,-1.1912854213356996,1.0834913902388814,-0.28788717084303633,1.0,0.0,0.0,0.0,12.107362191339584
1.563207918755905,-1.1862968585699518,1.0788114351995797,-0.6060169757872417,1.0,0.0,0.0,0.0,12.561650487872974
1.4319958291666408,-1.1962739841014547,1.0741314801602813,-1.958068646800114,1.0,0.0,0.0,0.0,12.634606283893019
2.3643968900358066,-1.2162282351644673,1.069451525120983,-0.8446143294953956,0.0,0.0,1.0,0.0,12.775924437795926
2.2182743357204897,-1.2162282351644673,1.069451525120983,-1.0036792319674983,0.0,0.0,1.0,0.0,12.809844748669446
2.693316510150521,-1.2062511096329573,1.069451525120983,-1.1627441344396008,1.0,0.0,0.0,0.0,12.966179632299712
1.8144884874549625,-1.176319733038449,1.0554116600030845,-1.2422765856756521,1.0,0.0,0.0,0.0,12.812302081080515
0.7342907148275539,-1.171331170272694,1.0881713452781798,-1.1627441344396008,1.0,0.0,0.0,0.0,12.377505973448748
2.5267378445794617,-1.166342607506939,1.0741314801602813,-1.2422765856756521,1.0,0.0,0.0,0.0,12.705031132543777
1.2312015708557964,-1.181308295804197,1.0788114351995797,-0.20835471960698504,1.0,0.0,0.0,0.0,12.583484584029573
1.932202682660642,-1.181308295804197,1.0741314801602813,-1.0036792319674983,1.0,0.0,0.0,0.0,12.677328615270097
1.2675098603992376,-1.176319733038449,1.0741314801602813,-1.0036792319674983,1.0,0.0,0.0,0.0,12.56689248749841
1.4275488484588703,-1.176319733038449,1.0741314801602813,-1.0036792319674983,1.0,0.0,0.0,0.0,12.652682895940725
1.0768651815861274,-1.1862968585699518,1.0788114351995797,-0.12882226837093372,1.0,0.0,0.0,0.0,12.443517444755098
0.9541808314717637,-1.3359537415425222,1.1162510755139767,-1.0036792319674983,0.0,0.0,1.0,0.0,12.23125781971899
0.917140098047043,-1.3359537415425222,1.1209310305532751,-1.0832116832035494,0.0,0.0,1.0,0.0,12.194005125011843
1.1227998764263887,-1.3159994904795096,1.1162510755139767,-1.0832116832035494,0.0,0.0,1.0,0.0,12.198549416880068
-0.3930450533022178,-1.3259766160110196,1.1349708956711737,1.8594890125303492,0.0,0.0,1.0,0.0,12.050009304398564
-0.6929808226862898,-1.3259766160110196,1.130290940631872,1.8594890125303492,0.0,0.0,1.0,0.0,11.898874704662955
-0.13648042517392733,-1.3159994904795096,1.1349708956711737,1.8594890125303492,0.0,0.0,1.0,0.0,11.955692780409043
0.2988005099866305,-1.3409423043082773,1.1209310305532751,-0.28788717084303633,0.0,0.0,1.0,0.0,12.224408511383015
-0.8192750747869613,-1.345930867074025,1.1256109855925736,1.4618267563500926,0.0,0.0,1.0,0.0,11.80932691294063
0.03046446233777206,-1.3409423043082773,1.1209310305532751,0.9846320489337848,0.0,0.0,1.0,0.0,11.919729676079623
-0.6185331338962088,-1.3409423043082773,1.1256109855925736,0.9846320489337848,0.0,0.0,1.0,0.0,11.719947764402807
-1.1507582484861554,-1.3359537415425222,1.130290940631872,0.10977508533722025,0.0,0.0,1.0,0.0,11.902945238977257
0.6386021534803591,-1.3708736809027857,1.1349708956711737,-1.958068646800114,0.0,0.0,1.0,0.0,12.067965083912192
-0.22453064318777594,-1.3509194298397802,1.1068911654353768,-0.20835471960698504,0.0,0.0,1.0,0.0,12.094587859196112
0.07781172752050126,-1.355907992605535,1.1068911654353768,-1.0036792319674983,0.0,0.0,1.0,0.0,12.062208048765859
0.23073554644770206,-1.3908279319657983,1.1209310305532751,0.2688399878093229,0.0,0.0,1.0,0.0,12.074830060158243
0.2946151163793174,-1.3608965553712828,1.1068911654353768,0.42790489028142553,0.0,0.0,1.0,0.0,11.995357787034976
0.389623551265324,-1.365885118137038,1.1068911654353768,-0.20835471960698504,0.0,0.0,1.0,0.0,12.160557363077048
-0.31409806638427523,-1.365885118137038,1.1115711204746752,-0.8446143294953956,0.0,0.0,1.0,0.0,12.180759965737863
0.2609226978404473,-1.3509194298397802,1.1022112103960784,-0.04928981713488239,0.0,0.0,1.0,0.0,12.172003838488783
0.6495364942794646,-1.3409423043082773,1.0975312553567766,-0.04928981713488239,0.0,0.0,1.0,0.0,12.19602736016897
1.053479294805266,-1.345930867074025,1.1022112103960784,-1.0036792319674983,0.0,0.0,1.0,0.0,12.4016435409078
1.1262005087323304,-1.345930867074025,1.0975312553567766,-0.446952073315139,0.0,0.0,1.0,0.0,12.295003429279529
0.6126527131150182,-1.3409423043082773,1.1162510755139767,-1.8785361955640627,0.0,0.0,1.0,0.0,12.12703484943049
0.9992261301704705,-1.3309651787767673,1.1115711204746752,-1.4013414881477548,0.0,0.0,1.0,0.0,12.503956254903999
1.116417151175236,-1.3309651787767673,1.1115711204746752,-1.0036792319674983,0.0,0.0,1.0,0.0,12.369894975232734
1.3729817793035266,-1.3359537415425222,1.1068911654353768,-1.0036792319674983,0.0,0.0,1.0,0.0,12.378768860323028
0.18344059868506415,-1.3409423043082773,1.1068911654353768,-1.1627441344396008,0.0,0.0,1.0,0.0,12.046496440791149
0.7121604461288861,-1.3409423043082773,1.1068911654353768,-1.7990037443280114,0.0,0.0,1.0,0.0,12.414715569074824
1.0283146157412963,-1.345930867074025,1.1068911654353768,-1.0832116832035494,0.0,0.0,1.0,0.0,12.389647583180738
1.1935330283899794,-1.345930867074025,1.1068911654353768,-1.3218090369117035,0.0,0.0,1.0,0.0,12.424006650692137
0.6426305948273978,-1.355907992605535,1.0975312553567766,-0.12882226837093372,0.0,0.0,1.0,0.0,12.253914741377207
0.8494936738688459,-1.3509194298397802,1.0881713452781798,0.5074373415174769,0.0,0.0,1.0,0.0,12.211065162153215
1.1459241761067933,-1.345930867074025,1.0928513003174782,-1.4808739393838062,0.0,0.0,1.0,0.0,12.51503052432271
-0.17838667866714947,-1.3608965553712828,1.0928513003174782,0.42790489028142553,0.0,0.0,1.0,0.0,12.011886987792716
0.3216632225665782,-1.355907992605535,1.0928513003174782,-0.6855494270232929,0.0,0.0,1.0,0.0,12.334470257826283
-0.2622515030736848,-1.3608965553712828,1.0928513003174782,0.5074373415174769,0.0,0.0,1.0,0.0,11.916395250412128
0.29424889443867747,-1.355907992605535,1.0788114351995797,-0.6855494270232929,0.0,0.0,1.0,0.0,12.154784614286667
0.3001607629090073,-1.3708736809027857,1.0834913902388814,0.6665022439895795,0.0,0.0,1.0,0.0,12.188931573152257
-0.02195759259382401,-1.365885118137038,1.0788114351995797,0.7460346952256308,0.0,0.0,1.0,0.0,12.162125982647739
0.2718047212194614,-1.365885118137038,1.0788114351995797,0.7460346952256308,0.0,0.0,1.0,0.0,12.17664898415669
0.24784334281759382,-1.3708736809027857,1.0834913902388814,0.5869697927535281,0.0,0.0,1.0,0.0,12.128116509451258
0.18757367487228593,-1.365885118137038,1.1022112103960784,-0.28788717084303633,0.0,0.0,1.0,0.0,11.969090024509446
-0.11743688426065294,-1.3608965553712828,1.0975312553567766,-0.28788717084303633,0.0,0.0,1.0,0.0,12.009455390434104
0.05018812971223487,-1.3708736809027857,1.0928513003174782,0.03024263410116893,0.0,0.0,1.0,0.0,11.989165855127435
0.42802453761242104,-1.3708736809027857,1.1115711204746752,-0.20835471960698504,0.0,0.0,1.0,0.0,12.050009304398564
-0.4698993434165038,-1.3758622436685406,1.1068911654353768,0.5074373415174769,0.0,0.0,1.0,0.0,11.599112335481124
0.2391063336623282,-1.365885118137038,1.1068911654353768,0.03024263410116893,0.0,0.0,1.0,0.0,12.048254415120404
0.21394165459835807,-1.3708736809027857,1.1022112103960784,-0.3674196220790877,0.0,0.0,1.0,0.0,12.063938642041201
0.08759508507759549,-1.3708736809027857,1.1068911654353768,0.2688399878093229,0.0,0.0,1.0,0.0,12.000283875037855
-0.6589744996268713,-1.3808508064342957,1.1022112103960784,1.064164500169836,0.0,0.0,1.0,0.0,11.35159406537374
1.1170972776364243,-1.3758622436685406,1.0975312553567766,-2.0376010980361654,0.0,0.0,1.0,0.0,12.07254696717504
0.01816986861629003,-1.3758622436685406,1.1022112103960784,-1.958068646800114,0.0,0.0,1.0,0.0,11.630717389475995
0.13012914761191427,-1.405793620263056,1.1068911654353768,0.3483724390453742,0.0,0.0,1.0,0.0,12.26670197321789
-1.653371703304362,-1.3908279319657983,1.0881713452781798,0.8255671464616822,0.0,0.0,1.0,0.0,11.554077005184336
-1.225048985015962,-1.3908279319657983,1.0881713452781798,0.18930753657327157,0.0,0.0,1.0,0.0,11.294781892900653
-1.0688291686230023,-1.3908279319657983,1.0834913902388814,0.9050995976977334,0.0,0.0,1.0,0.0,11.153403615295403
-1.1896824090341667,-1.3958164947315534,1.0834913902388814,0.5074373415174769,0.0,0.0,1.0,0.0,11.305913595583258
-1.5154106665233054,-1.3958164947315534,1.0834913902388814,0.2688399878093229,0.0,0.0,1.0,0.0,11.243751064074187
-1.6406585702221486,-1.3958164947315534,1.0881713452781798,0.6665022439895795,0.0,0.0,1.0,0.0,11.136062390867204
-1.2650194939658017,-1.415770745794559,1.0975312553567766,0.5869697927535281,0.0,0.0,1.0,0.0,11.119897691565697
-0.06281749768521752,-1.3858393692000435,1.0975312553567766,0.42790489028142553,0.0,0.0,1.0,0.0,11.797359769127505
-0.9631479800383476,-1.3858393692000435,1.0881713452781798,0.2688399878093229,0.0,0.0,1.0,0.0,11.640447588047344
-0.6748789953346607,-1.3858393692000435,1.0928513003174782,1.1436969514058875,0.0,0.0,1.0,0.0,11.628047184686986
-0.3439713132564723,-1.3858393692000435,1.0928513003174782,0.18930753657327157,0.0,0.0,1.0,0.0,11.642206587981981
0.4276583156717811,-1.3708736809027857,1.0928513003174782,0.3483724390453742,0.0,0.0,1.0,0.0,11.806348526363516
0.3263194729547138,-1.3708736809027857,1.0928513003174782,0.3483724390453742,0.0,0.0,1.0,0.0,11.961456448214491
-0.294949890630818,-1.3758622436685406,1.0928513003174782,-0.7650818782593443,0.0,0.0,1.0,0.0,11.975407125004564
0.28106490457564137,-1.3758622436685406,1.0975312553567766,0.2688399878093229,0.0,0.0,1.0,0.0,11.919063679824545
-0.17263176245709394,-1.3758622436685406,1.0928513003174782,1.30276185387799,0.0,0.0,1.0,0.0,11.781432363235949
-0.8046785145814569,-1.3808508064342957,1.0928513003174782,-0.7650818782593443,0.0,0.0,1.0,0.0,11.701071692055445
0.01858840797702129,-1.3758622436685406,1.0881713452781798,1.3822943051140413,0.0,0.0,1.0,0.0,11.770671388994348
-0.7114488719785586,-1.3858393692000435,1.0881713452781798,0.5869697927535281,0.0,0.0,1.0,0.0,11.645715332733134
-1.047012804444883,-1.3858393692000435,1.0881713452781798,0.03024263410116893,0.0,0.0,1.0,0.0,11.484536278461452
-0.9437382171844332,-1.3858393692000435,1.0881713452781798,0.5074373415174769,0.0,0.0,1.0,0.0,11.489667073393028
-0.6505513949921535,-1.3858393692000435,1.0834913902388814,0.18930753657327157,0.0,0.0,1.0,0.0,11.610968271383634
-0.6959105982114089,-1.3858393692000435,1.0881713452781798,0.42790489028142553,0.0,0.0,1.0,0.0,11.44999631476691
-1.0515121025727443,-1.3908279319657983,1.0881713452781798,0.10977508533722025,0.0,0.0,1.0,0.0,11.588042213851855
-0.2622515030736848,-1.3708736809027857,1.0881713452781798,-0.28788717084303633,0.0,0.0,1.0,0.0,11.803361242493628
0.08654873667576689,-1.3708736809027857,1.0881713452781798,0.42790489028142553,0.0,0.0,1.0,0.0,12.116153408446742
-0.6797968328232534,-1.3708736809027857,1.0834913902388814,0.5074373415174769,0.0,0.0,1.0,0.0,11.892053442342334
-0.8774520459286126,-1.3808508064342957,1.0881713452781798,-1.0832116832035494,0.0,0.0,1.0,0.0,11.80036500801413
-0.7000436743986306,-1.3808508064342957,1.0881713452781798,0.3483724390453742,0.0,0.0,1.0,0.0,11.548302261270587
-0.07772796241127039,-1.3708736809027857,1.0788114351995797,0.7460346952256308,0.0,0.0,1.0,0.0,12.014312686825066
0.8597478882067626,-1.3708736809027857,1.0788114351995797,1.3822943051140413,0.0,0.0,1.0,0.0,12.258669839471109
0.03669023532865036,-1.3708736809027857,1.0741314801602813,0.9050995976977334,0.0,0.0,1.0,0.0,12.138334343884129
-0.05517915435187134,-1.3758622436685406,1.0834913902388814,1.064164500169836,0.0,0.0,1.0,0.0,11.88173350431221
-0.5194962576631634,-1.3758622436685406,1.0788114351995797,1.30276185387799,0.0,0.0,1.0,0.0,11.852257893055606
-0.15248955572189987,-1.3758622436685406,1.0788114351995797,1.4618267563500926,0.0,0.0,1.0,0.0,11.855102824953585
-0.37625116145287424,-1.3758622436685406,1.0788114351995797,1.1436969514058875,0.0,0.0,1.0,0.0,11.860768522363712
0.09225133546573111,-1.3758622436685406,1.0788114351995797,1.2232294026419388,0.0,0.0,1.0,0.0,11.92371636583374
-0.106921082822279,-1.3808508064342957,1.0834913902388814,1.30276185387799,0.0,0.0,1.0,0.0,11.806348526363516
-0.442066475927872,-1.3758622436685406,1.0834913902388814,1.30276185387799,0.0,0.0,1.0,0.0,11.81894585784987
0.1132306209223877,-1.3758622436685406,1.0834913902388814,1.3822943051140413,0.0,0.0,1.0,0.0,11.867805799560465
-0.42213353887304356,-1.3808508064342957,1.0834913902388814,1.2232294026419388,0.0,0.0,1.0,0.0,11.815257205114566
-0.5238386035307508,-1.3808508064342957,1.0834913902388814,1.2232294026419388,0.0,0.0,1.0,0.0,11.801114908687438
-0.3363852873432174,-1.3808508064342957,1.0834913902388814,0.8255671464616822,0.0,0.0,1.0,0.0,11.813777925845397
-0.31022657729751063,-1.3808508064342957,1.0834913902388814,0.7460346952256308,0.0,0.0,1.0,0.0,11.623580937568695
-0.41988388980911273,-1.3858393692000435,1.0834913902388814,1.30276185387799,0.0,0.0,1.0,0.0,11.622685289462678
-0.5780394507454549,-1.3908279319657983,1.0834913902388814,0.7460346952256308,0.0,0.0,1.0,0.0,11.558863947911393
0.0343882688446282,-1.3808508064342957,1.0788114351995797,1.4618267563500926,0.0,0.0,1.0,0.0,11.872702592158976
-0.5949379774349813,-1.3808508064342957,1.0788114351995797,1.2232294026419388,0.0,0.0,1.0,0.0,11.8515453936489
-1.1485085994222244,-1.3808508064342957,1.0788114351995797,0.18930753657327157,0.0,0.0,1.0,0.0,11.8879382384223
-0.3930450533022178,-1.3808508064342957,1.0788114351995797,1.064164500169836,0.0,0.0,1.0,0.0,11.87688084212164
-0.8008070254946923,-1.3858393692000435,1.0788114351995797,1.30276185387799,0.0,0.0,1.0,0.0,11.56362808494399
-1.1610124628240721,-1.3858393692000435,1.0788114351995797,0.42790489028142553,0.0,0.0,1.0,0.0,11.56362808494399
-0.5124857233709141,-1.3858393692000435,1.0788114351995797,1.4618267563500926,0.0,0.0,1.0,0.0,11.467938559235831
-1.235931008394976,-1.3908279319657983,1.0834913902388814,0.7460346952256308,0.0,0.0,1.0,0.0,11.310821520675269
-0.4133442122976862,-1.3908279319657983,1.0788114351995797,1.30276185387799,0.0,0.0,1.0,0.0,11.277215789596893
-1.5211655827333608,-1.3908279319657983,1.0788114351995797,-0.12882226837093372,0.0,0.0,1.0,0.0,11.569315250157509
-1.328742111637143,-1.3908279319657983,1.0788114351995797,-0.20835471960698504,0.0,0.0,1.0,0.0,11.196857635323791
-1.074741037093332,-1.3908279319657983,1.0788114351995797,0.9846320489337848,0.0,0.0,1.0,0.0,11.286037411751035
-1.3391009608152429,-1.3958164947315534,1.0788114351995797,1.6208916588221953,0.0,0.0,1.0,0.0,11.178864319331653
-1.0933137212257837,-1.3858393692000435,1.0741314801602813,-0.7650818782593443,0.0,0.0,1.0,0.0,11.385103457032141
-0.8062480371841994,-1.3858393692000435,1.0741314801602813,-0.04928981713488239,0.0,0.0,1.0,0.0,11.342149006315793
-1.190885709696269,-1.3908279319657983,1.0788114351995797,1.1436969514058875,0.0,0.0,1.0,0.0,11.282266241614355
-0.43228311837077776,-1.3908279319657983,1.0741314801602813,-0.9241467807314468,0.0,0.0,1.0,0.0,11.7085004721646
-1.4775328543771222,-1.3958164947315534,1.0788114351995797,0.9050995976977334,0.0,0.0,1.0,0.0,11.143324481431074
-1.1124095795591493,-1.3958164947315534,1.0741314801602813,1.30276185387799,0.0,0.0,1.0,0.0,10.542732775946709
0.6153209015396801,-1.4008050574973012,1.0647715700816813,-0.8446143294953956,0.0,0.0,1.0,0.0,12.505439929198145
0.0731031597122739,-1.4207593085603138,1.0741314801602813,1.4618267563500926,0.0,0.0,1.0,0.0,12.522710182912336
-0.3080292456536713,-1.415770745794559,1.0788114351995797,1.8594890125303492,0.0,0.0,1.0,0.0,12.524530013005734
-0.9142835096729677,-1.3808508064342957,1.0741314801602813,0.10977508533722025,0.0,0.0,1.0,0.0,11.461642696843066
-1.1251227126413628,-1.3858393692000435,1.0741314801602813,0.8255671464616822,0.0,0.0,1.0,0.0,11.424105180165641
-1.1005335251983985,-1.3908279319657983,1.0741314801602813,1.2232294026419388,0.0,0.0,1.0,0.0,11.363276304750233
-1.575889604148979,-1.3958164947315534,1.0741314801602813,0.6665022439895795,0.0,0.0,1.0,0.0,11.340962076644454
-1.439393455130482,-1.3758622436685406,1.0647715700816813,0.5869697927535281,0.0,0.0,1.0,0.0,11.448930795918299
-1.022214347321553,-1.3858393692000435,1.069451525120983,0.5869697927535281,0.0,0.0,1.0,0.0,11.451060699493427
-1.299235086705586,-1.3908279319657983,1.069451525120983,1.8594890125303492,0.0,0.0,1.0,0.0,11.554077005184336
0.21619130366228917,-1.3858393692000435,1.0647715700816813,-1.958068646800114,0.0,0.0,1.0,0.0,12.137799158081608
-0.7998129945129554,-1.3758622436685406,1.0741314801602813,0.42790489028142553,0.0,0.0,1.0,0.0,11.410903813540878
-0.4502803108822238,-1.3758622436685406,1.0741314801602813,-0.12882226837093372,0.0,0.0,1.0,0.0,11.621788838451959
-1.2733902811804279,-1.3808508064342957,1.0741314801602813,0.2688399878093229,0.0,0.0,1.0,0.0,11.388506711556236
-0.6467845407455718,-1.3808508064342957,1.0741314801602813,1.30276185387799,0.0,0.0,1.0,0.0,11.627155529627064
-0.34219252097336417,-1.3858393692000435,1.0741314801602813,0.9846320489337848,0.0,0.0,1.0,0.0,11.959538914341756
0.5976899309688741,-1.3708736809027857,1.069451525120983,0.03024263410116893,0.0,0.0,1.0,0.0,11.853681370708943
-0.8612336457002745,-1.3758622436685406,1.069451525120983,-0.20835471960698504,0.0,0.0,1.0,0.0,11.715057818961629
-0.31854504709204545,-1.3708736809027857,1.069451525120983,-0.04928981713488239,0.0,0.0,1.0,0.0,11.768350322738119
-0.6468368581656633,-1.3708736809027857,1.0647715700816813,0.42790489028142553,0.0,0.0,1.0,0.0,11.691916481667727
-0.12272094368988566,-1.365885118137038,1.0647715700816813,1.1436969514058875,0.0,0.0,1.0,0.0,12.091789104493502
0.12468813592240743,-1.365885118137038,1.0647715700816813,1.30276185387799,0.0,0.0,1.0,0.0,12.088420226343088
0.7675122765856015,-1.365885118137038,1.0741314801602813,0.8255671464616822,0.0,0.0,1.0,0.0,12.565497305532237
0.6087812240282539,-1.365885118137038,1.0741314801602813,0.5869697927535281,0.0,0.0,1.0,0.0,12.442728493191302
0.6437292606493178,-1.3708736809027857,1.0741314801602813,0.9050995976977334,0.0,0.0,1.0,0.0,12.418361497172986
1.1464996677277988,-1.3608965553712828,1.069451525120983,0.2688399878093229,0.0,0.0,1.0,0.0,12.68106692573485
1.0812598448738062,-1.355907992605535,1.069451525120983,0.5074373415174769,0.0,0.0,1.0,0.0,12.57141343235417
1.381038661997604,-1.355907992605535,1.069451525120983,0.2688399878093229,0.0,0.0,1.0,0.0,12.901719200051183
-0.19219847757128242,-1.365885118137038,1.0741314801602813,0.5869697927535281,0.0,0.0,1.0,0.0,12.475721848739754
-0.6284734437135773,-1.3708736809027857,1.0741314801602813,0.3483724390453742,0.0,0.0,1.0,0.0,10.021315031649332
-0.5392199250376262,-1.365885118137038,1.069451525120983,0.10977508533722025,0.0,0.0,1.0,0.0,12.118884889350285
-0.07966370695465258,-1.365885118137038,1.069451525120983,0.7460346952256308,0.0,0.0,1.0,0.0,12.3018418108936
-0.7200289288735503,-1.365885118137038,1.069451525120983,-1.3218090369117035,0.0,0.0,1.0,0.0,12.184854116317803
-0.27041302060794525,-1.3708736809027857,1.069451525120983,-0.5264845245511903,0.0,0.0,1.0,0.0,12.138334343884129
0.14776011818272033,-1.365885118137038,1.069451525120983,1.1436969514058875,0.0,0.0,1.0,0.0,12.26528921768626
-0.6026809556085105,-1.365885118137038,1.0647715700816813,0.18930753657327157,0.0,0.0,1.0,0.0,12.292713537231938
-0.4876872662475842,-1.3608965553712828,1.0647715700816813,0.8255671464616822,0.0,0.0,1.0,0.0,12.208075638200357
-0.1277434160186615,-1.3608965553712828,1.0647715700816813,0.9050995976977334,0.0,0.0,1.0,0.0,12.250572667806054
-0.49930173350787804,-1.3608965553712828,1.060091615042383,0.6665022439895795,0.0,0.0,1.0,0.0,12.288578471082884
-0.24441126282251285,-1.3608965553712828,1.060091615042383,0.9846320489337848,0.0,0.0,1.0,0.0,12.314931534737134
-0.7751714896498998,-1.3608965553712828,1.060091615042383,0.5074373415174769,0.0,0.0,1.0,0.0,11.86147448281689
-0.8418238828463603,-1.3608965553712828,1.060091615042383,0.10977508533722025,0.0,0.0,1.0,0.0,11.998439434579149
0.6763753307863597,-1.355907992605535,1.0647715700816813,0.7460346952256308,0.0,0.0,1.0,0.0,12.480673277818179
0.09277450966664541,-1.355907992605535,1.0647715700816813,1.3822943051140413,0.0,0.0,1.0,0.0,12.476103599529843
0.8681709928414806,-1.355907992605535,1.0647715700816813,0.9050995976977334,0.0,0.0,1.0,0.0,12.519791548657462
0.2889648350094449,-1.355907992605535,1.060091615042383,1.8594890125303492,0.0,0.0,1.0,0.0,12.366919427768636
1.4028027087556318,-1.3509194298397802,1.0647715700816813,0.7460346952256308,0.0,0.0,1.0,0.0,12.7896867284182
1.2961798066093317,-1.3509194298397802,1.060091615042383,1.6208916588221953,0.0,0.0,1.0,0.0,12.718000661438602
0.12814108564844057,-1.3509194298397802,1.060091615042383,1.8594890125303492,0.0,0.0,1.0,0.0,12.568981617474362
1.0210948117686813,-1.3509194298397802,1.0647715700816813,0.9846320489337848,0.0,0.0,1.0,0.0,12.6897356838327
1.303033388641307,-1.345930867074025,1.0647715700816813,1.4618267563500926,0.0,0.0,1.0,0.0,12.66191713053049
1.7958634859024196,-1.3509194298397802,1.0647715700816813,1.541359207586144,0.0,0.0,1.0,0.0,12.710480720812354
-0.06307908478567467,-2.293757792566984,2.885274080369116,-1.0036792319674983,0.0,0.0,0.0,1.0,11.602775309696066
-0.9922364656091732,-2.3586091085217626,2.885274080369116,-0.7650818782593443,0.0,0.0,0.0,1.0,11.359785940419789
-0.7302308257913759,-2.3236891691614994,2.8618743051726208,-1.4013414881477548,0.0,0.0,0.0,1.0,11.200964361058276
-0.6784365799008769,-2.313712043629989,2.871234215251221,-0.9241467807314468,0.0,0.0,0.0,1.0,11.133142723386813
-1.156670116956485,-2.3037349180984865,2.8759141702905193,-1.0832116832035494,0.0,0.0,0.0,1.0,11.219909190927746
-1.1365802276413823,-2.3187006063957445,2.852514395094021,-0.04928981713488239,0.0,0.0,0.0,1.0,11.268315653289422
-0.9777445402438517,-2.313712043629989,2.8618743051726208,-0.6855494270232929,0.0,0.0,0.0,1.0,11.110969193687714
-0.7406943098096584,-2.293757792566984,2.8665542602119194,-0.6855494270232929,0.0,0.0,0.0,1.0,11.570259974415547
-0.8859274679834216,-2.288769229801229,2.8571943501333226,-1.0832116832035494,0.0,0.0,0.0,1.0,11.149096419938578
-0.8377431240792301,-2.278792104269726,2.9554734059586085,-0.6060169757872417,0.0,0.0,0.0,1.0,11.715057818961629
-0.9117199560884883,-2.288769229801229,2.94143354084071,-0.7650818782593443,0.0,0.0,0.0,1.0,11.225256725762893
-0.442066475927872,-2.3586091085217626,2.9039939005263165,-0.9241467807314468,0.0,0.0,0.0,1.0,11.548302261270587
-0.8315696685084433,-2.2837806670354808,2.889954035408418,-0.9241467807314468,0.0,0.0,0.0,1.0,11.54346436927906
-0.4747648634850053,-2.1640551606574188,2.8291146198975254,-0.5264845245511903,0.0,0.0,0.0,0.0,11.936237039973754
-0.39042918229764717,-2.1241466585314006,2.922713720683513,-0.8446143294953956,0.0,0.0,0.0,0.0,11.667370387218226
-0.9710479104721509,-2.1690437234231736,2.763595249347335,-0.5264845245511903,0.0,0.0,0.0,1.0,11.171856680390034
-1.215160992618685,-0.18359574265371711,1.5561668492081115,-0.6855494270232929,1.0,0.0,0.0,0.0,12.26670197321789
-0.9711525453123337,-0.18858430541947205,1.5514868941688131,-0.5264845245511903,1.0,0.0,0.0,0.0,11.37940550085183
-1.1257505216824597,-0.18858430541947205,1.5514868941688131,-0.6060169757872417,1.0,0.0,0.0,0.0,11.431726255472853
-0.8142002850380942,-0.18359574265371711,1.5514868941688131,-0.28788717084303633,1.0,0.0,0.0,0.0,11.421917019425596
-0.6742511862935638,-0.18858430541947205,1.5468069391295116,-0.3674196220790877,1.0,0.0,0.0,0.0,12.063362110324636
-0.7243712747411377,-0.17860717988796923,1.5468069391295116,-0.12882226837093372,1.0,0.0,0.0,0.0,12.206077645517674
-0.999037730221057,-0.19856143095097487,1.5468069391295116,-0.20835471960698504,1.0,0.0,0.0,0.0,11.345701365855424
-0.363956567731392,-0.19856143095097487,1.5421269840902132,-0.3674196220790877,1.0,0.0,0.0,0.0,11.582460855933538
-0.17503836378129892,-0.20354999371672983,1.5561668492081115,-0.28788717084303633,1.0,0.0,0.0,0.0,11.650955473631058
-0.8461662287139475,-0.1935728681852199,1.5468069391295116,-0.7650818782593443,1.0,0.0,0.0,0.0,11.787529896628678
-1.0388512869106223,-0.1935728681852199,1.5468069391295116,-0.12882226837093372,1.0,0.0,0.0,0.0,11.554077005184336
-0.5473814425718867,-0.1935728681852199,1.5421269840902132,-0.5264845245511903,1.0,0.0,0.0,0.0,11.612779849672751
0.3786368930461268,-0.18359574265371711,1.5374470290509148,-0.3674196220790877,1.0,0.0,0.0,0.0,11.82628259408539
-1.0329917358603842,-0.20354999371672983,1.5468069391295116,-0.28788717084303633,1.0,0.0,0.0,0.0,11.605513761992055
0.08654873667576689,-0.20354999371672983,1.5468069391295116,-0.446952073315139,1.0,0.0,0.0,0.0,11.505910920476012
-0.3734260207679378,-0.20853855648247768,1.5468069391295116,-0.3674196220790877,1.0,0.0,0.0,0.0,11.548302261270587
-0.4162739878228052,-0.20853855648247768,1.5468069391295116,-0.5264845245511903,1.0,0.0,0.0,0.0,11.682676678340282
-0.5059983632795789,-0.20853855648247768,1.5421269840902132,-0.446952073315139,1.0,0.0,0.0,0.0,11.862884910339652
-0.8099625740106896,-0.20354999371672983,1.5421269840902132,-0.04928981713488239,1.0,0.0,0.0,0.0,11.359785940419789
-0.6359548347866494,-0.20354999371672983,1.5421269840902132,-0.28788717084303633,1.0,0.0,0.0,0.0,11.412010608265987
-0.37996569827936455,-0.20354999371672983,1.5374470290509148,-0.12882226837093372,1.0,0.0,0.0,0.0,11.372524818667134
-0.9445752959058957,-0.20354999371672983,1.5374470290509148,-0.04928981713488239,1.0,0.0,0.0,0.0,11.403121759615027
0.05018812971223487,-0.21352711924823262,1.5421269840902132,-0.9241467807314468,1.0,0.0,0.0,0.0,12.655238799709434
-0.4605345252201408,-0.21851568201398758,1.5421269840902132,-0.5264845245511903,1.0,0.0,0.0,0.0,11.744838452135683
-0.28605592921527784,-0.21352711924823262,1.5374470290509148,-0.9241467807314468,1.0,0.0,0.0,0.0,11.748795687555171
-0.19685472795941827,-0.21352711924823262,1.5374470290509148,-0.20835471960698504,1.0,0.0,0.0,0.0,11.548302261270587
-1.1287326146276702,-0.21851568201398758,1.5374470290509148,-0.446952073315139,1.0,0.0,0.0,0.0,11.473155000731508
-0.6284734437135773,-0.21851568201398758,1.5374470290509148,-0.28788717084303633,1.0,0.0,0.0,0.0,11.554077005184336
-0.8740514136226708,-0.22350424477973543,1.532767074011613,-0.5264845245511903,1.0,0.0,0.0,0.0,11.582460855933538
-0.33308928987745834,-0.22350424477973543,1.5374470290509148,-0.3674196220790877,1.0,0.0,0.0,0.0,11.531757032705352
-0.9325422892848708,-0.21851568201398758,1.532767074011613,-0.12882226837093372,1.0,0.0,0.0,0.0,11.455306945297822
-0.9894113249242369,-0.21851568201398758,1.532767074011613,-0.9241467807314468,1.0,0.0,0.0,0.0,11.370220696727491
-0.45378557802834846,-0.21851568201398758,1.5234071639330162,-0.3674196220790877,1.0,0.0,0.0,0.0,11.520903555205116
-0.19685472795941827,-0.20354999371672983,1.5280871189723146,-1.0036792319674983,1.0,0.0,0.0,0.0,11.810812786275873
0.6254704810374143,-0.1736186171222143,1.532767074011613,-1.0832116832035494,1.0,0.0,0.0,0.0,11.998439434579149
0.1824465677033273,-0.21352711924823262,1.514047253854416,-1.3218090369117035,1.0,0.0,0.0,0.0,11.756663486852712
-0.15950009001414917,-0.1935728681852199,1.500007388736521,-0.9241467807314468,1.0,0.0,0.0,0.0,11.605513761992055
0.2391063336623282,-0.22350424477973543,1.462567748422124,-1.0832116832035494,1.0,0.0,0.0,0.0,11.7068543948059
-0.04560506647514273,-0.23348137031124536,1.5093672988151177,-1.0036792319674983,1.0,0.0,0.0,0.0,11.675902789388996
-0.022480766794738084,-0.2284928075454904,1.5234071639330162,-1.0832116832035494,1.0,0.0,0.0,0.0,11.685205103383671
-0.4495478670009441,-0.22350424477973543,1.5093672988151177,-0.7650818782593443,1.0,0.0,0.0,0.0,11.488643018250334
-0.5238386035307508,-0.27837843520301153,1.6029663996011054,-0.5264845245511903,1.0,0.0,0.0,0.0,11.37940550085183
0.08110772498626004,-0.2933441235002693,1.5936064895225053,-0.8446143294953956,1.0,0.0,0.0,0.0,11.744045122410057
0.5748272183889264,-0.2933441235002693,1.579566624404607,-1.0036792319674983,1.0,0.0,0.0,0.0,12.237091546357338
0.10208701044291664,-0.24345849584274815,1.579566624404607,-0.7650818782593443,1.0,0.0,0.0,0.0,12.988834270491479
-1.047012804444883,-0.2634127469057538,1.532767074011613,0.3483724390453742,1.0,0.0,0.0,0.0,13.122367377396328
0.499542450877383,-0.6974177075262147,1.532767074011613,-1.71947129309196,1.0,0.0,0.0,0.0,12.056417678159836
0.02811017843365861,-0.7323376468864852,1.4859675236186225,-1.4013414881477548,1.0,0.0,0.0,0.0,12.003962581340353
-0.059521500219458505,-0.5727036383824048,1.5468069391295116,-1.4808739393838062,1.0,0.0,0.0,0.0,11.636920278634463
-0.5097129001060692,-0.6525206426344414,1.532767074011613,-1.0832116832035494,1.0,0.0,0.0,0.0,11.754309639974188
-0.3523944178911897,-0.6724748936974542,1.5093672988151177,-1.4013414881477548,1.0,0.0,0.0,0.0,11.76446986680519
-0.3729028465670237,-0.6325663915714358,1.4859675236186225,-1.4013414881477548,1.0,0.0,0.0,0.0,11.795099898183592
-0.4875303139873101,-0.617600703274178,1.5234071639330162,-0.9241467807314468,1.0,0.0,0.0,0.0,11.68940499028055
-1.1269538223445623,-0.6076235777426753,1.4953274336972193,-1.0832116832035494,1.0,0.0,0.0,0.0,11.682676678340282
-0.21317776302793925,-0.5677150756166498,1.5046873437758195,-1.6399388418559087,1.0,0.0,0.0,0.0,11.696088334428081
0.5660902092336607,-0.46295525753585254,1.514047253854416,-1.4808739393838062,1.0,0.0,0.0,0.0,11.37940550085183
-1.5452315959754108,-0.36318400222080316,1.5280871189723146,-1.4013414881477548,1.0,0.0,0.0,0.0,11.466891997618188
0.4352966590051277,-0.7572804607152458,1.4251281081077303,-1.0832116832035494,1.0,0.0,0.0,0.0,12.27045959268099
1.5526397998974395,-0.7522918979494908,1.4204481530684319,-1.4808739393838062,1.0,0.0,0.0,0.0,12.386730318837426
1.2753574734129494,-0.742314772417988,1.4344880181863302,-1.5604063906198575,1.0,0.0,0.0,0.0,12.34104487465108
0.7628560261974654,-0.7123833958234725,1.3783285577147364,-1.3218090369117035,1.0,0.0,0.0,0.0,12.289958727201455
0.44539392108277015,-0.7173719585892274,1.4485278833042254,-1.71947129309196,1.0,0.0,0.0,0.0,12.193498926601634
0.12557753206396124,-0.7073948330577176,1.4298080631470285,-1.8785361955640627,1.0,0.0,0.0,0.0,12.058158312538197
0.33918955829720165,-0.7223605213549753,1.4157681980291301,-1.958068646800114,1.0,0.0,0.0,0.0,12.200562492481511
0.8187833482751863,-0.7073948330577176,1.4204481530684319,-1.6399388418559087,1.0,0.0,0.0,0.0,12.14367050736717
0.8934403067456328,-0.7024062702919697,1.4204481530684319,-1.2422765856756521,1.0,0.0,0.0,0.0,12.136727926437826
-0.3407276332108045,-0.7024062702919697,1.4157681980291301,-1.5604063906198575,1.0,0.0,0.0,0.0,12.003350402638521
-0.30337299526553546,-0.7024062702919697,1.4251281081077303,-1.8785361955640627,1.0,0.0,0.0,0.0,12.083345533043149
0.6942155710375314,-0.6874405819947119,1.4298080631470285,-1.4808739393838062,1.0,0.0,0.0,0.0,12.288117962028046
0.014298379529525417,-0.6924291447604598,1.4157681980291301,-1.4013414881477548,1.0,0.0,0.0,0.0,12.105152257898368
0.10208701044291664,-0.6974177075262147,1.4110882429898317,-1.5604063906198575,1.0,0.0,0.0,0.0,12.613539082975452
0.35603576756663646,-0.6774634564632092,1.4110882429898317,-1.3218090369117035,1.0,0.0,0.0,0.0,12.04414765726144
0.16115337772612248,-0.6674863309316992,1.3970483778719331,-1.3218090369117035,1.0,0.0,0.0,0.0,12.243373247217953
0.2730080218815639,-0.6874405819947119,1.4766076135400223,-1.3218090369117035,1.0,0.0,0.0,0.0,12.219980481653478
0.8553009074989927,-0.6774634564632092,1.4672477034614257,-1.5604063906198575,1.0,0.0,0.0,0.0,12.187404474495082
0.5015828302609481,-0.6674863309316992,1.4485278833042254,-1.4013414881477548,1.0,0.0,0.0,0.0,12.348444223321136
0.06473237249764777,-0.6475320798686935,1.4391679732256286,-1.2422765856756521,1.0,0.0,0.0,0.0,12.02814741073532
0.4963510882518068,-0.6325663915714358,1.4672477034614257,-1.4013414881477548,1.0,0.0,0.0,0.0,12.12595201815431
-0.6873305413164171,-0.6425435171029387,1.4578877933828256,-1.0832116832035494,1.0,0.0,0.0,0.0,11.892053442342334
-0.8629078031431997,-0.6275778288056809,1.4532078383435272,-0.9241467807314468,1.0,0.0,0.0,0.0,11.762134344805622
-0.5208565105855403,-0.6325663915714358,1.4485278833042254,-0.9241467807314468,1.0,0.0,0.0,0.0,11.867805799560465
-0.7145879171840432,-0.617600703274178,1.4485278833042254,0.7460346952256308,1.0,0.0,0.0,0.0,11.699413330633599
-0.897751204924081,-0.6026350149769203,1.4532078383435272,-0.04928981713488239,1.0,0.0,0.0,0.0,11.61999352194924
-0.808236099147673,-0.617600703274178,1.4532078383435272,0.03024263410116893,1.0,0.0,0.0,0.0,11.7085004721646
-0.647203080106303,-0.5926578894454175,1.462567748422124,-0.6060169757872417,1.0,0.0,0.0,0.0,11.908346971208951
-1.210504742230549,-0.5926578894454175,1.4485278833042254,-0.9241467807314468,1.0,0.0,0.0,0.0,11.592669666556795
-0.46660334595074476,-0.6026350149769203,1.4485278833042254,0.18930753657327157,1.0,0.0,0.0,0.0,11.759011806144656
-0.6011114330057681,-0.617600703274178,1.4485278833042254,1.064164500169836,1.0,0.0,0.0,0.0,11.76446986680519
-0.12329643531089127,-0.6026350149769203,1.443847928264927,-0.7650818782593443,1.0,0.0,0.0,0.0,11.924379271639218
-0.5107592485078976,-0.5627265128509019,1.4578877933828256,-0.7650818782593443,1.0,0.0,0.0,0.0,11.974777207691876
-0.49930173350787804,-0.5677150756166498,1.4485278833042254,-0.9241467807314468,1.0,0.0,0.0,0.0,11.85864764578841
0.08042759852507186,-0.5028637596618709,1.4672477034614257,-1.0832116832035494,1.0,0.0,0.0,0.0,11.857939686169175
-0.794162713143083,-0.5028637596618709,1.4672477034614257,-0.6060169757872417,1.0,0.0,0.0,0.0,11.596356272699
-0.4470889482566476,-0.5128408851933737,1.462567748422124,-0.5264845245511903,1.0,0.0,0.0,0.0,11.579658451506333
-1.12465185586054,-0.5078523224276259,1.462567748422124,-0.6060169757872417,1.0,0.0,0.0,0.0,11.458479838780507
-0.6048782872523499,-0.5278065734906314,1.4578877933828256,-0.9241467807314468,1.0,0.0,0.0,0.0,11.674202123168433
0.10182542334245971,-0.5627265128509019,1.4298080631470285,-1.2422765856756521,1.0,0.0,0.0,0.0,11.929666757272708
0.10004663105935163,-0.5278065734906314,1.4485278833042254,-1.4013414881477548,1.0,0.0,0.0,0.0,11.850832386224807
0.07503890425565632,-0.5228180107248837,1.4391679732256286,-1.4808739393838062,1.0,0.0,0.0,0.0,11.792078770667635
-0.4171633839643593,-0.5278065734906314,1.4251281081077303,-1.1627441344396008,1.0,0.0,0.0,0.0,11.788289480716973
0.05489669752046201,-0.4829095085988653,1.4578877933828256,-1.5604063906198575,1.0,0.0,0.0,0.0,11.824819546736247
-0.6747743604944779,-0.5926578894454175,1.3876884677933365,-1.1627441344396008,1.0,0.0,0.0,0.0,11.80410890048989
-0.717831597229711,-0.5427722617878893,1.3923684228326347,-0.7650818782593443,1.0,0.0,0.0,0.0,11.747214672056005
-0.62413109784599,-0.5727036383824048,1.373648602675438,-1.6399388418559087,1.0,0.0,0.0,0.0,11.685205103383671
-0.1379976303565785,-0.5078523224276259,1.354928782518241,-1.0832116832035494,1.0,0.0,0.0,0.0,11.51293546492023
-0.16195900875844566,-0.373161127752306,1.4391679732256286,-1.2422765856756521,1.0,0.0,0.0,0.0,11.65789988570203
0.3917162480689803,-0.25343562137425096,1.4812875685793208,0.42790489028142553,1.0,0.0,0.0,0.0,11.998439434579149
0.10799887891324648,-0.6525206426344414,1.3783285577147364,-1.6399388418559087,1.0,0.0,0.0,0.0,12.047668766996187
0.9736429117457696,-0.6325663915714358,1.4017283329112349,-1.3218090369117035,1.0,0.0,0.0,0.0,12.246739428005663
-0.4288824860648357,-0.617600703274178,1.4204481530684319,-1.1627441344396008,1.0,0.0,0.0,0.0,11.685205103383671
-0.17012052629270616,-0.5926578894454175,1.4110882429898317,-0.9241467807314468,1.0,0.0,0.0,0.0,11.956976469393481
-0.20355135773111913,-0.6375549543371837,1.4298080631470285,-0.8446143294953956,1.0,0.0,0.0,0.0,11.859355104555387
-0.9287754350382891,-0.11874442669893819,0.5125368754443619,1.779956561294298,1.0,0.0,0.0,0.0,10.945547126244623
-1.3101694275046911,-0.11874442669893819,0.5125368754443619,1.4618267563500926,1.0,0.0,0.0,0.0,10.811766273800105
-1.210504742230549,-0.11874442669893819,0.5172168304836636,0.5869697927535281,1.0,0.0,0.0,0.0,10.768506042432708
-0.9946953843534696,-0.10876730116743538,0.5125368754443619,1.8594890125303492,1.0,0.0,0.0,0.0,10.768506042432708
-1.1379927979838504,-0.11375586393318324,0.5125368754443619,1.30276185387799,1.0,0.0,0.0,0.0,10.709985739582528
-1.5302688138292666,-0.11375586393318324,0.5078569204050636,1.1436969514058875,1.0,0.0,0.0,0.0,10.827766295132466
-1.1996227188515352,-0.11874442669893819,0.5078569204050636,1.3822943051140413,1.0,0.0,0.0,0.0,10.945547126244623
-0.8662038006089587,-0.11874442669893819,0.5125368754443619,1.7004241100582467,1.0,0.0,0.0,0.0,10.988693712621323
-0.9021981856318511,-0.09879017563592547,0.5125368754443619,1.2232294026419388,1.0,0.0,0.0,0.0,10.87806606028079
-1.382158197550476,-0.10377873840168042,0.5125368754443619,1.8594890125303492,1.0,0.0,0.0,0.0,10.675931008412125
-1.0951971483490743,-0.09879017563592547,0.5125368754443619,1.30276185387799,1.0,0.0,0.0,0.0,10.87049040995193
-1.2313270754269316,-0.09879017563592547,0.521896785522962,0.8255671464616822,1.0,0.0,0.0,0.0,10.75579427616868
-1.2145855009976794,-0.09879017563592547,0.5172168304836636,-0.6855494270232929,1.0,0.0,0.0,0.0,11.44999631476691
-0.7176746449694367,-0.10377873840168042,0.5172168304836636,-1.0832116832035494,1.0,0.0,0.0,0.0,11.410903813540878
-1.380536357527642,-0.10377873840168042,0.521896785522962,0.5074373415174769,1.0,0.0,0.0,0.0,10.819798284210286
-1.4779513937378534,-0.10876730116743538,0.5172168304836636,0.5074373415174769,1.0,0.0,0.0,0.0,10.586609649448985
-0.9243807717506104,-0.10876730116743538,0.5172168304836636,1.8594890125303492,1.0,0.0,0.0,0.0,11.225256725762893
-1.609948244628489,-0.11375586393318324,0.5172168304836636,-0.28788717084303633,1.0,0.0,0.0,0.0,10.85516473308054
-1.320266689582334,-0.11375586393318324,0.521896785522962,0.9846320489337848,1.0,0.0,0.0,0.0,11.021918808236205
-1.4404398035323103,-0.10876730116743538,0.521896785522962,0.3483724390453742,1.0,0.0,0.0,0.0,10.751520856703959
-1.0356599242850462,-0.12373298946468606,0.5172168304836636,1.8594890125303492,1.0,0.0,0.0,0.0,10.687411927154141
-0.6585036428460485,-0.12373298946468606,0.5078569204050636,-0.9241467807314468,1.0,0.0,0.0,0.0,10.898607948952096
-0.7651788624124399,-0.128721552230441,0.5125368754443619,-0.6060169757872417,1.0,0.0,0.0,0.0,11.036517370851499
0.24784334281759382,-0.128721552230441,0.5078569204050636,-0.04928981713488239,1.0,0.0,0.0,0.0,11.119897691565697
-0.7636093398096975,-0.128721552230441,0.5031769653657652,1.1436969514058875,1.0,0.0,0.0,0.0,11.210481638644469
-1.3739966800162153,-0.10876730116743538,0.5078569204050636,-0.7650818782593443,1.0,0.0,0.0,0.0,10.87806606028079
-0.9793663802666855,-0.11375586393318324,0.5031769653657652,0.03024263410116893,1.0,0.0,0.0,0.0,10.887455624298198
-1.4796255511807785,-0.11375586393318324,0.5078569204050636,-0.7650818782593443,1.0,0.0,0.0,0.0,10.789339695269716
-1.4800964079616015,-0.11375586393318324,0.5078569204050636,-1.0832116832035494,1.0,0.0,0.0,0.0,10.96476135554887
-1.2996013086462257,-0.10876730116743538,0.49849701032646676,-0.446952073315139,1.0,0.0,0.0,0.0,10.809748150372926
-1.3319334742627191,-0.11375586393318324,0.49849701032646676,-0.04928981713488239,1.0,0.0,0.0,0.0,10.84546552414626
-1.3790191523449913,-0.11874442669893819,0.49849701032646676,1.8594890125303492,1.0,0.0,0.0,0.0,10.868587496017359
-0.905337230837336,-0.10377873840168042,0.5078569204050636,-0.5264845245511903,1.0,0.0,0.0,0.0,10.445840912706414
-1.3171276443768491,-0.10377873840168042,0.5031769653657652,0.5074373415174769,1.0,0.0,0.0,0.0,10.721084386282662
-0.8819513440564741,-0.08382448733866771,0.5031769653657652,-0.9241467807314468,1.0,0.0,0.0,0.0,11.031674824544641
-1.211237186111829,-0.09380161287017762,0.5031769653657652,0.03024263410116893,1.0,0.0,0.0,0.0,10.70101727068921
-0.5238386035307508,-0.09380161287017762,0.5078569204050636,-0.3674196220790877,1.0,0.0,0.0,0.0,11.01206667357142
-1.2653333984863502,-0.08881305010442267,0.5031769653657652,0.7460346952256308,1.0,0.0,0.0,0.0,10.815790343132422
-0.8105903830517865,-0.08382448733866771,0.5125368754443619,0.42790489028142553,1.0,0.0,0.0,0.0,10.835671318412196
-0.9133941135314136,-0.08382448733866771,0.5078569204050636,-0.28788717084303633,1.0,0.0,0.0,0.0,10.97679912709094
-1.3298930948791539,-0.08881305010442267,0.5078569204050636,-0.5264845245511903,1.0,0.0,0.0,0.0,11.015361515187424
-1.048425374787351,-0.09380161287017762,0.5125368754443619,1.3822943051140413,1.0,0.0,0.0,0.0,10.87049040995193
-1.2735995508607936,-0.09380161287017762,0.5125368754443619,0.8255671464616822,1.0,0.0,0.0,0.0,10.725489582719506
-1.17388254816656,-0.08881305010442267,0.5125368754443619,0.8255671464616822,1.0,0.0,0.0,0.0,10.860939421415225
-0.9535738921616189,-0.08382448733866771,0.5125368754443619,1.064164500169836,1.0,0.0,0.0,0.0,10.819798284210286
0.4551772786398644,-0.05888167350990714,0.521896785522962,-1.7990037443280114,1.0,0.0,0.0,0.0,11.441440204346033
-0.5728600261564051,-0.04890454797840432,0.5172168304836636,-0.7650818782593443,1.0,0.0,0.0,0.0,11.697752214480175
-1.219712608166638,-0.05888167350990714,0.5172168304836636,-0.9241467807314468,1.0,0.0,0.0,0.0,11.042937835596494
0.06614494284011589,-0.05888167350990714,0.521896785522962,-1.2422765856756521,1.0,0.0,0.0,0.0,11.441440204346033
0.5458433676582836,-0.04890454797840432,0.5125368754443619,-0.12882226837093372,1.0,0.0,0.0,0.0,11.6776005682537
1.7499287910621586,-0.05888167350990714,0.5125368754443619,0.10977508533722025,1.0,0.0,0.0,0.0,12.05350987098043
-0.19015809818771742,-0.05888167350990714,0.5172168304836636,-0.446952073315139,1.0,0.0,0.0,0.0,11.7085004721646
0.3045031087765947,-0.05888167350990714,0.5031769653657652,-0.28788717084303633,1.0,0.0,0.0,0.0,11.592669666556795
-0.6219337662021506,-0.04890454797840432,0.5078569204050636,0.18930753657327157,1.0,0.0,0.0,0.0,11.943414837983129
-1.2951543279384556,-0.07883592457291985,0.5125368754443619,-1.71947129309196,1.0,0.0,0.0,0.0,12.323860125621126
-1.2617234965000428,-0.0738473618071649,0.5125368754443619,-1.5604063906198575,1.0,0.0,0.0,0.0,11.095908894882296
1.5380955571120267,-0.0738473618071649,0.5078569204050636,-1.0832116832035494,1.0,0.0,0.0,0.0,11.753523791492476
-1.6622133472998109,-0.07883592457291985,0.5078569204050636,-0.20835471960698504,1.0,0.0,0.0,0.0,11.402005077384885
-0.8541184765678423,-0.07883592457291985,0.5125368754443619,-1.5604063906198575,1.0,0.0,0.0,0.0,10.900454637442037
0.7243504050101853,-0.06885879904140994,0.5125368754443619,-0.7650818782593443,1.0,0.0,0.0,0.0,11.927687224983487
-0.4490770102201213,-0.0738473618071649,0.5031769653657652,-1.71947129309196,1.0,0.0,0.0,0.0,11.425197467633199
-0.966234707823741,-0.07883592457291985,0.5078569204050636,-1.0832116832035494,1.0,0.0,0.0,0.0,11.161962746590705
-1.0869833133947227,-0.07883592457291985,0.48913710024786666,0.2688399878093229,1.0,0.0,0.0,0.0,10.805699643800724
-0.8998439017277375,-0.05888167350990714,0.4938170552871651,0.5869697927535281,1.0,0.0,0.0,0.0,11.388506711556236
-1.0676781853809911,-0.09380161287017762,0.48913710024786666,0.03024263410116893,1.0,0.0,0.0,0.0,11.214532906153606
0.023453928045522765,-0.04890454797840432,0.47509723512996815,-0.6855494270232929,1.0,0.0,0.0,0.0,11.43281025466844
-0.24357418410105033,-0.02895029691539161,0.4704172800906698,0.3483724390453742,1.0,0.0,0.0,0.0,11.611874470755124
-1.1591290357007815,-0.03892742244690151,0.4610573700120697,-1.7990037443280114,1.0,0.0,0.0,0.0,10.968215530759236
-0.45116970702377784,-0.05389311074415928,0.4657373250513714,0.8255671464616822,1.0,0.0,0.0,0.0,11.086762629082946
-0.5100791220467091,-0.08382448733866771,0.47509723512996815,-0.7650818782593443,1.0,0.0,0.0,0.0,11.402005077384885
-1.1593906228012383,-0.05389311074415928,0.4610573700120697,0.18930753657327157,1.0,0.0,0.0,0.0,11.021918808236205
-0.15599482286802452,-0.07883592457291985,0.4610573700120697,0.5074373415174769,1.0,0.0,0.0,0.0,11.438212694578302
-0.27857453814220573,-0.07883592457291985,0.4470175048941745,0.18930753657327157,1.0,0.0,0.0,0.0,11.43605521971203
-0.8931472719560367,-0.11375586393318324,0.48913710024786666,0.18930753657327157,1.0,0.0,0.0,0.0,11.107975224295076
-0.5787718946267346,-0.10377873840168042,0.47509723512996815,-0.12882226837093372,1.0,0.0,0.0,0.0,11.133142723386813
-0.8526012713851915,-0.12373298946468606,0.4704172800906698,0.10977508533722025,1.0,0.0,0.0,0.0,11.472113887062386
-1.102364634901598,-0.11375586393318324,0.47509723512996815,0.42790489028142553,1.0,0.0,0.0,0.0,11.214532906153606
-0.9471911669104666,-0.14867580329345373,0.5078569204050636,0.10977508533722025,1.0,0.0,0.0,0.0,11.125806040978839
-0.6777041360195969,-0.15865292882495652,0.49849701032646676,0.2688399878093229,1.0,0.0,0.0,0.0,11.268315653289422
-0.17723569542513826,-0.1386986777619438,0.5172168304836636,0.5074373415174769,1.0,0.0,0.0,0.0,11.47937902264955
-0.9941722101525555,-0.128721552230441,0.5265767405622604,-1.0832116832035494,1.0,0.0,0.0,0.0,11.116930374363438
-1.2039650647191227,-0.13371011499619595,0.521896785522962,0.42790489028142553,1.0,0.0,0.0,0.0,10.9525769086256
-1.299235086705586,-0.128721552230441,0.521896785522962,0.3483724390453742,1.0,0.0,0.0,0.0,10.925956465688445
-0.494750117959925,-0.11874442669893819,0.5265767405622604,1.541359207586144,1.0,0.0,0.0,0.0,11.125806040978839
-0.8754639839651389,-0.11874442669893819,0.5265767405622604,1.779956561294298,1.0,0.0,0.0,0.0,10.900454637442037
-1.1052944104267173,-0.11874442669893819,0.521896785522962,1.8594890125303492,1.0,0.0,0.0,0.0,10.916923143796645
-1.0354506546046804,-0.12373298946468606,0.5265767405622604,0.9846320489337848,1.0,0.0,0.0,0.0,11.110969193687714
-1.294055662116536,-0.12373298946468606,0.5265767405622604,1.3822943051140413,1.0,0.0,0.0,0.0,11.134603622683905
-0.7527273164306836,-0.11874442669893819,0.5265767405622604,1.8594890125303492,1.0,0.0,0.0,0.0,10.9525769086256
-0.7748575851293513,-0.11375586393318324,0.5265767405622604,1.8594890125303492,1.0,0.0,0.0,0.0,11.269591961359195
-1.413234745084775,-0.10876730116743538,0.5265767405622604,1.8594890125303492,1.0,0.0,0.0,0.0,10.934908916663861
-0.9264211511341753,-0.10876730116743538,0.5265767405622604,1.8594890125303492,1.0,0.0,0.0,0.0,11.023551435004947
-1.12057109709341,-0.10377873840168042,0.5265767405622604,1.4618267563500926,1.0,0.0,0.0,0.0,10.84546552414626
-1.351133967436268,-0.10377873840168042,0.521896785522962,1.6208916588221953,1.0,0.0,0.0,0.0,10.859018228147887
-1.262298988121048,-0.10377873840168042,0.521896785522962,1.1436969514058875,1.0,0.0,0.0,0.0,10.74937727911096
-1.1124095795591493,-0.10377873840168042,0.5265767405622604,1.7004241100582467,1.0,0.0,0.0,0.0,10.815790343132422
-1.2554454060890732,-0.09380161287017762,0.5265767405622604,-0.446952073315139,1.0,0.0,0.0,0.0,10.831726617926124
-0.8822129311569313,-0.09380161287017762,0.521896785522962,0.5074373415174769,1.0,0.0,0.0,0.0,10.885584751364705
-1.3948713306326892,-0.09879017563592547,0.5265767405622604,0.9050995976977334,1.0,0.0,0.0,0.0,10.801634680173994
-1.0501518496503675,-0.09879017563592547,0.5265767405622604,1.1436969514058875,1.0,0.0,0.0,0.0,10.933124826700707
-1.2340998986917766,-0.09879017563592547,0.5265767405622604,1.1436969514058875,1.0,0.0,0.0,0.0,10.907807476583594
-1.1622157634861747,-0.09380161287017762,0.521896785522962,0.5074373415174769,1.0,0.0,0.0,0.0,10.807725945886109
-1.346320764787858,-0.09380161287017762,0.5172168304836636,1.8594890125303492,1.0,0.0,0.0,0.0,11.143324481431074
-1.05135515031247,-0.09879017563592547,0.5172168304836636,1.7004241100582467,1.0,0.0,0.0,0.0,11.047726275896391
-0.294949890630818,-0.09879017563592547,0.5172168304836636,1.779956561294298,1.0,0.0,0.0,0.0,11.157692338256169
-1.1342259437372688,-0.09879017563592547,0.521896785522962,1.2232294026419388,1.0,0.0,0.0,0.0,10.785207543360087
-1.052715403234847,-0.09380161287017762,0.521896785522962,0.8255671464616822,1.0,0.0,0.0,0.0,10.835671318412196
-0.48224625455807735,-0.08382448733866771,0.521896785522962,1.4618267563500926,1.0,0.0,0.0,0.0,10.995427631436174
-1.3967547577559802,-0.08382448733866771,0.5172168304836636,0.8255671464616822,1.0,0.0,0.0,0.0,10.925956465688445
-1.0361307810658689,-0.08881305010442267,0.5172168304836636,0.8255671464616822,1.0,0.0,0.0,0.0,10.84546552414626
-0.9839703132347299,-0.08881305010442267,0.521896785522962,1.7004241100582467,1.0,0.0,0.0,0.0,10.900454637442037
-0.7142216952434035,-0.08881305010442267,0.521896785522962,1.6208916588221953,1.0,0.0,0.0,0.0,10.922352923113982
-1.0865647740339912,-0.08382448733866771,0.5265767405622604,1.064164500169836,1.0,0.0,0.0,0.0,10.980212041446208
-1.2554454060890732,-0.08382448733866771,0.5265767405622604,0.5869697927535281,1.0,0.0,0.0,0.0,10.874285408908944
-1.2899225859293144,-0.08881305010442267,0.5265767405622604,0.03024263410116893,1.0,0.0,0.0,0.0,10.998777662206932
-1.3332937271850958,-0.08881305010442267,0.5265767405622604,0.2688399878093229,1.0,0.0,0.0,0.0,10.703266939811954
-0.8243498645358281,-0.0738473618071649,0.5265767405622604,-0.446952073315139,1.0,0.0,0.0,0.0,11.141876276228
-0.6357455651062838,-0.0738473618071649,0.521896785522962,-1.4013414881477548,1.0,0.0,0.0,0.0,11.221248757912162
-0.406124408325071,-0.07883592457291985,0.5265767405622604,0.10977508533722025,1.0,0.0,0.0,0.0,11.174665631549477
0.039306106333220965,-0.0738473618071649,0.521896785522962,-0.12882226837093372,1.0,0.0,0.0,0.0,11.372524818667134
-1.1870665380295962,-0.07883592457291985,0.5172168304836636,-1.1627441344396008,1.0,0.0,0.0,0.0,11.07753193632009
-0.36850818327934504,-0.07883592457291985,0.521896785522962,0.8255671464616822,1.0,0.0,0.0,0.0,11.125806040978839
-0.7223308953575724,-0.06387023627566209,0.521896785522962,-1.4013414881477548,1.0,0.0,0.0,0.0,11.37940550085183
-0.8190134876865042,-0.06885879904140994,0.5265767405622604,-0.04928981713488239,1.0,0.0,0.0,0.0,11.184435286790631
-0.035298534717134185,-0.06387023627566209,0.5452965607194573,0.42790489028142553,1.0,0.0,0.0,0.0,11.381688580803818
-0.10890914478575271,-0.06885879904140994,0.5406166056801589,0.42790489028142553,1.0,0.0,0.0,0.0,11.314486721293981
-0.9051802785770616,-0.06885879904140994,0.5312566956015621,-1.4013414881477548,1.0,0.0,0.0,0.0,11.237185138527495
-0.3843080441469517,-0.07883592457291985,0.5452965607194573,-1.0832116832035494,1.0,0.0,0.0,0.0,11.219909190927746
-0.8951353339195105,-0.0738473618071649,0.5452965607194573,-1.0036792319674983,1.0,0.0,0.0,0.0,11.274680966120778
0.030098240397132325,-0.06885879904140994,0.5452965607194573,-0.9241467807314468,1.0,0.0,0.0,0.0,11.346882686945893
-0.3276482781879513,-0.06885879904140994,0.5452965607194573,-0.9241467807314468,1.0,0.0,0.0,0.0,11.307142836927456
-0.9535738921616189,-0.06885879904140994,0.5499765157587589,-1.5604063906198575,1.0,0.0,0.0,0.0,10.915106645867503
-0.61895167325694,-0.06387023627566209,0.5452965607194573,0.18930753657327157,1.0,0.0,0.0,0.0,11.103467395592086
-0.4584418284164843,-0.06885879904140994,0.5452965607194573,-0.28788717084303633,1.0,0.0,0.0,0.0,11.195484970354173
-0.6546321537592839,-0.0738473618071649,0.5452965607194573,-0.446952073315139,1.0,0.0,0.0,0.0,11.177466714598282
-0.061980418963755,-0.07883592457291985,0.5452965607194573,-0.3674196220790877,1.0,0.0,0.0,0.0,11.1447705923684
-0.6275840475720232,-0.0738473618071649,0.5499765157587589,-1.0832116832035494,1.0,0.0,0.0,0.0,11.37940550085183
-0.4895183759507838,-0.07883592457291985,0.5312566956015621,-0.3674196220790877,1.0,0.0,0.0,0.0,11.19822841866684
-0.6814709902661787,-0.08382448733866771,0.5312566956015621,0.10977508533722025,1.0,0.0,0.0,0.0,11.250274159310356
-0.629729061795771,-0.08881305010442267,0.5312566956015621,0.2688399878093229,1.0,0.0,0.0,0.0,11.161962746590705
-0.7511577938279411,-0.08881305010442267,0.5359366506408605,0.5074373415174769,1.0,0.0,0.0,0.0,11.215879689565481
-0.8072420681659361,-0.08881305010442267,0.5359366506408605,0.3483724390453742,1.0,0.0,0.0,0.0,11.305913595583258
-0.8525489539650999,-0.08382448733866771,0.5359366506408605,-0.12882226837093372,1.0,0.0,0.0,0.0,11.166214996056205
-0.5709242816130227,-0.09380161287017762,0.5312566956015621,0.5869697927535281,1.0,0.0,0.0,0.0,11.18859323930985
-0.9063312618190728,-0.09380161287017762,0.5312566956015621,0.7460346952256308,1.0,0.0,0.0,0.0,11.005444242454628
-0.9521090043990593,-0.09879017563592547,0.5312566956015621,0.7460346952256308,1.0,0.0,0.0,0.0,11.07753193632009
-0.697323168553877,-0.09879017563592547,0.5359366506408605,0.5869697927535281,1.0,0.0,0.0,0.0,11.116930374363438
-1.0143144168877496,-0.09879017563592547,0.5359366506408605,0.9050995976977334,1.0,0.0,0.0,0.0,11.12285622984002
-1.3909475241258333,-0.09879017563592547,0.5312566956015621,0.03024263410116893,1.0,0.0,0.0,0.0,11.033291613631048
-0.7952613789650026,-0.10377873840168042,0.5312566956015621,1.30276185387799,1.0,0.0,0.0,0.0,10.969938154395841
-0.9929165920703616,-0.10377873840168042,0.5359366506408605,0.6665022439895795,1.0,0.0,0.0,0.0,11.166214996056205
-0.034409138575580145,-0.11375586393318324,0.5312566956015621,1.8594890125303492,1.0,0.0,0.0,0.0,11.38054769238444
-0.8448582932116622,-0.11375586393318324,0.5359366506408605,1.7004241100582467,1.0,0.0,0.0,0.0,11.19822841866684
-0.8147234592390082,-0.10876730116743538,0.5359366506408605,0.9846320489337848,1.0,0.0,0.0,0.0,10.987003123724813
-0.7740728238279801,-0.10876730116743538,0.5312566956015621,1.1436969514058875,1.0,0.0,0.0,0.0,10.980212041446208
-0.14600219563056466,-0.11874442669893819,0.5359366506408605,1.8594890125303492,1.0,0.0,0.0,0.0,11.40646434386837
-0.37996569827936455,-0.11874442669893819,0.5312566956015621,1.6208916588221953,1.0,0.0,0.0,0.0,11.187209175200515
-0.6779657231200541,-0.11874442669893819,0.5312566956015621,1.541359207586144,1.0,0.0,0.0,0.0,11.275949181024878
-0.13145795284515174,-0.11874442669893819,0.5359366506408605,0.6665022439895795,1.0,0.0,0.0,0.0,11.331415578682627
-0.6610671964305278,-0.12373298946468606,0.5359366506408605,0.5869697927535281,1.0,0.0,0.0,0.0,11.150534214035387
-0.42872553380456163,-0.12373298946468606,0.5312566956015621,0.9846320489337848,1.0,0.0,0.0,0.0,11.174665631549477
-0.506521537480493,-0.12373298946468606,0.5312566956015621,0.5869697927535281,1.0,0.0,0.0,0.0,11.091346218718432
-0.7573835668188195,-0.128721552230441,0.5312566956015621,0.2688399878093229,1.0,0.0,0.0,0.0,11.128747176317603
-0.6546321537592839,-0.128721552230441,0.5312566956015621,-0.446952073315139,1.0,0.0,0.0,0.0,11.178864319331653
-0.5442947147864933,-0.128721552230441,0.5359366506408605,0.10977508533722025,1.0,0.0,0.0,0.0,11.293537353157436
-0.1172276145802873,-0.14867580329345373,0.5406166056801589,-1.6399388418559087,1.0,0.0,0.0,0.0,11.2922912626048
-0.4093680883707388,-0.14867580329345373,0.5406166056801589,-1.71947129309196,1.0,0.0,0.0,0.0,11.247670025080003
-0.23802853757136044,-0.14867580329345373,0.5359366506408605,-1.958068646800114,1.0,0.0,0.0,0.0,11.344518647594766
-0.5705580596723829,-0.1386986777619438,0.5359366506408605,-1.6399388418559087,1.0,0.0,0.0,0.0,11.286037411751035
-0.466132489169922,-0.14368724052769877,0.5359366506408605,-1.71947129309196,1.0,0.0,0.0,0.0,11.221248757912162
-0.9582824599698461,-0.1386986777619438,0.5312566956015621,-1.5604063906198575,1.0,0.0,0.0,0.0,11.305913595583258
-0.49427926117910226,-0.1386986777619438,0.5312566956015621,-0.12882226837093372,1.0,0.0,0.0,0.0,11.329014645967838
-1.0750549416138804,-0.1386986777619438,0.5265767405622604,-1.4808739393838062,1.0,0.0,0.0,0.0,11.291043617373028
-0.5529270891015766,-0.1386986777619438,0.521896785522962,-0.3674196220790877,1.0,0.0,0.0,0.0,11.303450570483712
-0.5238386035307508,-0.14867580329345373,0.5265767405622604,0.42790489028142553,1.0,0.0,0.0,0.0,11.218567827096358
-0.294949890630818,-0.16364149159071148,0.5406166056801589,-0.5264845245511903,1.0,0.0,0.0,0.0,11.572146749628347
0.15466601763478705,-0.15865292882495652,0.5265767405622604,-0.9241467807314468,1.0,0.0,0.0,0.0,11.747214672056005
-0.13386455416935672,-0.1736186171222143,0.5312566956015621,-0.8446143294953956,1.0,0.0,0.0,0.0,11.693587311874056
-0.4684867730740357,-0.25343562137425096,0.5406166056801589,0.7460346952256308,1.0,0.0,0.0,0.0,11.403121759615027
-0.8145141895586426,-0.3182869373290299,0.5312566956015621,-0.6855494270232929,1.0,0.0,0.0,0.0,11.41422052949775
-1.1385682896048561,-0.2634127469057538,0.47977719016926657,-0.7650818782593443,1.0,0.0,0.0,0.0,11.141876276228
-0.20412684935212472,-0.20354999371672983,0.5172168304836636,-0.20835471960698504,1.0,0.0,0.0,0.0,11.630717389475995
-0.6231370668642531,-0.21352711924823262,0.49849701032646676,0.3483724390453742,1.0,0.0,0.0,0.0,11.167628403875849
-1.1820963831209117,-0.23348137031124536,0.5172168304836636,-1.1627441344396008,1.0,0.0,0.0,0.0,11.181653682515929
-1.0706079609061103,-0.2384699330769932,0.5078569204050636,-0.3674196220790877,1.0,0.0,0.0,0.0,10.96476135554887
-0.144537307868005,-0.25343562137425096,0.5078569204050636,-0.5264845245511903,1.0,0.0,0.0,0.0,11.329014645967838
-1.0862508695134427,-0.24345849584274815,0.5078569204050636,0.2688399878093229,1.0,0.0,0.0,0.0,11.008760940077243
-0.4129256729369547,-0.24844705860849603,0.5172168304836636,-0.7650818782593443,1.0,0.0,0.0,0.0,11.38737357979909
-0.23363387428368176,-0.18858430541947205,0.5452965607194573,0.10977508533722025,1.0,0.0,0.0,0.0,11.630717389475995
-0.311272925699339,-0.20853855648247768,0.5452965607194573,1.30276185387799,1.0,0.0,0.0,0.0,11.565527402710426
-0.8969664436227098,-0.22350424477973543,0.5452965607194573,-0.28788717084303633,1.0,0.0,0.0,0.0,10.920546270529568
-0.567419014466898,-0.23348137031124536,0.5406166056801589,1.541359207586144,1.0,0.0,0.0,0.0,11.324195417595107
-0.03697269216005945,-0.16863005435645934,0.5593364258373558,0.03024263410116893,1.0,0.0,0.0,0.0,12.016128107502665
-1.3362758201303064,-0.15366436605920158,0.5499765157587589,0.10977508533722025,1.0,0.0,0.0,0.0,11.021918808236205
1.89584207569711,-0.15366436605920158,0.5686963359159558,-1.6399388418559087,1.0,0.0,0.0,0.0,12.453717571637778
0.6810838985945866,-0.14867580329345373,0.5593364258373558,-1.958068646800114,1.0,0.0,0.0,0.0,11.715874472198905
1.48677216800235,-0.1386986777619438,0.5593364258373558,-1.0832116832035494,1.0,0.0,0.0,0.0,11.984808576881369
0.4851551603522445,-0.1386986777619438,0.5593364258373558,-1.4013414881477548,1.0,0.0,0.0,0.0,11.860768522363712
0.4634957484343992,-0.14368724052769877,0.5546564707980574,-1.3218090369117035,1.0,0.0,0.0,0.0,11.399767965010177
-0.28898570474039686,-0.1386986777619438,0.5546564707980574,-1.5604063906198575,1.0,0.0,0.0,0.0,11.421917019425596
0.8935449415858158,-0.1386986777619438,0.5546564707980574,-1.0832116832035494,1.0,0.0,0.0,0.0,11.395278670032656
0.8706822290058681,-0.1386986777619438,0.5546564707980574,-1.0036792319674983,1.0,0.0,0.0,0.0,11.68940499028055
0.17627311213254052,-0.15366436605920158,0.5593364258373558,-2.1171335492722165,1.0,0.0,0.0,0.0,11.477308649967686
-0.2522065584161334,-0.14368724052769877,0.5499765157587589,-1.958068646800114,1.0,0.0,0.0,0.0,11.185823192802378
0.41661934003249307,-0.14867580329345373,0.5499765157587589,-1.7990037443280114,1.0,0.0,0.0,0.0,11.588042213851855
-0.06344530672631464,-0.1386986777619438,0.5499765157587589,-1.0832116832035494,1.0,0.0,0.0,0.0,11.127277689932466
-0.11508260035653949,-0.1386986777619438,0.5452965607194573,-1.1627441344396008,1.0,0.0,0.0,0.0,11.394153190178114
-0.48119990615624897,-0.1386986777619438,0.5452965607194573,-1.1627441344396008,1.0,0.0,0.0,0.0,11.19822841866684
-0.6889000639191596,-0.14368724052769877,0.5452965607194573,-0.8446143294953956,1.0,0.0,0.0,0.0,11.125806040978839
3.4728983869326697,-0.13371011499619595,0.5686963359159558,-1.6399388418559087,1.0,0.0,0.0,0.0,12.753907885930044
2.6632863110180507,-0.1386986777619438,0.5640163808766575,-1.3218090369117035,1.0,0.0,0.0,0.0,12.273268570141383
2.56111038957952,-0.13371011499619595,0.5640163808766575,-1.3218090369117035,1.0,0.0,0.0,0.0,12.342354626814949
1.563364871016179,-0.13371011499619595,0.5593364258373558,-0.9241467807314468,1.0,0.0,0.0,0.0,12.18536470856483
0.7574673319280498,-0.12373298946468606,0.5593364258373558,-1.1627441344396008,1.0,0.0,0.0,0.0,11.719947764402807
1.8540404570440707,-0.13371011499619595,0.5593364258373558,-0.9241467807314468,1.0,0.0,0.0,0.0,12.344533742172285
1.1725537429333224,-0.12373298946468606,0.5593364258373558,-1.0036792319674983,1.0,0.0,0.0,0.0,11.88242482344573
0.8681709928414806,-0.13371011499619595,0.5546564707980574,-0.9241467807314468,1.0,0.0,0.0,0.0,12.02993791082274
1.7864463502859649,-0.128721552230441,0.5546564707980574,-1.1627441344396008,1.0,0.0,0.0,0.0,11.955050317440996
0.7348662064485595,-0.12373298946468606,0.5546564707980574,-0.04928981713488239,1.0,0.0,0.0,0.0,11.928347504569842
0.6244241326355862,-0.12373298946468606,0.5499765157587589,-0.28788717084303633,1.0,0.0,0.0,0.0,11.924379271639218
2.003720595925604,-0.13371011499619595,0.5499765157587589,-0.8446143294953956,1.0,0.0,0.0,0.0,12.145797025305598
2.300621954944374,-0.09879017563592547,0.5733762909552542,-1.71947129309196,1.0,0.0,0.0,0.0,12.173037959397275
1.1056920800564964,-0.09879017563592547,0.5686963359159558,-1.6399388418559087,1.0,0.0,0.0,0.0,11.724813914587886
0.7912120678870117,-0.09879017563592547,0.5640163808766575,-1.0832116832035494,1.0,0.0,0.0,0.0,11.738474121698282
-0.32403837620164383,-0.09879017563592547,0.5640163808766575,-1.0832116832035494,1.0,0.0,0.0,0.0,11.731265497840116
-0.3461163274802201,-0.10377873840168042,0.5640163808766575,-1.71947129309196,1.0,0.0,0.0,0.0,11.625369830810577
-0.5487416954942635,-0.10377873840168042,0.5686963359159558,-1.3218090369117035,1.0,0.0,0.0,0.0,11.283524879179666
0.1730817495069643,-0.10377873840168042,0.5733762909552542,-1.6399388418559087,1.0,0.0,0.0,0.0,11.762134344805622
-1.0071992477553173,-0.10876730116743538,0.5686963359159558,-1.4013414881477548,1.0,0.0,0.0,0.0,10.896757843893464
-1.0901223586002076,-0.10876730116743538,0.5640163808766575,-0.5264845245511903,1.0,0.0,0.0,0.0,10.853232402669228
-0.05789966019662476,-0.11375586393318324,0.5733762909552542,-1.71947129309196,1.0,0.0,0.0,0.0,11.884495917930655
0.185271708388264,-0.11874442669893819,0.5686963359159558,-0.9241467807314468,1.0,0.0,0.0,0.0,11.455306945297822
-0.28950887894131094,-0.12373298946468606,0.5640163808766575,-1.5604063906198575,1.0,0.0,0.0,0.0,11.68940499028055
0.09036790834244043,-0.11874442669893819,0.5593364258373558,-0.7650818782593443,1.0,0.0,0.0,0.0,11.744045122410057
0.9250923459009379,-0.11874442669893819,0.5593364258373558,-1.4808739393838062,1.0,0.0,0.0,0.0,11.816734299348461
-0.7897680498554043,-0.10377873840168042,0.5593364258373558,-1.4013414881477548,1.0,0.0,0.0,0.0,11.146214615088313
0.23816462010068262,-0.11375586393318324,0.5593364258373558,-0.9241467807314468,1.0,0.0,0.0,0.0,11.470028402317833
-0.8657329438281363,-0.10876730116743538,0.5593364258373558,-1.0832116832035494,1.0,0.0,0.0,0.0,11.187209175200515
-0.24043513889556542,-0.10876730116743538,0.5546564707980574,-0.446952073315139,1.0,0.0,0.0,0.0,11.56362808494399
-0.22081610636128543,-0.11375586393318324,0.5546564707980574,-0.3674196220790877,1.0,0.0,0.0,0.0,11.705205603408396
0.8240150902843275,-0.11874442669893819,0.5499765157587589,0.3483724390453742,1.0,0.0,0.0,0.0,11.872702592158976
1.2868149884129687,-0.11375586393318324,0.5452965607194573,1.1436969514058875,1.0,0.0,0.0,0.0,12.039433474778324
1.1934807109698875,-0.11874442669893819,0.5452965607194573,0.7460346952256308,1.0,0.0,0.0,0.0,11.983560145061489
-0.010029220812981717,-0.128721552230441,0.5452965607194573,-0.3674196220790877,1.0,0.0,0.0,0.0,11.408686542313973
-0.48611774364484195,-0.12373298946468606,0.5452965607194573,0.3483724390453742,1.0,0.0,0.0,0.0,11.507922973347437
-0.14673463951184434,-0.11874442669893819,0.5452965607194573,0.03024263410116893,1.0,0.0,0.0,0.0,11.394153190178114
-0.3930450533022178,-0.128721552230441,0.5452965607194573,-1.0036792319674983,1.0,0.0,0.0,0.0,11.299744620670225
-0.24530065896406691,-0.13371011499619595,0.5452965607194573,-1.0036792319674983,1.0,0.0,0.0,0.0,11.194110418585193
-0.9570791593077436,-0.13371011499619595,0.5452965607194573,-0.7650818782593443,1.0,0.0,0.0,0.0,11.110969193687714
-0.28725922987738034,-0.128721552230441,0.5406166056801589,0.5074373415174769,1.0,0.0,0.0,0.0,11.091346218718432
-0.7083621441931652,-0.128721552230441,0.5359366506408605,0.5074373415174769,1.0,0.0,0.0,0.0,11.10045084755119
-1.3276957632353146,-0.13371011499619595,0.5359366506408605,-0.3674196220790877,1.0,0.0,0.0,0.0,10.981914140544825
-0.27810368136138297,-0.13371011499619595,0.5406166056801589,-0.6060169757872417,1.0,0.0,0.0,0.0,11.17606715383184
-1.003850932869467,-0.128721552230441,0.5406166056801589,-0.3674196220790877,1.0,0.0,0.0,0.0,11.112462823634855
-0.9646651852209985,-0.11874442669893819,0.5359366506408605,0.5074373415174769,1.0,0.0,0.0,0.0,10.92415631759022
-0.4584418284164843,-0.11874442669893819,0.5359366506408605,0.5869697927535281,1.0,0.0,0.0,0.0,11.286037411751035
-0.6648340506771093,-0.12373298946468606,0.5359366506408605,0.5869697927535281,1.0,0.0,0.0,0.0,11.1447705923684
-0.6404018154944193,-0.12373298946468606,0.5406166056801589,0.5074373415174769,1.0,0.0,0.0,0.0,11.095908894882296
-1.1462066329382024,-0.12373298946468606,0.5406166056801589,-0.8446143294953956,1.0,0.0,0.0,0.0,11.07753193632009
-0.48428663394164234,-0.11874442669893819,0.5406166056801589,0.5074373415174769,1.0,0.0,0.0,0.0,11.209127560632263
-1.013738925266744,-0.10876730116743538,0.5406166056801589,0.3483724390453742,1.0,0.0,0.0,0.0,11.119897691565697
-0.9659208033031925,-0.10876730116743538,0.5359366506408605,0.7460346952256308,1.0,0.0,0.0,0.0,10.981914140544825
-0.1684986862698724,-0.11375586393318324,0.5359366506408605,1.1436969514058875,1.0,0.0,0.0,0.0,11.477308649967686
-0.7636093398096975,-0.11874442669893819,0.5406166056801589,0.8255671464616822,1.0,0.0,0.0,0.0,11.183045451818261
0.6857401489827227,-0.11375586393318324,0.5406166056801589,1.30276185387799,1.0,0.0,0.0,0.0,11.943414837983129
-0.4223428085534092,-0.10876730116743538,0.5499765157587589,0.5074373415174769,1.0,0.0,0.0,0.0,11.150534214035387
-1.0593597155864565,-0.10377873840168042,0.5452965607194573,0.42790489028142553,1.0,0.0,0.0,0.0,11.104972264124868
-0.29102608412396214,-0.10876730116743538,0.5452965607194573,-0.12882226837093372,1.0,0.0,0.0,0.0,11.733674150882164
0.1955259227261808,-0.10876730116743538,0.5499765157587589,0.3483724390453742,1.0,0.0,0.0,0.0,11.792078770667635
-0.3202192045349705,-0.09879017563592547,0.5406166056801589,0.42790489028142553,1.0,0.0,0.0,0.0,11.403121759615027
-0.8093347649695927,-0.10377873840168042,0.5359366506408605,0.18930753657327157,1.0,0.0,0.0,0.0,11.203692838488003
-0.8476834338965987,-0.10876730116743538,0.5406166056801589,-0.20835471960698504,1.0,0.0,0.0,0.0,11.07443600653965
-1.23682040453653,-0.10876730116743538,0.5406166056801589,-0.7650818782593443,1.0,0.0,0.0,0.0,10.768506042432708
-0.49501170506038217,-0.10377873840168042,0.5406166056801589,0.3483724390453742,1.0,0.0,0.0,0.0,11.131679686740132
-0.9092610373441918,-0.09380161287017762,0.5359366506408605,0.10977508533722025,1.0,0.0,0.0,0.0,11.274680966120778
-0.4617378258822433,-0.09879017563592547,0.5406166056801589,-0.12882226837093372,1.0,0.0,0.0,0.0,11.303450570483712
-0.2867883730965575,-0.09380161287017762,0.5406166056801589,0.2688399878093229,1.0,0.0,0.0,0.0,11.226589153242802
-0.8283259884627756,-0.08881305010442267,0.5359366506408605,-0.04928981713488239,1.0,0.0,0.0,0.0,11.180259973491848
-0.6733094727319182,-0.09380161287017762,0.5452965607194573,0.03024263410116893,1.0,0.0,0.0,0.0,11.16903981679311
-0.49799379800559274,-0.09879017563592547,0.5452965607194573,0.2688399878093229,1.0,0.0,0.0,0.0,11.345701365855424
-0.511073153028446,-0.10377873840168042,0.5452965607194573,0.42790489028142553,1.0,0.0,0.0,0.0,11.097425172408931
-0.8720633516591971,-0.09380161287017762,0.5452965607194573,-0.6855494270232929,1.0,0.0,0.0,0.0,11.3350062038375
-0.7368751381429854,-0.08382448733866771,0.5452965607194573,-0.8446143294953956,1.0,0.0,0.0,0.0,11.215879689565481
-0.8072420681659361,-0.08881305010442267,0.5452965607194573,-0.28788717084303633,1.0,0.0,0.0,0.0,11.41422052949775
-0.8785507117505323,-0.08881305010442267,0.5452965607194573,0.10977508533722025,1.0,0.0,0.0,0.0,11.218567827096358
-1.3626961172764702,-0.09380161287017762,0.5499765157587589,-0.7650818782593443,1.0,0.0,0.0,0.0,11.147656555612986
-0.2345755878453271,-0.09879017563592547,0.5499765157587589,-0.28788717084303633,1.0,0.0,0.0,0.0,11.346882686945893
-0.8050447365220968,-0.09380161287017762,0.5546564707980574,-0.9241467807314468,1.0,0.0,0.0,0.0,11.505910920476012
-0.16180205649817134,-0.09879017563592547,0.5499765157587589,-0.04928981713488239,1.0,0.0,0.0,0.0,11.356283350762888
-0.13145795284515174,-0.10377873840168042,0.5546564707980574,-0.28788717084303633,1.0,0.0,0.0,0.0,11.402005077384885
0.3356842911510768,-0.09380161287017762,0.5593364258373558,-0.5264845245511903,1.0,0.0,0.0,0.0,11.50892748368293
0.7236702785489971,-0.09380161287017762,0.5593364258373558,-0.6855494270232929,1.0,0.0,0.0,0.0,11.616393190430356
0.47301751889103655,-0.09879017563592547,0.5593364258373558,-0.7650818782593443,1.0,0.0,0.0,0.0,11.52387529615648
0.6211281351698273,-0.09879017563592547,0.5593364258373558,-1.0036792319674983,1.0,0.0,0.0,0.0,11.59451466851004
0.07498658683556456,-0.09380161287017762,0.5593364258373558,-0.9241467807314468,1.0,0.0,0.0,0.0,11.340962076644454
0.5508658399870592,-0.08881305010442267,0.5593364258373558,-1.0832116832035494,1.0,0.0,0.0,0.0,11.602775309696066
0.12217689975801942,-0.08382448733866771,0.5593364258373558,-1.1627441344396008,1.0,0.0,0.0,0.0,11.591745887495987
0.7590891719508841,-0.09879017563592547,0.5967760661517495,-2.0376010980361654,1.0,0.0,0.0,0.0,12.067965083912192
0.6371372657177997,-0.08881305010442267,0.5780562459945526,-2.0376010980361654,1.0,0.0,0.0,0.0,11.875490030985144
0.014089109849159787,-0.08382448733866771,0.5686963359159558,-2.0376010980361654,1.0,0.0,0.0,0.0,11.855102824953585
1.603126110285653,-0.06885879904140994,0.5827362010338544,-0.9241467807314468,1.0,0.0,0.0,0.0,12.01491819331946
0.06473237249764777,-0.05888167350990714,0.5733762909552542,-0.6855494270232929,1.0,0.0,0.0,0.0,12.011279642540796
0.3471418061510961,-0.05888167350990714,0.5686963359159558,-0.6855494270232929,1.0,0.0,0.0,0.0,11.871305953640322
0.7490442272933324,-0.04890454797840432,0.5874161560731528,-1.0832116832035494,1.0,0.0,0.0,0.0,12.02874460037869
-0.6727339811109129,-0.06387023627566209,0.5593364258373558,-0.446952073315139,1.0,0.0,0.0,0.0,11.17606715383184
-0.8156128553805623,-0.06387023627566209,0.5546564707980574,-0.28788717084303633,1.0,0.0,0.0,0.0,11.130214506480655
-0.6070756188961892,-0.06387023627566209,0.5499765157587589,0.2688399878093229,1.0,0.0,0.0,0.0,11.127277689932466
-1.0830595068878663,-0.06885879904140994,0.5593364258373558,-1.8785361955640627,1.0,0.0,0.0,0.0,11.638685488579059
-0.192773969192288,-0.06885879904140994,0.5593364258373558,-1.0832116832035494,1.0,0.0,0.0,0.0,11.599112335481124
0.7698665604897151,-0.07883592457291985,0.5593364258373558,-1.6399388418559087,1.0,0.0,0.0,0.0,11.840796531639839
0.6312253972474698,-0.07883592457291985,0.5593364258373558,-1.1627441344396008,1.0,0.0,0.0,0.0,11.620891583095712
-0.8047308320015484,-0.06885879904140994,0.5546564707980574,-1.3218090369117035,1.0,0.0,0.0,0.0,11.630717389475995
-1.1585535440797758,-0.06885879904140994,0.5499765157587589,-0.7650818782593443,1.0,0.0,0.0,0.0,11.151969943847991
-1.0878727095362766,-0.06885879904140994,0.5499765157587589,-0.7650818782593443,1.0,0.0,0.0,0.0,11.195484970354173
-0.4870594572064873,-0.0738473618071649,0.5499765157587589,-0.04928981713488239,1.0,0.0,0.0,0.0,11.187209175200515
-0.5746911358596044,-0.07883592457291985,0.5499765157587589,-0.7650818782593443,1.0,0.0,0.0,0.0,11.286037411751035
-1.0086641355178771,-0.0738473618071649,0.5546564707980574,-1.0036792319674983,1.0,0.0,0.0,0.0,11.630717389475995
-0.8435503577093769,-0.0738473618071649,0.5546564707980574,-1.0832116832035494,1.0,0.0,0.0,0.0,10.868587496017359
0.0617502795524372,-0.05888167350990714,0.5593364258373558,-1.71947129309196,1.0,0.0,0.0,0.0,11.51493344762302
0.5526969496902585,-0.05888167350990714,0.5593364258373558,-1.6399388418559087,1.0,0.0,0.0,0.0,11.402005077384885
-1.2477547453356352,-0.05888167350990714,0.5593364258373558,0.2688399878093229,1.0,0.0,0.0,0.0,10.907807476583594
-0.36353802837066074,-0.05888167350990714,0.5593364258373558,-0.04928981713488239,1.0,0.0,0.0,0.0,11.275949181024878
0.2926270544158437,-0.04890454797840432,0.5593364258373558,-2.0376010980361654,1.0,0.0,0.0,0.0,11.61999352194924
1.1703564112894829,-0.05389311074415928,0.5593364258373558,-1.4013414881477548,1.0,0.0,0.0,0.0,11.695255355062795
0.35650662434745906,-0.04890454797840432,0.5546564707980574,-2.1171335492722165,1.0,0.0,0.0,0.0,11.722383799419628
0.6011428806949072,-0.05389311074415928,0.5499765157587589,-1.2422765856756521,1.0,0.0,0.0,0.0,11.5730888039415
-1.085152203691523,-0.05888167350990714,0.5546564707980574,-0.9241467807314468,1.0,0.0,0.0,0.0,10.93133754807084
0.48850347523809456,-0.05888167350990714,0.5546564707980574,-1.0832116832035494,1.0,0.0,0.0,0.0,11.446796346169297
0.05385034911863386,-0.05389311074415928,0.5499765157587589,-1.0036792319674983,1.0,0.0,0.0,0.0,11.395278670032656
-0.69669535951278,-0.05888167350990714,0.5499765157587589,-1.2422765856756521,1.0,0.0,0.0,0.0,11.448930795918299
0.3228665232286807,-0.05888167350990714,0.5499765157587589,-1.0832116832035494,1.0,0.0,0.0,0.0,11.385103457032141
0.1728201624065074,-0.05389311074415928,0.5452965607194573,-1.71947129309196,1.0,0.0,0.0,0.0,11.389638560778947
-0.311272925699339,-0.05888167350990714,0.5452965607194573,0.18930753657327157,1.0,0.0,0.0,0.0,11.13751903414526
1.1168356905359673,-0.04890454797840432,0.5452965607194573,-1.5604063906198575,1.0,0.0,0.0,0.0,12.002124919798158
-0.05575464597287694,-0.05888167350990714,0.5406166056801589,-1.2422765856756521,1.0,0.0,0.0,0.0,11.33381076072374
-0.17503836378129892,-0.05389311074415928,0.5406166056801589,-1.0036792319674983,1.0,0.0,0.0,0.0,11.174665631549477
-0.5942578509737929,-0.05888167350990714,0.5406166056801589,-1.0832116832035494,1.0,0.0,0.0,0.0,11.242441323346558
-0.6219337662021506,-0.05888167350990714,0.5312566956015621,-0.5264845245511903,1.0,0.0,0.0,0.0,11.01206667357142
0.11668357064842129,-0.05888167350990714,0.5406166056801589,-1.8785361955640627,1.0,0.0,0.0,0.0,11.326607934898927
1.1179866737779787,-0.05389311074415928,0.5312566956015621,-0.6060169757872417,1.0,0.0,0.0,0.0,11.92371636583374
0.5828841010830043,-0.03393885968114656,0.5686963359159558,-1.0832116832035494,1.0,0.0,0.0,0.0,11.965916446305247
0.9404736674078132,-0.03393885968114656,0.5546564707980574,-1.1627441344396008,1.0,0.0,0.0,0.0,12.065666245536807
0.3399220021784811,-0.02895029691539161,0.5406166056801589,-0.7650818782593443,1.0,0.0,0.0,0.0,11.909692857375196
0.5486685083432198,-0.02895029691539161,0.5265767405622604,-0.5264845245511903,1.0,0.0,0.0,0.0,11.949249500664376
-0.4148614174803371,-0.02895029691539161,0.49849701032646676,1.064164500169836,1.0,0.0,0.0,0.0,11.80036500801413
0.35901786051184703,0.02093533074212954,0.5359366506408605,-0.6855494270232929,1.0,0.0,0.0,0.0,11.827013315851762
0.8440003447592472,-0.004007483086631035,0.5593364258373558,-1.2422765856756521,1.0,0.0,0.0,0.0,11.96209480994468
0.07660842685839878,-0.004007483086631035,0.5312566956015621,-0.7650818782593443,1.0,0.0,0.0,0.0,11.748005492256807
0.3459385054889936,-0.008996045852385986,0.5078569204050636,-0.8446143294953956,1.0,0.0,0.0,0.0,11.779902152762993
0.37539321300045936,0.035901019039387305,0.5172168304836636,-0.6855494270232929,1.0,0.0,0.0,0.0,11.579658451506333
-0.1361142032332876,0.000981079679123916,0.5078569204050636,-1.4013414881477548,1.0,0.0,0.0,0.0,11.507922973347437
-0.6812617205858131,0.005969642444871777,0.5031769653657652,0.03024263410116893,1.0,0.0,0.0,0.0,11.19822841866684
-0.8869214989651585,0.005969642444871777,0.5031769653657652,0.6665022439895795,1.0,0.0,0.0,0.0,11.000448478455008
-0.64375013038027,0.000981079679123916,0.5031769653657652,-1.4808739393838062,1.0,0.0,0.0,0.0,11.348062614163295
-0.6246542720469039,0.000981079679123916,0.49849701032646676,0.42790489028142553,1.0,0.0,0.0,0.0,11.196857635323791
-0.919776838782566,0.005969642444871777,0.49849701032646676,0.9050995976977334,1.0,0.0,0.0,0.0,10.983613347424248
-0.7887217014535759,0.010958205210626728,0.49849701032646676,0.18930753657327157,1.0,0.0,0.0,0.0,11.065090289695444
-0.3830001086446664,0.000981079679123916,0.49849701032646676,0.10977508533722025,1.0,0.0,0.0,0.0,11.18859323930985
-0.993858305632007,-0.004007483086631035,0.4938170552871651,1.064164500169836,1.0,0.0,0.0,0.0,10.969938154395841
-1.1316623901527894,0.010958205210626728,0.4938170552871651,-0.6060169757872417,1.0,0.0,0.0,0.0,10.93133754807084
-0.8535429849468368,0.01594676797637459,0.49849701032646676,-0.6855494270232929,1.0,0.0,0.0,0.0,10.983613347424248
-0.9023551378921254,0.010958205210626728,0.5078569204050636,-1.7990037443280114,1.0,0.0,0.0,0.0,11.065090289695444
-0.6729432507912785,0.02592389350788449,0.5031769653657652,-0.6060169757872417,1.0,0.0,0.0,0.0,11.146214615088313
-0.30583191400983195,0.05086670733664507,0.4938170552871651,-0.7650818782593443,1.0,0.0,0.0,0.0,11.983560145061489
-0.24687018156680937,0.0807980839311606,0.48913710024786666,-0.8446143294953956,1.0,0.0,0.0,0.0,11.655301379246426
-0.13145795284515174,0.07082095839965069,0.4657373250513714,-0.28788717084303633,1.0,0.0,0.0,0.0,11.586185220346932
-0.7923316034398833,0.0907752094626634,0.4704172800906698,0.7460346952256308,1.0,0.0,0.0,0.0,11.289794413577894
-0.19298323887265365,0.08578664669690846,0.4470175048941745,0.6665022439895795,1.0,0.0,0.0,0.0,11.448930795918299
-0.8058818152435594,0.04088958180514225,0.6856952118984389,-0.3674196220790877,1.0,0.0,0.0,0.0,11.433893080082035
0.20489074092254375,-0.018973171383888796,0.610815931269648,-1.1627441344396008,1.0,0.0,0.0,0.0,11.930325731537252
-0.28474799371299253,0.000981079679123916,0.648255571584045,-1.0036792319674983,1.0,0.0,0.0,0.0,11.624475784206961
-0.367618787137791,0.045878144570890116,0.638895661505445,-1.0036792319674983,1.0,0.0,0.0,0.0,11.624475784206961
0.01979170863912378,0.05585527010240002,0.5967760661517495,-1.3218090369117035,1.0,0.0,0.0,0.0,11.727238138609684
-0.9816160293306163,0.12070658605717893,0.5874161560731528,-1.0832116832035494,1.0,0.0,0.0,0.0,11.330215832884798
0.1608917906256651,0.18056933924621,0.7558945374879279,1.2232294026419388,1.0,0.0,0.0,0.0,11.357452244304588
0.14650450010052654,0.31526053392152276,0.6997350770163373,-1.3218090369117035,1.0,0.0,0.0,0.0,11.451060699493427
-0.2874161821376544,0.08578664669690846,0.6810152568591404,-0.5264845245511903,1.0,0.0,0.0,0.0,11.539577132967588
-0.0006644026166187388,0.11571802329142399,0.6950551219770356,-0.446952073315139,1.0,0.0,0.0,0.0,11.736077016252437
-0.42030242916984395,0.1456493998859395,0.6903751669377372,0.42790489028142553,1.0,0.0,0.0,0.0,11.88173350431221
0.6566516634118968,0.1256951488229339,0.6669753917412419,-1.0832116832035494,1.0,0.0,0.0,0.0,12.09626335986454
-0.04738385875825082,0.3302262222187805,0.5406166056801589,-0.7650818782593443,1.0,0.0,0.0,0.0,11.272139700982676
-0.6205211958596825,0.1656036509489522,0.5452965607194573,-0.9241467807314468,1.0,0.0,0.0,0.0,11.455306945297822
-0.8664130702893243,0.16061508818319728,0.5031769653657652,-1.2422765856756521,1.0,0.0,0.0,0.0,11.51293546492023
-0.8624369463623772,0.2254664041379762,0.4938170552871651,-1.2422765856756521,1.0,0.0,0.0,0.0,11.413116179350727
-0.6646770984168352,0.11571802329142399,0.4610573700120697,-0.20835471960698504,1.0,0.0,0.0,0.0,11.431726255472853
-1.1654594435318424,0.13068371158868175,0.4657373250513714,-0.20835471960698504,1.0,0.0,0.0,0.0,10.918736348043124
-1.1232916029381632,0.13068371158868175,0.4610573700120697,0.3483724390453742,1.0,0.0,0.0,0.0,10.859018228147887
-1.2096153460889951,0.1256951488229339,0.4610573700120697,-1.0832116832035494,1.0,0.0,0.0,0.0,10.849356503939038
-1.270355870815126,0.13068371158868175,0.4610573700120697,-0.28788717084303633,1.0,0.0,0.0,0.0,10.853232402669228
-0.7608888339649441,0.07082095839965069,0.4563774149727713,-0.7650818782593443,1.0,0.0,0.0,0.0,11.094390314766315
-0.8318312556089003,0.06583239563390283,0.45169745993347293,-1.8785361955640627,1.0,0.0,0.0,0.0,11.1447705923684
-0.959799665152497,0.06583239563390283,0.45169745993347293,0.42790489028142553,1.0,0.0,0.0,0.0,11.19135563385109
-0.7200289288735503,0.06084383286814788,0.45169745993347293,1.064164500169836,1.0,0.0,0.0,0.0,11.19822841866684
-0.13145795284515174,0.05585527010240002,0.4563774149727713,-1.2422765856756521,1.0,0.0,0.0,0.0,11.592669666556795
-0.0442448135527659,0.06084383286814788,0.4563774149727713,-0.3674196220790877,1.0,0.0,0.0,0.0,11.413116179350727
0.016234124072907842,0.06583239563390283,0.4563774149727713,-0.9241467807314468,1.0,0.0,0.0,0.0,11.425197467633199
-1.1035156181436092,0.07082095839965069,0.4470175048941745,-1.0832116832035494,1.0,0.0,0.0,0.0,11.055656405795794
-0.5499973135764573,0.06583239563390283,0.4470175048941745,0.2688399878093229,1.0,0.0,0.0,0.0,11.121378054821049
-1.035241384924315,0.06084383286814788,0.45169745993347293,0.5869697927535281,1.0,0.0,0.0,0.0,11.017004873924424
-1.2348323425730563,0.06583239563390283,0.4470175048941745,-0.04928981713488239,1.0,0.0,0.0,0.0,10.945547126244623
0.056570854963387276,0.05585527010240002,0.45169745993347293,-0.8446143294953956,1.0,0.0,0.0,0.0,11.679295469550114
-1.1451079671162827,0.06084383286814788,0.4470175048941745,0.9846320489337848,1.0,0.0,0.0,0.0,11.098939154318382
-0.7077866525721596,0.06583239563390283,0.44233754985487284,0.6665022439895795,1.0,0.0,0.0,0.0,11.05881093278828
-0.049685825242272975,0.06084383286814788,0.44233754985487284,-0.8446143294953956,1.0,0.0,0.0,0.0,11.377117196515812
-0.02682311266232525,0.06084383286814788,0.4470175048941745,-0.04928981713488239,1.0,0.0,0.0,0.0,11.340962076644454
-0.8199552012481495,0.010958205210626728,0.45169745993347293,-0.8446143294953956,1.0,0.0,0.0,0.0,10.9525769086256
-1.2464991272534414,0.01594676797637459,0.4563774149727713,-0.6855494270232929,1.0,0.0,0.0,0.0,10.909637269778615
-1.198210148509067,0.010958205210626728,0.4563774149727713,-1.1627441344396008,1.0,0.0,0.0,0.0,10.949068194652432
-0.8662038006089587,0.035901019039387305,0.4610573700120697,0.42790489028142553,1.0,0.0,0.0,0.0,11.05723491317159
-0.9861676448785692,0.04088958180514225,0.44233754985487284,-0.6060169757872417,1.0,0.0,0.0,0.0,11.464795582766675
-1.0361307810658689,0.02592389350788449,0.4563774149727713,0.3483724390453742,1.0,0.0,0.0,0.0,10.916923143796645
-1.210504742230549,0.02093533074212954,0.4563774149727713,0.3483724390453742,1.0,0.0,0.0,0.0,10.929547069355774
-1.1859678722076763,-0.013984608618133847,0.47977719016926657,-0.12882226837093372,1.0,0.0,0.0,0.0,10.918736348043124
-0.4311844525488581,-0.008996045852385986,0.4704172800906698,-0.12882226837093372,1.0,0.0,0.0,0.0,11.642206587981981
-0.6906265387821761,0.02093533074212954,0.47509723512996815,1.1436969514058875,1.0,0.0,0.0,0.0,11.442513730229855
-0.9985668734402342,-0.02895029691539161,0.45169745993347293,0.3483724390453742,1.0,0.0,0.0,0.0,11.041336579870135
-0.6228231623437046,-0.023961734149643747,0.44233754985487284,-1.2422765856756521,1.0,0.0,0.0,0.0,11.041336579870135
-0.14521743432919343,-0.008996045852385986,0.4376575948155744,-0.7650818782593443,1.0,0.0,0.0,0.0,11.788289480716973
-0.5480615690330751,-0.013984608618133847,0.44233754985487284,-0.04928981713488239,1.0,0.0,0.0,0.0,11.199597325534862
0.07503890425565632,-0.023961734149643747,0.4470175048941745,-0.9241467807314468,1.0,0.0,0.0,0.0,11.385103457032141
-0.8389464247413326,-0.018973171383888796,0.4470175048941745,-1.4808739393838062,1.0,0.0,0.0,0.0,11.437134538982278
-1.0688291686230023,-0.013984608618133847,0.4376575948155744,0.3483724390453742,1.0,0.0,0.0,0.0,11.131679686740132
-1.1996227188515352,-0.018973171383888796,0.4376575948155744,1.064164500169836,1.0,0.0,0.0,0.0,11.083695189061785
-1.3663060192627776,-0.02895029691539161,0.44233754985487284,-0.5264845245511903,1.0,0.0,0.0,0.0,10.920546270529568
-1.273808820541159,-0.013984608618133847,0.43297763977627607,0.5869697927535281,1.0,0.0,0.0,0.0,10.904137815028022
-0.9471911669104666,-0.03393885968114656,0.43297763977627607,0.42790489028142553,1.0,0.0,0.0,0.0,11.434974734252892
-1.1778063546734159,-0.018973171383888796,0.43297763977627607,0.42790489028142553,1.0,0.0,0.0,0.0,10.87806606028079
-1.040316174673182,-0.023961734149643747,0.43297763977627607,0.10977508533722025,1.0,0.0,0.0,0.0,10.851296331126829
-0.30583191400983195,0.02093533074212954,0.4282976847369743,0.42790489028142553,1.0,0.0,0.0,0.0,11.621788838451959
0.17172149658458796,0.01594676797637459,0.41425781961907915,-1.0036792319674983,1.0,0.0,0.0,0.0,11.70272730786727
-0.8700752896957233,0.010958205210626728,0.40957786457977746,1.3822943051140413,1.0,0.0,0.0,0.0,11.246365410473757
-1.157664147938222,0.005969642444871777,0.40957786457977746,0.6665022439895795,1.0,0.0,0.0,0.0,11.112462823634855
-0.7183024540105337,0.005969642444871777,0.40957786457977746,-1.5604063906198575,1.0,0.0,0.0,0.0,11.157692338256169
-0.4430605069096089,0.010958205210626728,0.41425781961907915,0.18930753657327157,1.0,0.0,0.0,0.0,11.159117834926688
-0.3528129572519209,0.005969642444871777,0.41893777465837756,-0.7650818782593443,1.0,0.0,0.0,0.0,11.468984026707245
-0.43390495839361154,-0.07883592457291985,0.43297763977627607,0.2688399878093229,1.0,0.0,0.0,0.0,11.322986972837104
-0.8817943917962,-0.04890454797840432,0.4376575948155744,0.2688399878093229,1.0,0.0,0.0,0.0,11.608244735642321
-0.38870270743463037,-0.03892742244690151,0.40957786457977746,0.10977508533722025,1.0,0.0,0.0,0.0,11.51293546492023
-0.29029364024268217,-0.008996045852385986,0.41425781961907915,0.5074373415174769,1.0,0.0,0.0,0.0,11.528808656597766
-0.6718445849693588,-0.07883592457291985,0.41425781961907915,-0.6855494270232929,1.0,0.0,0.0,0.0,11.45318607621936
-0.3494646423660706,-0.09879017563592547,0.3768181793046821,-0.20835471960698504,1.0,0.0,0.0,0.0,11.225256725762893
-0.556536991087884,-0.05888167350990714,0.3861780893832822,0.03024263410116893,1.0,0.0,0.0,0.0,11.279744203985432
-1.0960342270705368,-0.05888167350990714,0.37213822426538373,0.03024263410116893,1.0,0.0,0.0,0.0,10.96648993456911
-0.7700443824809414,-0.14867580329345373,0.42361772969767597,0.42790489028142553,1.0,0.0,0.0,0.0,11.19135563385109
-0.9703154665908712,-0.10876730116743538,0.4282976847369743,0.2688399878093229,1.0,0.0,0.0,0.0,11.248972939884327
-0.5986001968413803,-0.11874442669893819,0.40957786457977746,0.18930753657327157,1.0,0.0,0.0,0.0,11.33381076072374
-0.7527273164306836,-0.13371011499619595,0.42361772969767597,-0.7650818782593443,1.0,0.0,0.0,0.0,11.267037714175425
-0.7091469054945364,-0.128721552230441,0.42361772969767597,0.18930753657327157,1.0,0.0,0.0,0.0,11.002116507732017
-0.9652406768420041,-0.19856143095097487,0.4376575948155744,-0.9241467807314468,1.0,0.0,0.0,0.0,11.147656555612986
-0.7297599690105533,-0.16364149159071148,0.44233754985487284,-0.6855494270232929,1.0,0.0,0.0,0.0,11.219909190927746
-0.7720324444444151,-0.11874442669893819,0.45169745993347293,-0.3674196220790877,1.0,0.0,0.0,0.0,11.243751064074187
-0.7475478918416336,-0.14368724052769877,0.38149813434398383,-0.7650818782593443,1.0,0.0,0.0,0.0,11.233224789593368
-1.1293604236687673,-0.14368724052769877,0.37213822426538373,0.42790489028142553,1.0,0.0,0.0,0.0,10.975088291957388
-0.5153108640558504,-0.1386986777619438,0.37213822426538373,-0.446952073315139,1.0,0.0,0.0,0.0,11.017004873924424
-0.8889618783487236,-0.19856143095097487,0.3768181793046821,-0.8446143294953956,1.0,0.0,0.0,0.0,10.576457535657255
-0.921294043965217,-0.25343562137425096,0.3300186289116916,-0.8446143294953956,1.0,0.0,0.0,0.0,11.630717389475995
-0.8092301301294099,-0.2634127469057538,0.24577943820430068,-0.9241467807314468,1.0,0.0,0.0,0.0,10.915106645867503
-1.238703831659821,-0.2634127469057538,0.26917921340079926,-1.3218090369117035,1.0,0.0,0.0,0.0,11.07753193632009
-1.2855279226416358,-0.2584241841400059,0.25981930332219916,-1.3218090369117035,1.0,0.0,0.0,0.0,10.916923143796645
-0.7515240157685811,-0.3482183139235454,0.306618853715193,-1.4013414881477548,1.0,0.0,0.0,0.0,11.37940550085183
-0.905337230837336,-0.42803531817558915,0.2551393482829008,0.03024263410116893,1.0,0.0,0.0,0.0,11.554077005184336
-0.4240169659963345,-0.39810394158107365,0.24577943820430068,0.5869697927535281,1.0,0.0,0.0,0.0,11.082157933374816
-1.0724390706093097,-0.3931153788153187,0.2364195281257039,-0.8446143294953956,1.0,0.0,0.0,0.0,11.034905792929415
-0.5912757580285823,-0.40309250434682153,0.2410994831650023,-0.9241467807314468,1.0,0.0,0.0,0.0,11.156264806643742
-0.32037615679524484,-0.39810394158107365,0.23173957308640553,-1.4808739393838062,1.0,0.0,0.0,0.0,11.366754528799243
0.2640617430459322,-0.39810394158107365,0.2410994831650023,0.42790489028142553,1.0,0.0,0.0,0.0,11.3655964644899
-0.5739586919783247,-0.3881268160495637,0.24577943820430068,-0.8446143294953956,1.0,0.0,0.0,0.0,11.353941456740479
-1.134644483098,-0.3881268160495637,0.2364195281257039,-1.5604063906198575,1.0,0.0,0.0,0.0,11.008760940077243
-0.451431294124235,-0.3931153788153187,0.23173957308640553,0.03024263410116893,1.0,0.0,0.0,0.0,10.92415631759022
-0.8508224791020833,-0.36817256498655815,0.47509723512996815,-0.3674196220790877,1.0,0.0,0.0,0.0,11.246365410473757
-0.7233249263393093,-0.3382411883920426,0.47509723512996815,0.18930753657327157,1.0,0.0,0.0,0.0,11.097425172408931
-0.823303516134,-0.3033212490317792,0.4470175048941745,-0.28788717084303633,1.0,0.0,0.0,0.0,11.41422052949775
-0.8283259884627756,-0.3083098117975271,0.4563774149727713,0.03024263410116893,1.0,0.0,0.0,0.0,10.954326659732555
-1.215160992618685,-0.3083098117975271,0.45169745993347293,-0.28788717084303633,1.0,0.0,0.0,0.0,10.97337452485014
-0.7312248567731127,-0.32327550009478484,0.4002179545011807,-1.1627441344396008,1.0,0.0,0.0,0.0,10.933124826700707
-1.0093442619790653,-0.4180581926440793,0.5312566956015621,-0.3674196220790877,1.0,0.0,0.0,0.0,11.140425970684525
-0.7200289288735503,-0.5477608245536442,0.5078569204050636,-0.8446143294953956,1.0,0.0,0.0,0.0,11.630717389475995
-1.0121170852439103,-0.4679438203016075,0.4282976847369743,-0.6855494270232929,1.0,0.0,0.0,0.0,10.566201298475118
-1.128941884308036,-0.40808106711257647,0.5359366506408605,-1.4013414881477548,1.0,0.0,0.0,0.0,10.918736348043124
-1.0310036738969104,-0.40309250434682153,0.521896785522962,-0.28788717084303633,1.0,0.0,0.0,0.0,11.002116507732017
-1.0797111920020162,-0.40309250434682153,0.5265767405622604,-0.28788717084303633,1.0,0.0,0.0,0.0,10.968215530759236
-1.293532487915622,-0.40309250434682153,0.5265767405622604,-1.3218090369117035,1.0,0.0,0.0,0.0,10.902297921958713
-1.3276434458152233,-0.44300100647283985,0.5780562459945526,-0.6855494270232929,1.0,0.0,0.0,0.0,11.050905878263567
-0.7973017583485676,-0.43801244370709197,0.5733762909552542,0.42790489028142553,1.0,0.0,0.0,0.0,11.097425172408931
-0.5535548981426734,-0.43302388094133704,0.5640163808766575,0.03024263410116893,1.0,0.0,0.0,0.0,11.413116179350727
-0.8895896873898206,-0.43801244370709197,0.5686963359159558,-0.6855494270232929,1.0,0.0,0.0,0.0,10.969938154395841
-0.7506869370471185,-0.4679438203016075,0.5733762909552542,-0.6060169757872417,1.0,0.0,0.0,0.0,11.183045451818261
-0.8092301301294099,-0.48789807136461316,0.6248557963875465,1.064164500169836,1.0,0.0,0.0,0.0,11.217224661591072
-0.8726388432802027,-0.557737950085147,0.5640163808766575,-0.8446143294953956,1.0,0.0,0.0,0.0,10.915106645867503
0.13012914761191427,0.010958205210626728,0.40957786457977746,1.3822943051140413,1.0,0.0,0.0,0.0,11.119897691565697
0.3917162480689803,0.01594676797637459,0.40957786457977746,0.5869697927535281,1.0,0.0,0.0,0.0,11.998439434579149
-0.971571084673065,-1.3110109277137618,1.9258832973127573,-0.8446143294953956,1.0,0.0,0.0,0.0,11.06195554002416
-1.1412887954496094,-1.301033802182259,1.9258832973127573,0.10977508533722025,1.0,0.0,0.0,0.0,11.119897691565697
-0.43390495839361154,-1.291056676650749,1.921203342273459,-0.6855494270232929,1.0,0.0,0.0,0.0,11.350418300109132
-0.7981388370700304,-1.3060223649480067,1.921203342273459,0.8255671464616822,1.0,0.0,0.0,0.0,11.091346218718432
-0.43390495839361154,-1.3359537415425222,1.944603117469954,-1.0036792319674983,1.0,0.0,0.0,0.0,11.187209175200515
-0.8115844140335233,-1.291056676650749,1.9399231624306559,0.2688399878093229,1.0,0.0,0.0,0.0,11.150534214035387
-0.8472125771157759,-1.2760909883534912,1.921203342273459,-0.6855494270232929,1.0,0.0,0.0,0.0,11.454247073019193
-0.275330858096538,-1.301033802182259,1.9024835221162621,-0.446952073315139,1.0,0.0,0.0,0.0,11.355113089309977
-1.0143144168877496,-1.3259766160110196,1.9258832973127573,-1.0036792319674983,1.0,0.0,0.0,0.0,11.199597325534862
-1.1591290357007815,-1.5803933170643873,1.9071634771555603,-1.0036792319674983,1.0,0.0,0.0,0.0,9.615805480084347
-0.7801416445585841,-1.4008050574973012,1.893123612037662,-0.6060169757872417,1.0,0.0,0.0,0.0,11.119897691565697
-0.12209313464878878,-1.2810795511192463,1.8790837469197634,0.3483724390453742,1.0,0.0,0.0,0.0,11.37940550085183
-0.3276482781879513,-1.301033802182259,1.8322841965267695,-0.04928981713488239,1.0,0.0,0.0,0.0,11.309596795779068
-0.7273010502662568,-1.47563349898359,1.8088844213302744,-0.28788717084303633,1.0,0.0,0.0,0.0,11.183045451818261
-0.8952922861797845,-1.3060223649480067,1.822924286448173,0.42790489028142553,1.0,0.0,0.0,0.0,10.980212041446208
-0.795052109284637,-1.3110109277137618,1.822924286448173,-0.5264845245511903,1.0,0.0,0.0,0.0,11.170449240431308
-1.3107972365457883,-1.3259766160110196,1.822924286448173,-1.6399388418559087,1.0,0.0,0.0,0.0,11.736077016252437
-0.9292986092392032,-1.3209880532452645,1.8135643763695728,-0.9241467807314468,1.0,0.0,0.0,0.0,11.110969193687714
-0.9489176417734831,-1.3110109277137618,1.8182443314088745,0.8255671464616822,1.0,0.0,0.0,0.0,11.05723491317159
-0.5456549677088701,-1.3110109277137618,1.8135643763695728,0.6665022439895795,1.0,0.0,0.0,0.0,11.151969943847991
-0.8924148280747568,-1.3060223649480067,1.8088844213302744,-0.446952073315139,1.0,0.0,0.0,0.0,10.87806606028079
-0.6873305413164171,-1.231193923461725,1.9118434321948587,-0.446952073315139,1.0,0.0,0.0,0.0,11.156264806643742
-0.5386967508367122,-1.2361824862274728,1.8556839717232683,0.42790489028142553,1.0,0.0,0.0,0.0,11.464795582766675
-0.7243712747411377,-1.2611253000562335,1.7948445562123758,1.1436969514058875,1.0,0.0,0.0,0.0,11.252871529635922
-1.0695092950841905,-1.181308295804197,1.785484646133779,0.8255671464616822,1.0,0.0,0.0,0.0,11.163382173096926
-0.890269813851009,-1.2162282351644673,1.921203342273459,-0.6855494270232929,1.0,0.0,0.0,0.0,10.980212041446208
-1.5272867208840561,-2.293757792566984,2.4172785764391844,1.8594890125303492,0.0,0.0,0.0,1.0,11.002116507732017
-1.1224545242167008,-2.288769229801229,2.4172785764391844,1.8594890125303492,0.0,0.0,0.0,1.0,11.296024885689746
-1.0978653367737365,-2.288769229801229,2.412598621399886,1.8594890125303492,0.0,0.0,0.0,1.0,11.250274159310356
-1.1987333227099812,-2.293757792566984,2.4172785764391844,1.8594890125303492,0.0,0.0,0.0,1.0,11.231901180182515
-1.0585749542850853,-2.293757792566984,2.4172785764391844,1.8594890125303492,0.0,0.0,0.0,1.0,11.042937835596494
-0.84736952937605,-2.288769229801229,2.412598621399886,1.8594890125303492,0.0,0.0,0.0,1.0,11.437134538982278
-0.698212564695431,-2.288769229801229,2.4079186663605876,1.7004241100582467,0.0,0.0,0.0,1.0,11.355113089309977
-1.1715805816825375,-2.293757792566984,2.4079186663605876,0.8255671464616822,0.0,0.0,0.0,1.0,11.131679686740132
-1.0735900538513208,-2.3037349180984865,2.4079186663605876,0.6665022439895795,0.0,0.0,0.0,1.0,11.156264806643742
-1.11502545056372,-2.2987463553327387,2.412598621399886,0.8255671464616822,0.0,0.0,0.0,1.0,11.163382173096926
-1.2605725132580314,-2.2987463553327387,2.412598621399886,0.9050995976977334,0.0,0.0,0.0,1.0,11.075985169527042
-0.9979390643991373,-2.293757792566984,2.412598621399886,1.1436969514058875,0.0,0.0,0.0,1.0,11.163382173096926
-0.5087711865444239,-2.288769229801229,2.4079186663605876,1.1436969514058875,0.0,0.0,0.0,1.0,11.314486721293981
-0.5354007533709532,-2.288769229801229,2.403238711321289,0.5074373415174769,0.0,0.0,0.0,1.0,11.357452244304588
-0.8651051347870391,-2.293757792566984,2.403238711321289,0.10977508533722025,0.0,0.0,0.0,1.0,11.305913595583258
-0.6919867917045529,-2.2987463553327387,2.4079186663605876,0.6665022439895795,0.0,0.0,0.0,1.0,11.159117834926688
-0.7150064565447748,-2.2987463553327387,2.4079186663605876,0.3483724390453742,0.0,0.0,0.0,1.0,11.187209175200515
-0.8975419352437154,-2.2987463553327387,2.4079186663605876,0.42790489028142553,0.0,0.0,0.0,1.0,11.112462823634855
-0.5601468930741915,-2.293757792566984,2.3985587562819872,-0.20835471960698504,0.0,0.0,0.0,1.0,11.324195417595107
-0.75037303252657,-2.3037349180984865,2.403238711321289,0.10977508533722025,0.0,0.0,0.0,1.0,11.141876276228
-1.1124095795591493,-2.2837806670354808,2.421958531478486,1.7004241100582467,0.0,0.0,0.0,1.0,11.119897691565697
-0.7200289288735503,-2.278792104269726,2.4172785764391844,0.2688399878093229,0.0,0.0,0.0,1.0,11.192733974822708
-1.1097937085545788,-2.2837806670354808,2.4172785764391844,1.4618267563500926,0.0,0.0,0.0,1.0,11.21318430646977
-1.1850784760661224,-2.288769229801229,2.4172785764391844,1.8594890125303492,0.0,0.0,0.0,1.0,11.221248757912162
-1.4322782859980498,-2.288769229801229,2.4172785764391844,1.8594890125303492,0.0,0.0,0.0,1.0,11.21318430646977
-0.7254699405630574,-2.278792104269726,2.412598621399886,0.7460346952256308,0.0,0.0,0.0,1.0,11.302216779257382
-0.3689267226400763,-2.2837806670354808,2.4079186663605876,0.9846320489337848,0.0,0.0,0.0,1.0,11.554077005184336
-0.03990246768517874,-2.288769229801229,2.4079186663605876,1.3822943051140413,0.0,0.0,0.0,1.0,11.31204474745499
-0.9222357575268623,-2.288769229801229,2.412598621399886,1.3822943051140413,0.0,0.0,0.0,1.0,11.41422052949775
-0.4471412656767391,-2.2837806670354808,2.412598621399886,0.6665022439895795,0.0,0.0,0.0,1.0,11.366754528799243
-0.237714633050812,-2.278792104269726,2.4079186663605876,0.5074373415174769,0.0,0.0,0.0,1.0,11.438212694578302
-0.5032778574348254,-2.278792104269726,2.403238711321289,-0.12882226837093372,0.0,0.0,0.0,1.0,11.50892748368293
-0.2622515030736848,-2.2837806670354808,2.3985587562819872,-0.3674196220790877,0.0,0.0,0.0,1.0,11.518917476956224
-0.25000922677229404,-2.2837806670354808,2.4079186663605876,0.5869697927535281,0.0,0.0,0.0,1.0,11.407576060361786
-0.9240145498099703,-2.273803541503971,2.4079186663605876,0.42790489028142553,0.0,0.0,0.0,1.0,11.372524818667134
-0.8519734623440945,-2.273803541503971,2.4172785764391844,0.18930753657327157,0.0,0.0,0.0,1.0,11.303450570483712
-0.5194962576631634,-2.273803541503971,2.412598621399886,0.03024263410116893,0.0,0.0,0.0,1.0,11.326607934898927
-0.1532743170232711,-2.273803541503971,2.412598621399886,0.2688399878093229,0.0,0.0,0.0,1.0,11.438212694578302
-0.34250642549391264,-2.2388836021437077,2.445358306674981,0.42790489028142553,0.0,0.0,0.0,1.0,11.493752839181418
-0.18869321042515777,-2.233895039377953,2.440678351635683,0.18930753657327157,0.0,0.0,0.0,1.0,11.870606902224587
0.05385034911863386,-2.218929351080695,2.4172785764391844,-0.5264845245511903,0.0,0.0,0.0,0.0,11.804855999911272
-1.4442589751989834,-2.2488607276752104,2.445358306674981,-0.8446143294953956,0.0,0.0,0.0,1.0,11.918397239722838
-1.4136532844455068,-2.2538492904409653,2.445358306674981,-0.28788717084303633,0.0,0.0,0.0,1.0,11.225256725762893
-1.4223379761806811,-2.2538492904409653,2.4500382617142797,1.2232294026419388,0.0,0.0,0.0,1.0,11.37940550085183
-0.869761385175175,-2.2438721649094555,2.4500382617142797,1.4618267563500926,0.0,0.0,0.0,1.0,11.504903373867316
-1.4274127659295484,-2.2488607276752104,2.4500382617142797,0.03024263410116893,0.0,0.0,0.0,1.0,11.52387529615648
-0.8671455141706044,-2.2538492904409653,2.4547182167535815,1.7004241100582467,0.0,0.0,0.0,1.0,11.569315250157509
-1.6259573751764613,-2.2438721649094555,2.4500382617142797,0.18930753657327157,0.0,0.0,0.0,1.0,11.938853113303086
-1.1254889345820027,-2.2837806670354808,2.4547182167535815,0.3483724390453742,0.0,0.0,0.0,1.0,10.959557617938563
-0.9472434843305578,-2.258837853206713,2.4547182167535815,0.5074373415174769,0.0,0.0,0.0,1.0,11.303450570483712
-1.2261476508378817,-2.2538492904409653,2.4547182167535815,0.18930753657327157,0.0,0.0,0.0,1.0,11.21318430646977
-0.7555524571156198,-2.2538492904409653,2.4547182167535815,-0.20835471960698504,0.0,0.0,0.0,1.0,11.315705475634307
-0.5986001968413803,-2.258837853206713,2.4640781268321783,-0.8446143294953956,0.0,0.0,0.0,1.0,11.43605521971203
-0.43390495839361154,-2.079249593639627,2.351759205888994,-0.28788717084303633,0.0,0.0,0.0,0.0,11.820417517632333
-0.9479236107917463,-2.089226719171137,2.5249175423430703,-0.3674196220790877,0.0,0.0,0.0,0.0,11.287291314687705
-1.4793639640803216,-2.1341237840629033,2.66063623848275,0.18930753657327157,0.0,0.0,0.0,0.0,10.510559281627845
-1.075368846134429,-2.0692724681081245,2.5529972725788674,-0.7650818782593443,0.0,0.0,0.0,0.0,10.819798284210286
-1.2478593801758182,-2.024375403216351,2.5623571826574643,-0.7650818782593443,0.0,0.0,0.0,0.0,10.988693712621323
-1.0828502372075008,-2.039341091513609,2.6512763284041503,-0.5264845245511903,0.0,0.0,0.0,0.0,11.046132675457146
-0.9009425675496573,-1.9695012127930749,2.5155576322644704,-0.9241467807314468,1.0,0.0,0.0,0.0,11.336200219573199
-0.9734545117963559,-2.2488607276752104,2.679356058639947,0.03024263410116893,0.0,0.0,0.0,1.0,11.047726275896391
-0.735305615540243,-2.2388836021437077,2.571717092736064,-0.5264845245511903,0.0,0.0,0.0,1.0,11.690242855114947
-0.4475598050374704,-2.278792104269726,2.538957407460969,0.2688399878093229,0.0,0.0,0.0,1.0,11.87340018062404
-0.9951662411342924,-2.258837853206713,2.529597497382369,-0.20835471960698504,0.0,0.0,0.0,1.0,11.49171204297103
-0.17697410832468136,-2.213940788314947,2.4968378121072736,-0.6060169757872417,0.0,0.0,0.0,0.0,11.539577132967588
-0.48538529976356204,-2.2089522255491922,2.4734380369107782,0.03024263410116893,0.0,0.0,0.0,0.0,11.500863005142227
-0.7431009111338635,-2.213940788314947,2.4593981717928797,-0.04928981713488239,0.0,0.0,0.0,0.0,11.233224789593368
-0.6194225300377628,-2.198975100017689,2.4547182167535815,0.9846320489337848,0.0,0.0,0.0,0.0,11.340962076644454
-0.30719216693220874,-2.1490894723601612,2.4781179919500764,-0.04928981713488239,0.0,0.0,0.0,0.0,11.574029971623514
-0.8913161622528372,-2.288769229801229,2.520237587303772,-0.446952073315139,0.0,0.0,0.0,1.0,11.231901180182515
-0.6233986539647102,-2.2488607276752104,2.5061977221858736,-0.8446143294953956,0.0,0.0,0.0,1.0,11.61999352194924
-0.3848835357679573,-2.288769229801229,2.487477902028677,-0.6855494270232929,0.0,0.0,0.0,1.0,11.472113887062386
-0.6733094727319182,-2.2538492904409653,2.487477902028677,-0.8446143294953956,0.0,0.0,0.0,1.0,11.50892748368293
-0.19287860403247084,-2.2638264159724684,2.4781179919500764,-0.28788717084303633,0.0,0.0,0.0,1.0,11.206413891581187
-0.5819632572523109,-2.2638264159724684,2.4781179919500764,-0.9241467807314468,0.0,0.0,0.0,1.0,11.409795792463761
-0.8169731083029389,-2.2488607276752104,2.482797946989375,-0.8446143294953956,0.0,0.0,0.0,1.0,11.157692338256169
-0.5535548981426734,-2.2538492904409653,2.4734380369107782,-1.3218090369117035,0.0,0.0,0.0,1.0,11.751162533892076
0.6051190046218546,-2.233895039377953,2.482797946989375,-1.1627441344396008,0.0,0.0,0.0,1.0,12.017336559562407
-1.0342996713626695,-2.258837853206713,2.487477902028677,-0.9241467807314468,0.0,0.0,0.0,1.0,11.269591961359195
-0.4630980788046201,-2.2438721649094555,2.421958531478486,-0.446952073315139,0.0,0.0,0.0,1.0,11.692752245730048
-0.03493231277649445,-2.218929351080695,2.3798389361247905,-0.04928981713488239,0.0,0.0,0.0,0.0,11.694421681264394
0.08340969147028243,-2.293757792566984,2.389198846203391,-0.9241467807314468,0.0,0.0,0.0,1.0,11.766799946849087
-0.5397430992385406,-2.278792104269726,2.3798389361247905,-0.8446143294953956,0.0,0.0,0.0,1.0,11.51792295668052
0.1721923533654105,-2.278792104269726,2.3564391609282955,-0.446952073315139,0.0,0.0,0.0,1.0,11.779902152762993
-0.17786350446623517,-2.3037349180984865,2.384518891164089,-0.6060169757872417,0.0,0.0,0.0,1.0,11.408686542313973
-0.4303996912474869,-2.2987463553327387,2.3330393857317966,0.5074373415174769,0.0,0.0,0.0,1.0,11.580593459194764
-0.512956580151737,-2.293757792566984,2.3330393857317966,0.2688399878093229,0.0,0.0,0.0,1.0,11.366754528799243
-0.6779657231200541,-2.273803541503971,2.3330393857317966,1.1436969514058875,0.0,0.0,0.0,1.0,11.430641079947755
-0.74519360793752,-2.288769229801229,2.3236794756531998,0.8255671464616822,0.0,0.0,0.0,1.0,11.35159406537374
-0.9325422892848708,-2.2837806670354808,2.3189995206139016,0.8255671464616822,0.0,0.0,0.0,1.0,11.284781934567633
0.07781172752050126,-2.278792104269726,2.3236794756531998,-0.12882226837093372,0.0,0.0,0.0,1.0,11.760574294255605
-1.210504742230549,-2.278792104269726,2.3189995206139016,-0.5264845245511903,0.0,0.0,0.0,1.0,11.109473329472568
-0.8884910215679009,-2.278792104269726,2.3189995206139016,-0.9241467807314468,0.0,0.0,0.0,1.0,11.248972939884327
-0.22782664065353495,-2.233895039377953,2.3189995206139016,0.2688399878093229,0.0,0.0,0.0,0.0,11.46374572492597
-0.5817016701518537,-2.2538492904409653,2.3002797004567013,-0.3674196220790877,0.0,0.0,0.0,0.0,11.485564545613576
-0.8159267599011107,-2.1889979744861794,2.3096396105353016,0.18930753657327157,0.0,0.0,0.0,0.0,11.43605521971203
-1.1305637243308697,-2.0742610308738794,2.267520015181606,-0.28788717084303633,1.0,0.0,0.0,0.0,11.252871529635922
-0.6160742151519122,-2.278792104269726,2.3143195655746,-0.28788717084303633,0.0,0.0,0.0,0.0,11.434974734252892
-0.9107782425268428,-2.278792104269726,2.3096396105353016,0.03024263410116893,0.0,0.0,0.0,0.0,11.226589153242802
-0.7254699405630574,-2.2638264159724684,2.3096396105353016,0.3483724390453742,0.0,0.0,0.0,0.0,11.21318430646977
-0.3276482781879513,-2.273803541503971,2.3002797004567013,0.7460346952256308,0.0,0.0,0.0,0.0,11.459535236710686
-0.8583038701751554,-2.258837853206713,2.2768799252602063,0.10977508533722025,0.0,0.0,0.0,0.0,11.18859323930985
-1.1085380904723847,-2.258837853206713,2.2768799252602063,1.064164500169836,0.0,0.0,0.0,0.0,10.959557617938563
-0.7751191722298085,-2.2538492904409653,2.248800195024409,0.7460346952256308,0.0,0.0,0.0,0.0,11.163382173096926
-0.1788052180278807,-2.258837853206713,2.2628400601423078,1.8594890125303492,0.0,0.0,0.0,0.0,10.915106645867503
-0.6627936712935443,-2.2239179138464498,2.253480150063711,0.42790489028142553,0.0,0.0,0.0,0.0,11.174665631549477
-0.7947905221841798,-2.338654857458757,2.3143195655746,1.8594890125303492,0.0,0.0,0.0,1.0,11.620891583095712
-0.4162739878228052,-2.3236891691614994,2.295599745417403,1.8594890125303492,0.0,0.0,0.0,1.0,11.577785809317154
-0.45075116766304657,-2.3835519223505233,2.295599745417403,1.8594890125303492,0.0,0.0,0.0,1.0,11.457423325808623
-1.0121170852439103,-2.333666294693002,2.1739209143956217,0.2688399878093229,0.0,0.0,0.0,1.0,11.239816684367907
-0.6546321537592839,-2.2488607276752104,2.070961903531037,-0.9241467807314468,0.0,0.0,0.0,1.0,11.817472029092508
-1.3378976601531403,-2.2089522255491922,2.1458411841598246,-1.0036792319674983,0.0,0.0,0.0,0.0,11.166214996056205
-0.9312866712026768,-2.1291352212971555,2.1739209143956217,-0.04928981713488239,0.0,0.0,0.0,0.0,11.211833885608513
-1.1254889345820027,-2.0493182170451187,2.155201094238425,0.18930753657327157,0.0,0.0,0.0,0.0,10.902297921958713
-1.3882793357011711,-2.1191580957656457,2.117761453924028,-0.7650818782593443,0.0,0.0,0.0,0.0,11.248972939884327
-1.0012350618648964,-2.084238156405382,2.0943616787275325,0.5074373415174769,0.0,0.0,0.0,0.0,11.527823929632195
-0.8840963582802221,-2.09920384470264,2.0662819484917354,-0.9241467807314468,0.0,0.0,0.0,0.0,11.531757032705352
-1.0447631553809522,2.021348999808844,-1.1769268937426915,0.7460346952256308,1.0,0.0,0.0,0.0,11.015361515187424
-0.8963386345816129,2.021348999808844,-1.1722469387033898,-0.8446143294953956,1.0,0.0,0.0,0.0,10.885584751364705
-0.9287754350382891,2.0263375625745916,-1.1769268937426915,-0.6060169757872417,1.0,0.0,0.0,0.0,10.751520856703959
-1.162006493805809,2.0263375625745916,-1.1207674332710975,0.2688399878093229,1.0,0.0,0.0,0.0,10.675931008412125
-0.7456121472982514,1.9814404976828257,-1.1394872534282945,0.6665022439895795,1.0,0.0,0.0,0.0,11.19135563385109
-0.5107592485078976,1.9165891817280396,-1.1909667588605866,-0.12882226837093372,1.0,0.0,0.0,0.0,11.37940550085183
-0.957393063828292,1.9714633721513157,-1.2143665340570853,-0.9241467807314468,1.0,0.0,0.0,0.0,11.021918808236205
-0.8262856090792106,1.9714633721513157,-1.2143665340570853,-0.6855494270232929,1.0,0.0,0.0,0.0,11.034905792929415
-0.2471840860873578,2.07622319023212,-1.2377663092535804,0.03024263410116893,1.0,0.0,0.0,0.0,11.588042213851855
-0.35490565405557745,1.9864290604485735,-1.251806174371479,-0.9241467807314468,1.0,0.0,0.0,0.0,11.63956692643747
-1.2650194939658017,2.021348999808844,-1.2424462642928822,0.2688399878093229,1.0,0.0,0.0,0.0,10.978507040265917
-0.8741560484628537,2.021348999808844,-1.2424462642928822,-0.6060169757872417,1.0,0.0,0.0,0.0,11.103467395592086
-1.1302498198103212,2.016360437043089,-1.2377663092535804,-0.28788717084303633,1.0,0.0,0.0,0.0,11.038126355768453
-1.0293295164539853,2.0263375625745916,-1.2377663092535804,-0.6855494270232929,1.0,0.0,0.0,0.0,11.06195554002416
-1.2237410495136767,2.011371874277334,-1.2377663092535804,-0.446952073315139,1.0,0.0,0.0,0.0,11.147656555612986
-1.0096581664996138,2.011371874277334,-1.2424462642928822,-0.12882226837093372,1.0,0.0,0.0,0.0,11.01206667357142
0.2490466434796963,2.011371874277334,-1.2377663092535804,-0.9241467807314468,1.0,0.0,0.0,0.0,11.472113887062386
-0.3227827581194498,2.0063833115115863,-1.2424462642928822,-0.3674196220790877,1.0,0.0,0.0,0.0,11.299744620670225
-0.45368094318816565,2.011371874277334,-1.2471262193321806,0.9846320489337848,1.0,0.0,0.0,0.0,11.167628403875849
-0.7690503514992045,2.016360437043089,-1.2471262193321806,0.5074373415174769,1.0,0.0,0.0,0.0,11.166214996056205
0.8154350333893358,2.0063833115115863,-1.2424462642928822,0.3483724390453742,1.0,0.0,0.0,0.0,11.870606902224587
-0.030642284328998574,2.0013947487458315,-1.251806174371479,-0.6060169757872417,1.0,0.0,0.0,0.0,11.582460855933538
-1.2318502496278456,2.016360437043089,-1.2471262193321806,0.42790489028142553,1.0,0.0,0.0,0.0,11.007103966325696
-0.9946953843534696,2.021348999808844,-1.2471262193321806,-0.3674196220790877,1.0,0.0,0.0,0.0,11.103467395592086
-0.9862722797187521,2.021348999808844,-1.2471262193321806,-1.4808739393838062,1.0,0.0,0.0,0.0,11.119897691565697
-0.11691371005973886,2.1211202551238935,-1.3173255449216696,0.42790489028142553,1.0,0.0,0.0,0.0,11.51293546492023
1.2449087349197467,2.086200315763623,-1.3454052751574666,-1.0036792319674983,1.0,0.0,0.0,0.0,11.893421422254848
-0.29196779768560743,2.0812117529978678,-1.298605724764473,-0.7650818782593443,1.0,0.0,0.0,0.0,11.642206587981981
-0.7935872215220773,2.0961774412951257,-1.322005499960968,-0.446952073315139,1.0,0.0,0.0,0.0,11.215879689565481
-1.0143144168877496,2.0961774412951257,-1.3173255449216696,-1.1627441344396008,1.0,0.0,0.0,0.0,11.300981463909618
-0.1584014241922295,2.0961774412951257,-1.3173255449216696,0.10977508533722025,1.0,0.0,0.0,0.0,11.171856680390034
-0.9848073919561926,2.091188878529378,-1.3173255449216696,0.7460346952256308,1.0,0.0,0.0,0.0,11.094390314766315
-1.0361307810658689,2.091188878529378,-1.322005499960968,0.5074373415174769,1.0,0.0,0.0,0.0,11.119897691565697
-1.1069685678696424,2.0961774412951257,-1.322005499960968,0.2688399878093229,1.0,0.0,0.0,0.0,11.136062390867204
-0.33308928987745834,1.9964061859800835,-1.303285679803771,0.3483724390453742,1.0,0.0,0.0,0.0,11.03973275601109
-1.1170658299472853,1.9964061859800835,-1.303285679803771,-0.9241467807314468,1.0,0.0,0.0,0.0,11.05881093278828
-1.0061528993534892,1.9964061859800835,-1.3079656348430695,0.03024263410116893,1.0,0.0,0.0,0.0,11.020283511637867
-0.18210121549363975,1.9964061859800835,-1.3126455898823712,0.18930753657327157,1.0,0.0,0.0,0.0,11.119897691565697
0.5225097982975133,1.9864290604485735,-1.303285679803771,-0.6855494270232929,1.0,0.0,0.0,0.0,11.416425577744599
0.1323787966758449,1.9814404976828257,-1.2939257697251745,-2.0376010980361654,1.0,0.0,0.0,0.0,11.329014645967838
-0.2709885122289509,2.036314688106102,-1.2939257697251745,-0.7650818782593443,1.0,0.0,0.0,0.0,11.540550359582348
-0.37122868912409845,1.9614862466198129,-1.3266854550002698,-0.446952073315139,1.0,0.0,0.0,0.0,11.736077016252437
-0.9325422892848708,1.9215777444937945,-1.350085230196765,-1.0036792319674983,1.0,0.0,0.0,0.0,11.37940550085183
-1.1778063546734159,1.9614862466198129,-1.350085230196765,-0.7650818782593443,1.0,0.0,0.0,0.0,11.630717389475995
0.3132401179318603,1.9914176232143284,-1.322005499960968,-1.8785361955640627,1.0,0.0,0.0,0.0,11.475233981948293
-0.6852901619328521,2.0063833115115863,-1.3173255449216696,0.42790489028142553,1.0,0.0,0.0,0.0,11.119897691565697
-0.11330380807343139,1.9914176232143284,-1.322005499960968,-1.4808739393838062,1.0,0.0,0.0,0.0,11.37940550085183
-1.1287326146276702,1.9964061859800835,-1.3266854550002698,-0.9241467807314468,1.0,0.0,0.0,0.0,11.154835234271214
-1.047012804444883,1.9964061859800835,-1.3266854550002698,-1.0036792319674983,1.0,0.0,0.0,0.0,11.448930795918299
-0.6587129125264141,2.0413032508718496,-1.3266854550002698,-0.6060169757872417,1.0,0.0,0.0,0.0,11.390769130367211
-0.8551648249696707,2.021348999808844,-1.340725320118165,-0.8446143294953956,1.0,0.0,0.0,0.0,11.279744203985432
-1.1202571925728615,2.016360437043089,-1.3594451402753651,-1.1627441344396008,1.0,0.0,0.0,0.0,11.021918808236205
-0.7947905221841798,2.021348999808844,-1.3594451402753651,-0.9241467807314468,1.0,0.0,0.0,0.0,11.052491896264268
-0.24357418410105033,2.031326125340347,-1.350085230196765,-1.2422765856756521,1.0,0.0,0.0,0.0,11.86710429621008
-0.922183440106771,2.0063833115115863,-1.3266854550002698,-0.446952073315139,1.0,0.0,0.0,0.0,11.0186455364637
-1.3958130441943348,2.0063833115115863,-1.3313654100395682,-0.5264845245511903,1.0,0.0,0.0,0.0,10.889323003601277
-1.3609173249933622,2.011371874277334,-1.3313654100395682,-0.446952073315139,1.0,0.0,0.0,0.0,11.008760940077243
-1.1725222952441832,2.0063833115115863,-1.3313654100395682,-0.446952073315139,1.0,0.0,0.0,0.0,10.995427631436174
0.3636741108999827,1.9964061859800835,-1.3266854550002698,0.3483724390453742,1.0,0.0,0.0,0.0,11.136062390867204
-0.8780798549697095,2.0013947487458315,-1.3266854550002698,-0.28788717084303633,1.0,0.0,0.0,0.0,11.065090289695444
-1.1915658361574575,2.0013947487458315,-1.3266854550002698,-0.04928981713488239,1.0,0.0,0.0,0.0,10.992066340225865
-1.3016940054498825,2.0013947487458315,-1.3266854550002698,-1.0832116832035494,1.0,0.0,0.0,0.0,11.147656555612986
-1.3283235722764117,2.0013947487458315,-1.3313654100395682,-0.8446143294953956,1.0,0.0,0.0,0.0,10.97337452485014
-0.3494646423660706,2.0013947487458315,-1.3360453650788666,0.42790489028142553,1.0,0.0,0.0,0.0,11.241129864948206
-1.415484394148706,2.0013947487458315,-1.3313654100395682,-0.6855494270232929,1.0,0.0,0.0,0.0,11.042937835596494
-1.1559899904952966,1.9964061859800835,-1.3313654100395682,1.7004241100582467,1.0,0.0,0.0,0.0,11.128747176317603
-0.42689442410136225,2.0013947487458315,-1.3360453650788666,1.3822943051140413,1.0,0.0,0.0,0.0,11.167628403875849
0.38669377574020475,2.0013947487458315,-1.3360453650788666,0.5074373415174769,1.0,0.0,0.0,0.0,11.364437057512568
0.6548728711287888,1.9964061859800835,-1.3360453650788666,-0.28788717084303633,1.0,0.0,0.0,0.0,11.50892748368293
-0.37489090853049745,2.0013947487458315,-1.3360453650788666,0.03024263410116893,1.0,0.0,0.0,0.0,11.241129864948206
-0.5617687330970252,2.0063833115115863,-1.3360453650788666,-1.8785361955640627,1.0,0.0,0.0,0.0,11.342149006315793
1.310619414554562,1.9864290604485735,-1.3313654100395682,-1.6399388418559087,1.0,0.0,0.0,0.0,11.982310152711182
-1.157664147938222,1.9914176232143284,-1.3313654100395682,-1.1627441344396008,1.0,0.0,0.0,0.0,11.072884439922198
-0.14233997622416567,1.9964061859800835,-1.3313654100395682,0.42790489028142553,1.0,0.0,0.0,0.0,11.206413891581187
0.08435140503192753,1.9964061859800835,-1.3360453650788666,0.03024263410116893,1.0,0.0,0.0,0.0,11.366754528799243
1.2531225698740986,1.9964061859800835,-1.3360453650788666,-0.6855494270232929,1.0,0.0,0.0,0.0,11.484536278461452
0.2227832985938072,1.9964061859800835,-1.3360453650788666,-1.0832116832035494,1.0,0.0,0.0,0.0,11.37940550085183
0.31695465475835083,2.0013947487458315,-1.3454052751574666,-1.0832116832035494,1.0,0.0,0.0,0.0,11.8515453936489
-0.6797968328232534,1.9864290604485735,-1.378164960432562,0.10977508533722025,1.0,0.0,0.0,0.0,11.455306945297822
-1.0344566236229438,2.036314688106102,-1.378164960432562,-0.9241467807314468,1.0,0.0,0.0,0.0,11.06665398721974
-1.1470437116596648,2.0812117529978678,-1.3734850053932603,-0.7650818782593443,1.0,0.0,0.0,0.0,11.470028402317833
-1.308599904901949,2.036314688106102,-1.3875248705111587,-0.28788717084303633,1.0,0.0,0.0,0.0,11.157692338256169
-1.2522017260434057,2.036314688106102,-1.3875248705111587,-0.3674196220790877,1.0,0.0,0.0,0.0,11.199597325534862
-0.8079745120472159,2.0413032508718496,-1.3828449154718603,-1.0832116832035494,1.0,0.0,0.0,0.0,11.420821140914589
-1.1944956116825767,2.031326125340347,-1.3828449154718603,-0.8446143294953956,1.0,0.0,0.0,0.0,11.389638560778947
-0.8887002912482665,2.031326125340347,-1.3875248705111587,0.5074373415174769,1.0,0.0,0.0,0.0,11.231901180182515
-1.4362020925049057,2.036314688106102,-1.3875248705111587,0.03024263410116893,1.0,0.0,0.0,0.0,11.346882686945893
-0.6546321537592839,2.0263375625745916,-1.3828449154718603,-1.4013414881477548,1.0,0.0,0.0,0.0,11.194110418585193
-0.9489176417734831,2.021348999808844,-1.3875248705111587,-1.7990037443280114,1.0,0.0,0.0,0.0,11.12285622984002
-1.1232916029381632,1.7569551732239663,-1.0786478379174054,-0.9241467807314468,1.0,0.0,0.0,0.0,11.305913595583258
-1.366724558623509,1.7818979870527267,-1.144167208467596,-1.0036792319674983,1.0,0.0,0.0,0.0,10.84546552414626
0.07561439587666191,1.841760740241758,-1.2658460394893774,-1.0832116832035494,1.0,0.0,0.0,0.0,10.389026137075234
-1.277837261888198,1.7818979870527267,-1.3547651852360634,-0.20835471960698504,1.0,0.0,0.0,0.0,10.689692377847104
-1.2213867656095632,1.831783614710248,-1.378164960432562,-0.8446143294953956,1.0,0.0,0.0,0.0,10.959557617938563
-0.5272915532567841,1.7769094242869719,-1.0412081976030116,-0.6855494270232929,1.0,0.0,0.0,0.0,11.047726275896391
-0.9759134305406524,1.7868865498184818,-1.04588815264231,-1.0832116832035494,1.0,0.0,0.0,0.0,10.902297921958713
-0.6153940886907239,1.8118293636472425,-1.0552480627209069,-1.8785361955640627,1.0,0.0,0.0,0.0,10.981914140544825
-1.259526164856203,1.7918751125842296,-1.0833277929567038,-1.6399388418559087,1.0,0.0,0.0,0.0,10.893047333337728
-1.5455978179160506,1.8267950519445002,-1.0646079727995068,-1.0832116832035494,1.0,0.0,0.0,0.0,11.119897691565697
-1.093732260586515,1.831783614710248,-1.0739678828781036,-0.7650818782593443,1.0,0.0,0.0,0.0,11.047726275896391
-1.439393455130482,1.8018522381157396,-1.092687703035304,-0.12882226837093372,1.0,0.0,0.0,0.0,10.904137815028022
-1.0361307810658689,1.8068408008814874,-1.1020476131139008,-1.3218090369117035,1.0,0.0,0.0,0.0,10.893047333337728
0.7644255488002079,1.8816692423677763,-1.1114075231925007,-2.1171335492722165,1.0,0.0,0.0,0.0,10.768506042432708
-1.5589910774594526,2.4154454583032794,-1.0318482875244115,-0.3674196220790877,1.0,0.0,0.0,0.0,10.988693712621323
-0.37436773432958337,2.2907313891594696,-1.2003266689391867,-0.8446143294953956,1.0,0.0,0.0,0.0,10.959557617938563
-1.1005335251983985,1.9165891817280396,-1.0646079727995068,-0.7650818782593443,1.0,0.0,0.0,0.0,10.819798284210286
-1.3932494906098554,1.9165891817280396,-1.0692879278388052,-0.446952073315139,1.0,0.0,0.0,0.0,10.308985993422082
-1.5795518235553778,2.455353960429298,-1.3313654100395682,-0.6060169757872417,1.0,0.0,0.0,0.0,10.12667110305036
-1.3609173249933622,2.505239588086826,-1.3266854550002698,-0.7650818782593443,1.0,0.0,0.0,0.0,10.934908916663861
-1.5788193796740981,2.4653310859608077,-1.3454052751574666,-1.0832116832035494,1.0,0.0,0.0,0.0,10.714439990727769
-1.397591836477443,2.4503653976635498,-1.3547651852360634,-0.9241467807314468,1.0,0.0,0.0,0.0,10.691967639914864
-0.9182073161798235,0.6943913041187005,0.8026940878809218,-1.0036792319674983,1.0,0.0,0.0,0.0,11.592669666556795
0.1471846265617152,0.5696772349748905,0.826093863077417,-0.7650818782593443,1.0,0.0,0.0,0.0,11.860062063178267
-0.3469010887815913,0.484871667957106,0.8214139080381186,-0.7650818782593443,1.0,0.0,0.0,0.0,12.019749091416921
-0.41569849620179966,0.5597001094433878,0.7558945374879279,-0.6855494270232929,1.0,0.0,0.0,0.0,11.685205103383671
0.24104207820571014,0.5597001094433878,0.8120539979595185,-0.20835471960698504,1.0,0.0,0.0,0.0,11.847259703415569
0.2609226978404473,0.5746657977406455,0.8026940878809218,-0.6060169757872417,1.0,0.0,0.0,0.0,12.102937429832547
-1.1182691306093877,0.5746657977406455,0.8073740429202201,-0.8446143294953956,1.0,0.0,0.0,0.0,10.904137815028022
-0.9961602721160293,0.5846429232721483,0.8073740429202201,0.42790489028142553,1.0,0.0,0.0,0.0,11.662215780913316
-1.0692477079837335,0.5896314860379033,0.8120539979595185,-0.28788717084303633,1.0,0.0,0.0,0.0,11.569315250157509
-0.811008922412518,0.5896314860379033,0.8073740429202201,0.7460346952256308,1.0,0.0,0.0,0.0,11.496806245590331
-0.5892353786450173,0.6345285509296765,0.7184548971735342,-0.5264845245511903,1.0,0.0,0.0,0.0,11.456365695436427
-1.1232916029381632,0.8340710615597683,0.6154958863089497,-0.7650818782593443,1.0,0.0,0.0,0.0,11.83138646878959
-0.8115844140335233,0.6295399881639216,0.610815931269648,0.5074373415174769,1.0,0.0,0.0,0.0,11.297266335365645
-0.962938710357982,0.7592426200734865,0.4704172800906698,0.42790489028142553,1.0,0.0,0.0,0.0,11.214532906153606
-0.8469509900153187,0.6943913041187005,0.4657373250513714,-0.446952073315139,1.0,0.0,0.0,0.0,11.558863947911393
-1.0931567689655093,0.9388308796405725,0.23173957308640553,-0.28788717084303633,1.0,0.0,0.0,0.0,10.725489582719506
-0.9292986092392032,1.273064584945984,0.3580983591474852,-0.7650818782593443,1.0,0.0,0.0,0.0,9.615805480084347
-1.4278313052902796,1.6721496062061747,0.1709001575755132,-1.1627441344396008,1.0,0.0,0.0,0.0,10.401258331428318
-0.5848930327774299,0.27535203179550444,-0.10053723470384643,1.064164500169836,1.0,0.0,0.0,0.0,11.080618310893968
-0.6832497825492868,0.27036346902974945,-0.10053723470384643,1.30276185387799,1.0,0.0,0.0,0.0,11.041336579870135
-0.6627936712935443,0.27036346902974945,-0.10053723470384643,0.7460346952256308,1.0,0.0,0.0,0.0,11.125806040978839
-0.4444207598319855,0.2603863434982467,-0.09117732462524965,-1.8785361955640627,1.0,0.0,0.0,0.0,11.251573687764477
-0.367618787137791,0.27535203179550444,-0.09585727966454805,0.8255671464616822,1.0,0.0,0.0,0.0,11.166214996056205
-0.8389464247413326,0.27535203179550444,-0.10053723470384643,0.9050995976977334,1.0,0.0,0.0,0.0,11.1154434073529
-1.0615570472302958,0.27535203179550444,-0.10053723470384643,0.5869697927535281,1.0,0.0,0.0,0.0,10.957817003758691
-1.2642347326644305,0.27535203179550444,-0.10053723470384643,0.9050995976977334,1.0,0.0,0.0,0.0,10.87049040995193
-1.175922927550125,0.27036346902974945,-0.10053723470384643,1.064164500169836,1.0,0.0,0.0,0.0,10.907807476583594
-1.093732260586515,0.27036346902974945,-0.10521718974314814,0.9846320489337848,1.0,0.0,0.0,0.0,10.902297921958713
-1.0651669492166032,0.2653749062639945,-0.10053723470384643,1.4618267563500926,1.0,0.0,0.0,0.0,10.909637269778615
-0.5425159225033852,0.2603863434982467,-0.10053723470384643,0.9846320489337848,1.0,0.0,0.0,0.0,10.950824090522445
-0.9515335127780538,0.27535203179550444,-0.10521718974314814,-0.6060169757872417,1.0,0.0,0.0,0.0,11.112462823634855
-0.9973112553580403,0.27535203179550444,-0.10521718974314814,0.9846320489337848,1.0,0.0,0.0,0.0,10.857093336791094
-0.9642989632803586,0.27036346902974945,-0.10521718974314814,0.6665022439895795,1.0,0.0,0.0,0.0,10.881832472145556
-0.42574344085935106,0.2653749062639945,-0.10521718974314814,-0.28788717084303633,1.0,0.0,0.0,0.0,11.147656555612986
-1.3362235027102152,0.27535203179550444,-0.10521718974314814,0.18930753657327157,1.0,0.0,0.0,0.0,10.847412906506923
-0.8865029596044272,0.27036346902974945,-0.10989714478244653,0.5074373415174769,1.0,0.0,0.0,0.0,11.05881093278828
-1.3171276443768491,0.2653749062639945,-0.10521718974314814,-0.6855494270232929,1.0,0.0,0.0,0.0,11.119897691565697
0.8631485205127045,0.2454206552009889,-0.10053723470384643,-1.4808739393838062,1.0,0.0,0.0,0.0,11.790564777297387
-0.6252297636679096,0.25040921796674387,-0.10053723470384643,-0.7650818782593443,1.0,0.0,0.0,0.0,11.586185220346932
0.9141056876817412,0.24043209243523395,-0.10521718974314814,-1.3218090369117035,1.0,0.0,0.0,0.0,11.779902152762993
3.217537059466482,0.23045496690373113,-0.10053723470384643,1.8594890125303492,1.0,0.0,0.0,0.0,12.206077645517674
0.5131449801011504,0.24043209243523395,-0.09585727966454805,-0.04928981713488239,1.0,0.0,0.0,0.0,12.377927112974284
-0.007936524009325187,0.2603863434982467,-0.10989714478244653,-0.8446143294953956,1.0,0.0,0.0,0.0,11.747214672056005
0.8887317389374059,0.2454206552009889,-0.11457709982174491,-1.4808739393838062,1.0,0.0,0.0,0.0,11.792078770667635
-1.132865690814892,0.28034059456125227,-0.10989714478244653,-1.4013414881477548,1.0,0.0,0.0,0.0,10.70551155928146
-1.0711311351070243,0.28034059456125227,-0.11457709982174491,0.03024263410116893,1.0,0.0,0.0,0.0,10.992066340225865
-1.2731810115000621,0.28034059456125227,-0.1192570548610433,0.5869697927535281,1.0,0.0,0.0,0.0,10.831726617926124
-1.320266689582334,0.27535203179550444,-0.11457709982174491,0.10977508533722025,1.0,0.0,0.0,0.0,11.002116507732017
-0.15950009001414917,0.2903177200927622,-0.10989714478244653,1.541359207586144,1.0,0.0,0.0,0.0,11.345701365855424
0.2690842153747078,0.28532915732700725,-0.10989714478244653,1.2232294026419388,1.0,0.0,0.0,0.0,11.44999631476691
-0.05517915435187134,0.28532915732700725,-0.11457709982174491,1.064164500169836,1.0,0.0,0.0,0.0,11.282266241614355
-0.5476430296723439,0.28532915732700725,-0.11457709982174491,1.779956561294298,1.0,0.0,0.0,0.0,11.185823192802378
0.06263967569399125,0.300294845624265,-0.10521718974314814,0.5869697927535281,1.0,0.0,0.0,0.0,11.356283350762888
-0.3587248257222508,0.300294845624265,-0.10989714478244653,0.42790489028142553,1.0,0.0,0.0,0.0,11.241129864948206
-0.5425159225033852,0.29530628285851007,-0.10989714478244653,0.42790489028142553,1.0,0.0,0.0,0.0,11.153403615295403
-0.23844707693209172,0.29530628285851007,-0.10989714478244653,0.5869697927535281,1.0,0.0,0.0,0.0,11.246365410473757
-0.0006644026166187388,0.29530628285851007,-0.10521718974314814,0.5869697927535281,1.0,0.0,0.0,0.0,11.456365695436427
-0.33680382670394865,0.30528340839001994,-0.10989714478244653,-0.04928981713488239,1.0,0.0,0.0,0.0,11.39640288460621
-0.48617006106493327,0.30528340839001994,-0.10521718974314814,0.03024263410116893,1.0,0.0,0.0,0.0,11.374823643830945
-0.0987595652880185,0.3102719711557678,-0.10989714478244653,-0.446952073315139,1.0,0.0,0.0,0.0,11.52979241483
-0.16944039983151774,0.30528340839001994,-0.10989714478244653,-0.12882226837093372,1.0,0.0,0.0,0.0,11.397525836740476
-0.3905861345579213,0.30528340839001994,-0.11457709982174491,-0.446952073315139,1.0,0.0,0.0,0.0,11.277215789596893
-0.10613632152090777,0.30528340839001994,-0.1192570548610433,0.42790489028142553,1.0,0.0,0.0,0.0,11.439289689006644
-0.14778098791367275,0.3102719711557678,-0.1192570548610433,0.5074373415174769,1.0,0.0,0.0,0.0,11.46374572492597
-0.42872553380456163,0.30528340839001994,-0.1192570548610433,0.9846320489337848,1.0,0.0,0.0,0.0,11.357452244304588
-0.06433470286786869,0.31526053392152276,-0.1192570548610433,-0.20835471960698504,1.0,0.0,0.0,0.0,11.373674891823535
-0.0791405327537385,0.3102719711557678,-0.1192570548610433,0.10977508533722025,1.0,0.0,0.0,0.0,11.32781201446548
-0.023841019717114678,0.3252376594530256,-0.1192570548610433,0.3483724390453742,1.0,0.0,0.0,0.0,11.16479958768697
-0.0006644026166187388,0.3102719711557678,-0.10521718974314814,-0.6060169757872417,1.0,0.0,0.0,0.0,11.507922973347437
0.18056314058003664,0.31526053392152276,-0.10989714478244653,-1.1627441344396008,1.0,0.0,0.0,0.0,11.557908390796706
0.8281481664715493,0.31526053392152276,-0.11457709982174491,-0.12882226837093372,1.0,0.0,0.0,0.0,11.842955566958302
2.039767298368588,0.31526053392152276,-0.11457709982174491,-1.2422765856756521,1.0,0.0,0.0,0.0,12.176133921127343
-0.4093680883707388,0.3352147849845284,-0.10521718974314814,-1.7990037443280114,1.0,0.0,0.0,0.0,11.520903555205116
1.3014638660385647,0.31526053392152276,-0.10521718974314814,-1.4808739393838062,1.0,0.0,0.0,0.0,11.870606902224587
-0.6839299090104752,0.3302262222187805,-0.10989714478244653,-1.4808739393838062,1.0,0.0,0.0,0.0,11.635151947212842
-0.27731892006001174,0.3302262222187805,-0.12393700990034501,0.2688399878093229,1.0,0.0,0.0,0.0,11.121378054821049
-0.9234913756090563,0.3451919105160383,-0.13797687501824016,-0.6855494270232929,1.0,0.0,0.0,0.0,11.564578194753137
-0.724266639900955,0.3252376594530256,-0.12393700990034501,-0.9241467807314468,1.0,0.0,0.0,0.0,11.234546649377918
-0.620468878439591,0.32024909668727064,-0.12393700990034501,0.42790489028142553,1.0,0.0,0.0,0.0,11.047726275896391
-0.9479759282118377,0.31526053392152276,-0.12393700990034501,0.3483724390453742,1.0,0.0,0.0,0.0,10.961295207644392
-1.0588888588056335,0.31526053392152276,-0.12393700990034501,-0.446952073315139,1.0,0.0,0.0,0.0,10.997104049659168
-0.8985359662254523,0.3102719711557678,-0.12393700990034501,0.42790489028142553,1.0,0.0,0.0,0.0,11.023551435004947
-0.5238386035307508,0.31526053392152276,-0.12393700990034501,0.6665022439895795,1.0,0.0,0.0,0.0,10.957817003758691
-1.1527986278697204,0.3102719711557678,-0.12393700990034501,0.6665022439895795,1.0,0.0,0.0,0.0,10.922352923113982
-1.114136054422166,0.30528340839001994,-0.12393700990034501,0.9846320489337848,1.0,0.0,0.0,0.0,10.866680954096502
-1.3138316469110904,0.30528340839001994,-0.12393700990034501,0.9050995976977334,1.0,0.0,0.0,0.0,10.902297921958713
-0.5766791978230781,0.300294845624265,-0.11457709982174491,0.7460346952256308,1.0,0.0,0.0,0.0,10.993748398115178
-1.1778063546734159,0.300294845624265,-0.1192570548610433,0.2688399878093229,1.0,0.0,0.0,0.0,10.753659849198824
-1.4708885420255127,0.29530628285851007,-0.1192570548610433,0.8255671464616822,1.0,0.0,0.0,0.0,10.819798284210286
-1.5073537838292277,0.300294845624265,-0.1192570548610433,1.064164500169836,1.0,0.0,0.0,0.0,10.778977123006351
-1.0434029024585754,0.300294845624265,-0.12393700990034501,0.9846320489337848,1.0,0.0,0.0,0.0,10.968215530759236
-1.308599904901949,0.300294845624265,-0.1192570548610433,0.5074373415174769,1.0,0.0,0.0,0.0,10.959557617938563
-1.2942649317969017,0.2903177200927622,-0.1192570548610433,-0.20835471960698504,1.0,0.0,0.0,0.0,10.839600519357369
-1.3242428135092814,0.2903177200927622,-0.1192570548610433,0.10977508533722025,1.0,0.0,0.0,0.0,10.959557617938563
-1.2878822065457491,0.29530628285851007,-0.11457709982174491,-0.5264845245511903,1.0,0.0,0.0,0.0,10.801634680173994
-1.254399057687245,0.29530628285851007,-0.1192570548610433,-0.3674196220790877,1.0,0.0,0.0,0.0,10.911463720944793
-1.1778063546734159,0.29530628285851007,-0.1192570548610433,0.42790489028142553,1.0,0.0,0.0,0.0,10.835671318412196
-1.5759942389891617,0.29530628285851007,-0.1192570548610433,-0.04928981713488239,1.0,0.0,0.0,0.0,10.807725945886109
-1.1904148529154466,0.2903177200927622,-0.11457709982174491,0.8255671464616822,1.0,0.0,0.0,0.0,10.795506083434564
-1.069561612504282,0.2903177200927622,-0.11457709982174491,0.5869697927535281,1.0,0.0,0.0,0.0,10.922352923113982
-0.7156865830059629,0.2903177200927622,-0.11457709982174491,1.8594890125303492,1.0,0.0,0.0,0.0,11.157692338256169
-1.4066950675733487,0.29530628285851007,-0.11457709982174491,0.03024263410116893,1.0,0.0,0.0,0.0,10.83370091325064
-1.3678232244454287,0.29530628285851007,-0.11457709982174491,0.2688399878093229,1.0,0.0,0.0,0.0,10.75579427616868
-0.8658898960884103,0.28532915732700725,-0.12393700990034501,0.9846320489337848,1.0,0.0,0.0,0.0,10.92415631759022
-1.2550791841484332,0.2903177200927622,-0.12393700990034501,0.5869697927535281,1.0,0.0,0.0,0.0,10.957817003758691
-1.1232916029381632,0.2903177200927622,-0.12393700990034501,0.7460346952256308,1.0,0.0,0.0,0.0,10.969938154395841
-1.4190942961350137,0.29530628285851007,-0.12393700990034501,0.5074373415174769,1.0,0.0,0.0,0.0,10.96648993456911
-1.288980872367669,0.300294845624265,-0.12393700990034501,1.8594890125303492,1.0,0.0,0.0,0.0,10.657282884047461
-1.403085165587041,0.28034059456125227,-0.1192570548610433,1.2232294026419388,1.0,0.0,0.0,0.0,10.959557617938563
-1.4655521651761887,0.28034059456125227,-0.1192570548610433,1.8594890125303492,1.0,0.0,0.0,0.0,11.119897691565697
-1.0273937719106028,0.28034059456125227,-0.12393700990034501,0.5074373415174769,1.0,0.0,0.0,0.0,10.768506042432708
-1.2547652796278848,0.28034059456125227,-0.12393700990034501,1.2232294026419388,1.0,0.0,0.0,0.0,11.097425172408931
-1.6065999297426385,0.27535203179550444,-0.1192570548610433,1.8594890125303492,1.0,0.0,0.0,0.0,11.002116507732017
-1.4066950675733487,0.27535203179550444,-0.1192570548610433,1.541359207586144,1.0,0.0,0.0,0.0,11.063524143191238
-0.9578116031890233,0.27535203179550444,-0.11457709982174491,1.8594890125303492,1.0,0.0,0.0,0.0,11.19135563385109
-1.1217743977555124,0.28034059456125227,-0.12393700990034501,1.30276185387799,1.0,0.0,0.0,0.0,11.34333452885509
-0.4584418284164843,0.27036346902974945,-0.1192570548610433,0.7460346952256308,1.0,0.0,0.0,0.0,11.427378469795439
-1.1497642175044185,0.27036346902974945,-0.12393700990034501,1.8594890125303492,1.0,0.0,0.0,0.0,11.748795687555171
-0.5238386035307508,0.2653749062639945,-0.12393700990034501,1.2232294026419388,1.0,0.0,0.0,0.0,11.322986972837104
-0.46780664661284727,0.27036346902974945,-0.11457709982174491,-0.04928981713488239,1.0,0.0,0.0,0.0,11.684363005162105
-0.11586736165791071,0.2603863434982467,-0.1286169649396434,0.10977508533722025,1.0,0.0,0.0,0.0,11.346882686945893
-0.2878347214983859,0.2603863434982467,-0.1286169649396434,-1.0036792319674983,1.0,0.0,0.0,0.0,11.681832447342321
0.41552067421057315,0.25040921796674387,-0.1286169649396434,-0.7650818782593443,1.0,0.0,0.0,0.0,11.614588152079595
0.36770255224702186,0.2454206552009889,-0.1286169649396434,-1.3218090369117035,1.0,0.0,0.0,0.0,11.723194494148304
0.24690162925594872,0.2553977807324917,-0.1286169649396434,-1.5604063906198575,1.0,0.0,0.0,0.0,11.46374572492597
-0.6408726722752421,0.27036346902974945,-0.12393700990034501,1.064164500169836,1.0,0.0,0.0,0.0,11.18859323930985
0.017489742155101618,0.27036346902974945,-0.1286169649396434,0.9846320489337848,1.0,0.0,0.0,0.0,11.305913595583258
-0.4356837506767196,0.2653749062639945,-0.1286169649396434,0.9050995976977334,1.0,0.0,0.0,0.0,11.149096419938578
-0.8865029596044272,0.2653749062639945,-0.12393700990034501,1.3822943051140413,1.0,0.0,0.0,0.0,11.229248693912288
-1.127424679125385,0.27535203179550444,-0.12393700990034501,1.2232294026419388,1.0,0.0,0.0,0.0,11.028433383156079
-0.7167852488278826,0.27535203179550444,-0.1286169649396434,1.4618267563500926,1.0,0.0,0.0,0.0,11.207771646606407
-0.9988284605406913,0.27036346902974945,-0.1286169649396434,0.9846320489337848,1.0,0.0,0.0,0.0,11.248972939884327
-1.0443446160202208,0.28034059456125227,-0.12393700990034501,0.7460346952256308,1.0,0.0,0.0,0.0,10.96476135554887
-1.1491887258834128,0.28034059456125227,-0.1286169649396434,0.7460346952256308,1.0,0.0,0.0,0.0,11.013715451376466
-1.3919415551075702,0.28034059456125227,-0.1286169649396434,0.5869697927535281,1.0,0.0,0.0,0.0,10.950824090522445
-1.475492474993557,0.28034059456125227,-0.1286169649396434,-0.3674196220790877,1.0,0.0,0.0,0.0,10.851296331126829
-1.3756185200390494,0.28034059456125227,-0.12393700990034501,0.3483724390453742,1.0,0.0,0.0,0.0,10.751520856703959
-1.5358144603589565,0.28532915732700725,-0.1286169649396434,0.9050995976977334,1.0,0.0,0.0,0.0,10.682835364853922
-1.3739966800162153,0.28532915732700725,-0.1286169649396434,0.8255671464616822,1.0,0.0,0.0,0.0,10.657282884047461
-1.2947357885777244,0.28532915732700725,-0.13329691997894177,0.5074373415174769,1.0,0.0,0.0,0.0,10.793454842740767
-1.118949257070576,0.28532915732700725,-0.1286169649396434,0.5074373415174769,1.0,0.0,0.0,0.0,10.791399385808587
-1.521793391774458,0.29530628285851007,-0.12393700990034501,0.5869697927535281,1.0,0.0,0.0,0.0,10.76004951120163
-1.139562320586593,0.29530628285851007,-0.1286169649396434,0.03024263410116893,1.0,0.0,0.0,0.0,10.807725945886109
-1.3678755418655202,0.29530628285851007,-0.1286169649396434,-1.0832116832035494,1.0,0.0,0.0,0.0,10.661977618146238
-1.445357641020903,0.2903177200927622,-0.1286169649396434,-0.8446143294953956,1.0,0.0,0.0,0.0,10.774801838762809
-1.3880177486007141,0.2903177200927622,-0.1286169649396434,0.18930753657327157,1.0,0.0,0.0,0.0,10.805699643800724
-0.39142321327938406,0.31526053392152276,-0.1286169649396434,-0.7650818782593443,1.0,0.0,0.0,0.0,11.241129864948206
-0.9252178504720728,0.3102719711557678,-0.1286169649396434,0.10977508533722025,1.0,0.0,0.0,0.0,10.909637269778615
-1.0019151883260846,0.30528340839001994,-0.12393700990034501,0.2688399878093229,1.0,0.0,0.0,0.0,10.885584751364705
-0.7279811767274452,0.30528340839001994,-0.1286169649396434,0.5074373415174769,1.0,0.0,0.0,0.0,10.896757843893464
-1.1282617578468477,0.300294845624265,-0.12393700990034501,0.42790489028142553,1.0,0.0,0.0,0.0,10.797553125151618
-1.2043312866597624,0.300294845624265,-0.1286169649396434,0.18930753657327157,1.0,0.0,0.0,0.0,10.751520856703959
-0.31519673220619493,0.3102719711557678,-0.14733678509684026,0.03024263410116893,1.0,0.0,0.0,0.0,11.273411140805074
-1.1064453936687282,0.29530628285851007,-0.13329691997894177,-0.6060169757872417,1.0,0.0,0.0,0.0,10.410335274932896
-1.157821100198496,0.2903177200927622,-0.13329691997894177,-0.12882226837093372,1.0,0.0,0.0,0.0,10.815790343132422
-1.1497642175044185,0.2903177200927622,-0.14265683005754187,0.5869697927535281,1.0,0.0,0.0,0.0,10.876177521259402
-1.5420402333498346,0.2903177200927622,-0.14733678509684026,-0.20835471960698504,1.0,0.0,0.0,0.0,10.50783084142058
-0.8688719890336208,0.28532915732700725,-0.13329691997894177,0.18930753657327157,1.0,0.0,0.0,0.0,11.036517370851499
-1.4113513179614845,0.2903177200927622,-0.13329691997894177,0.2688399878093229,1.0,0.0,0.0,0.0,10.727684925086583
-0.8835208666592166,0.28034059456125227,-0.13329691997894177,0.42790489028142553,1.0,0.0,0.0,0.0,10.968215530759236
-0.4475598050374704,0.28034059456125227,-0.13797687501824016,1.2232294026419388,1.0,0.0,0.0,0.0,11.06195554002416
-0.9905099907461565,0.27535203179550444,-0.13329691997894177,1.064164500169836,1.0,0.0,0.0,0.0,11.055656405795794
-1.0273937719106028,0.28034059456125227,-0.13329691997894177,0.8255671464616822,1.0,0.0,0.0,0.0,10.96648993456911
-0.8556879991705848,0.27535203179550444,-0.13329691997894177,0.7460346952256308,1.0,0.0,0.0,0.0,11.23850177707664
-0.8181240915449501,0.27535203179550444,-0.13797687501824016,0.7460346952256308,1.0,0.0,0.0,0.0,11.094390314766315
-0.6219337662021506,0.27036346902974945,-0.13329691997894177,0.42790489028142553,1.0,0.0,0.0,0.0,11.207771646606407
-0.3667293909962369,0.2653749062639945,-0.13329691997894177,-0.12882226837093372,1.0,0.0,0.0,0.0,11.350418300109132
-0.6807908638049903,0.2553977807324917,-0.13329691997894177,-0.6855494270232929,1.0,0.0,0.0,0.0,11.154835234271214
-0.6343853121839069,0.2603863434982467,-0.13797687501824016,-1.1627441344396008,1.0,0.0,0.0,0.0,12.07254696717504
-0.48784421850785853,0.2603863434982467,-0.14265683005754187,-0.8446143294953956,1.0,0.0,0.0,0.0,11.375971077721223
0.09240828772600544,0.2603863434982467,-0.13797687501824016,-0.9241467807314468,1.0,0.0,0.0,0.0,11.5730888039415
-0.7659113062937196,0.25040921796674387,-0.13329691997894177,-0.3674196220790877,1.0,0.0,0.0,0.0,11.364437057512568
0.527166048685649,0.25040921796674387,-0.13797687501824016,-1.0036792319674983,1.0,0.0,0.0,0.0,11.806348526363516
0.642107420626484,0.2254664041379762,-0.14265683005754187,-1.958068646800114,1.0,0.0,0.0,0.0,11.546369912189585
0.08184016886753998,0.2354435296694861,-0.13329691997894177,-1.8785361955640627,1.0,0.0,0.0,0.0,11.782960235741939
3.5145953707455253,0.2454206552009889,-0.13797687501824016,-0.8446143294953956,1.0,0.0,0.0,0.0,12.412277544454046
1.73036207594797,0.2454206552009889,-0.13329691997894177,-0.6855494270232929,1.0,0.0,0.0,0.0,12.07994804051962
2.4360194381409515,0.24043209243523395,-0.13329691997894177,-1.1627441344396008,1.0,0.0,0.0,0.0,12.319852122072682
0.820666775398477,0.2454206552009889,-0.13797687501824016,-1.0036792319674983,1.0,0.0,0.0,0.0,11.682676678340282
0.14467339039732718,0.2454206552009889,-0.13797687501824016,-1.0832116832035494,1.0,0.0,0.0,0.0,11.776066350866136
1.5081699928197383,0.2354435296694861,-0.14265683005754187,-1.958068646800114,1.0,0.0,0.0,0.0,12.045322738624144
0.5885343824528767,0.2454206552009889,-0.14733678509684026,-1.6399388418559087,1.0,0.0,0.0,0.0,11.574029971623514
0.5863370508090374,0.24043209243523395,-0.14265683005754187,-1.5604063906198575,1.0,0.0,0.0,0.0,11.869907361794104
-0.16075570809634318,0.2553977807324917,-0.14733678509684026,-1.0832116832035494,1.0,0.0,0.0,0.0,11.166214996056205
-0.2460331028453466,0.25040921796674387,-0.14265683005754187,-1.2422765856756521,1.0,0.0,0.0,0.0,11.519911009143941
-0.033781329534483255,0.2553977807324917,-0.14265683005754187,-1.1627441344396008,1.0,0.0,0.0,0.0,11.324195417595107
-0.23420936590468736,0.27535203179550444,-0.13797687501824016,0.42790489028142553,1.0,0.0,0.0,0.0,11.17606715383184
-0.9003670759286516,0.27535203179550444,-0.14265683005754187,-0.20835471960698504,1.0,0.0,0.0,0.0,11.346882686945893
-0.6110517428231367,0.27036346902974945,-0.14265683005754187,-0.6060169757872417,1.0,0.0,0.0,0.0,11.346882686945893
-0.4330155622520575,0.27036346902974945,-0.13797687501824016,0.42790489028142553,1.0,0.0,0.0,0.0,11.134603622683905
-1.210504742230549,0.28034059456125227,-0.13797687501824016,0.5869697927535281,1.0,0.0,0.0,0.0,10.751520856703959
-1.2207589565684662,0.28034059456125227,-0.14265683005754187,1.064164500169836,1.0,0.0,0.0,0.0,10.5815464756746
-1.0121170852439103,0.28532915732700725,-0.14265683005754187,0.5074373415174769,1.0,0.0,0.0,0.0,10.893047333337728
-0.7601040726635728,0.28034059456125227,-0.14265683005754187,0.2688399878093229,1.0,0.0,0.0,0.0,11.06195554002416
-0.5892353786450173,0.27535203179550444,-0.14265683005754187,0.5074373415174769,1.0,0.0,0.0,0.0,11.094390314766315
-1.224525810815048,0.27535203179550444,-0.13797687501824016,0.5074373415174769,1.0,0.0,0.0,0.0,10.942013616092948
-1.1608031931437064,0.2903177200927622,-0.14733678509684026,0.5074373415174769,1.0,0.0,0.0,0.0,10.993748398115178
-0.48972764563114946,0.2903177200927622,-0.15669669517544035,0.3483724390453742,1.0,0.0,0.0,0.0,10.936689829317784
-1.1635760164085514,0.28532915732700725,-0.15201674013613867,0.6665022439895795,1.0,0.0,0.0,0.0,10.883710371704016
-0.099962865950121,0.24043209243523395,-0.15669669517544035,-2.0376010980361654,1.0,0.0,0.0,0.0,11.606424915484219
-1.4001553900619221,0.2653749062639945,-0.14733678509684026,-0.6855494270232929,1.0,0.0,0.0,0.0,10.819798284210286
-0.2059056416352328,0.2603863434982467,-0.14733678509684026,-1.4013414881477548,1.0,0.0,0.0,0.0,11.446796346169297
0.16711756361654365,0.2653749062639945,-0.15201674013613867,-1.4013414881477548,1.0,0.0,0.0,0.0,11.437134538982278
-0.6899464123209876,0.27036346902974945,-0.14733678509684026,-1.3218090369117035,1.0,0.0,0.0,0.0,11.51493344762302
-0.2738136529138871,0.27535203179550444,-0.14733678509684026,-1.1627441344396008,1.0,0.0,0.0,0.0,11.321777065973317
0.0977446645753297,0.2603863434982467,-0.15669669517544035,-1.5604063906198575,1.0,0.0,0.0,0.0,11.38737357979909
0.1423714239133048,0.27036346902974945,-0.15669669517544035,-1.4808739393838062,1.0,0.0,0.0,0.0,11.541522639947903
-0.6698042055857936,0.28034059456125227,-0.14733678509684026,-0.446952073315139,1.0,0.0,0.0,0.0,11.156264806643742
-0.9289847047186547,0.28034059456125227,-0.15201674013613867,-0.7650818782593443,1.0,0.0,0.0,0.0,11.222586532857163
0.015240093091170984,0.28034059456125227,-0.15669669517544035,-1.71947129309196,1.0,0.0,0.0,0.0,11.300981463909618
-0.6779657231200541,0.25040921796674387,-0.17073656029333553,-0.28788717084303633,1.0,0.0,0.0,0.0,11.49171204297103
0.6641330544849687,0.2204778413722283,-0.1941363354898341,-1.8785361955640627,1.0,0.0,0.0,0.0,11.680141844155234
-0.3930450533022178,0.28034059456125227,-0.184776425411234,-1.7990037443280114,1.0,0.0,0.0,0.0,11.082157933374816
-0.5809169088504827,0.28034059456125227,-0.16605660525403715,-1.4808739393838062,1.0,0.0,0.0,0.0,11.258046118484
-0.7985050590106701,0.2903177200927622,-0.184776425411234,0.9050995976977334,1.0,0.0,0.0,0.0,11.426288563310505
-1.4248492123450691,0.2903177200927622,-0.17073656029333553,0.2688399878093229,1.0,0.0,0.0,0.0,11.918397239722838
-0.19685472795941827,0.32024909668727064,-0.38133453706180614,-0.3674196220790877,1.0,0.0,0.0,0.0,11.643084929027989
-0.4641444272064483,0.3102719711557678,-0.3766545820225078,-0.8446143294953956,1.0,0.0,0.0,0.0,11.665655135642039
-0.38708086741179665,0.3102719711557678,-0.38601449210110456,0.10977508533722025,1.0,0.0,0.0,0.0,11.724004532183379
0.364197285100897,0.21050071584071842,-0.3766545820225078,-1.7990037443280114,1.0,0.0,0.0,0.0,12.034103319015012
-0.4122978638958578,0.20551215307497056,-0.3204951215509138,-1.1627441344396008,1.0,0.0,0.0,0.0,11.906324739459684
0.0821017559679969,0.32024909668727064,-0.38133453706180614,-1.6399388418559087,1.0,0.0,0.0,0.0,11.762134344805622
-0.5009758909508033,0.08578664669690846,-0.26901561611862157,-0.6060169757872417,1.0,0.0,0.0,0.0,10.860939421415225
-0.6473600323665774,0.06084383286814788,-0.2643356610793232,1.30276185387799,1.0,0.0,0.0,0.0,10.308985993422082
0.14320850263476775,0.07580952116540564,-0.2081762006077326,-0.20835471960698504,1.0,0.0,0.0,0.0,11.130214506480655
-0.4196223027086558,0.035901019039387305,-0.17073656029333553,-0.446952073315139,1.0,0.0,0.0,0.0,10.96648993456911
-0.3930450533022178,0.045878144570890116,-0.21753611068632936,0.5869697927535281,1.0,0.0,0.0,0.0,10.53212287826962
-0.7769502819330079,0.06084383286814788,-0.22221606572563107,0.42790489028142553,1.0,0.0,0.0,0.0,10.876177521259402
-0.5461781419097842,0.05585527010240002,-0.21753611068632936,0.9050995976977334,1.0,0.0,0.0,0.0,10.835671318412196
-0.7036535763849381,0.05585527010240002,-0.23157597580422784,0.10977508533722025,1.0,0.0,0.0,0.0,10.732061203925053
0.06101783567115749,0.05086670733664507,-0.23157597580422784,-0.7650818782593443,1.0,0.0,0.0,0.0,11.388506711556236
-0.3751524956309546,0.06084383286814788,-0.22689602076492946,0.3483724390453742,1.0,0.0,0.0,0.0,11.230575816507569
-0.8239836425951884,0.06084383286814788,-0.23625593084352625,0.42790489028142553,1.0,0.0,0.0,0.0,10.188704088048116
-0.8793354730519035,0.05585527010240002,-0.23625593084352625,1.3822943051140413,1.0,0.0,0.0,0.0,10.199918739620157
-0.4609530645808721,0.05086670733664507,-0.23625593084352625,1.2232294026419388,1.0,0.0,0.0,0.0,11.063524143191238
-0.9963695417963949,0.05086670733664507,-0.10989714478244653,0.2688399878093229,1.0,0.0,0.0,0.0,11.153403615295403
-0.5394291947179919,0.07580952116540564,-0.10989714478244653,-0.3674196220790877,1.0,0.0,0.0,0.0,11.558863947911393
0.3033521255345835,0.2254664041379762,-0.10521718974314814,-1.3218090369117035,1.0,0.0,0.0,0.0,11.481445117743048
-0.3276482781879513,0.23045496690373113,-0.11457709982174491,-0.5264845245511903,1.0,0.0,0.0,0.0,11.395278670032656
0.37356210329726,0.2254664041379762,-0.11457709982174491,-1.2422765856756521,1.0,0.0,0.0,0.0,11.454247073019193
0.28054173037472707,0.1905464647777128,-0.10521718974314814,-1.3218090369117035,1.0,0.0,0.0,0.0,11.91170829631447
0.7510846066768975,0.18555790201195785,-0.12393700990034501,-1.7990037443280114,1.0,0.0,0.0,0.0,11.965916446305247
0.28425626720121755,0.2254664041379762,-0.1192570548610433,-0.8446143294953956,1.0,0.0,0.0,0.0,11.703554089007538
-0.4870594572064873,0.23045496690373113,-0.1192570548610433,0.6665022439895795,1.0,0.0,0.0,0.0,11.324195417595107
0.49718816697326934,0.2254664041379762,-0.12393700990034501,-1.2422765856756521,1.0,0.0,0.0,0.0,11.892737666219704
-0.8960770474811558,0.19553502754346067,-0.06309759438945269,0.5869697927535281,1.0,0.0,0.0,0.0,11.611874470755124
-0.8601872972984463,0.1456493998859395,-0.05373768431085259,0.5869697927535281,1.0,0.0,0.0,0.0,10.53212287826962
-0.7967785841476536,0.15063796265169446,-0.06777754942875107,0.8255671464616822,1.0,0.0,0.0,0.0,11.088292827848269
0.18898624521475405,0.15562652541744232,-0.06309759438945269,0.7460346952256308,1.0,0.0,0.0,0.0,11.272139700982676
-0.5490032825947204,0.15063796265169446,-0.06309759438945269,0.42790489028142553,1.0,0.0,0.0,0.0,11.020283511637867
-0.3392104280281536,0.15063796265169446,-0.058417639350154295,-0.04928981713488239,1.0,0.0,0.0,0.0,11.470028402317833
-0.7700443824809414,0.1456493998859395,-0.06309759438945269,0.42790489028142553,1.0,0.0,0.0,0.0,11.094390314766315
-1.141498065129975,0.1456493998859395,-0.06309759438945269,-0.04928981713488239,1.0,0.0,0.0,0.0,10.978507040265917
-1.1330749604952575,0.15063796265169446,-0.06309759438945269,-0.6060169757872417,1.0,0.0,0.0,0.0,10.860939421415225
-0.8732666523212996,0.09576377222841835,-0.06777754942875107,0.42790489028142553,1.0,0.0,0.0,0.0,11.075985169527042
-0.7220693082571153,0.11571802329142399,-0.016298043996458844,-1.0036792319674983,1.0,0.0,0.0,0.0,10.981914140544825
-1.4052301798107891,0.11072946052567612,-0.025657954075058942,-1.2422765856756521,1.0,0.0,0.0,0.0,11.05407540279458
-0.7757992986909967,0.11571802329142399,-0.02097799903575723,0.3483724390453742,1.0,0.0,0.0,0.0,11.183045451818261
-1.014994543348938,0.11571802329142399,-0.016298043996458844,0.3483724390453742,1.0,0.0,0.0,0.0,10.985309671896763
-1.263136066842511,0.12070658605717893,-0.016298043996458844,0.2688399878093229,1.0,0.0,0.0,0.0,11.010415172807951
-0.36636316905559696,0.11072946052567612,-0.02097799903575723,-1.1627441344396008,1.0,0.0,0.0,0.0,11.181653682515929
-1.0931567689655093,0.12070658605717893,-0.02097799903575723,-0.6855494270232929,1.0,0.0,0.0,0.0,10.898607948952096
-0.9195675691022004,-0.05888167350990714,-0.00693813391786207,-0.8446143294953956,1.0,0.0,0.0,0.0,10.768506042432708
-0.664258559056104,-0.09879017563592547,0.0071017312000364145,-0.6060169757872417,1.0,0.0,0.0,0.0,11.289794413577894
-0.6873305413164171,0.21548927860647338,0.05858123663232864,0.10977508533722025,1.0,0.0,0.0,0.0,11.959538914341756
-0.9138649703122361,0.14066083712018457,0.05858123663232864,-1.0832116832035494,1.0,0.0,0.0,0.0,10.998777662206932
-0.629729061795771,0.1905464647777128,0.0024217761607380284,0.03024263410116893,1.0,0.0,0.0,0.0,11.330215832884798
-0.7091469054945364,0.1656036509489522,0.0211415963179349,-0.6060169757872417,1.0,0.0,0.0,0.0,10.97679912709094
-1.0421472843763815,0.17558077648045503,0.0211415963179349,-1.0036792319674983,1.0,0.0,0.0,0.0,10.918736348043124
-0.9803080938283311,0.1656036509489522,0.016461641278636512,0.2688399878093229,1.0,0.0,0.0,0.0,10.909637269778615
-0.5938916290331532,0.16061508818319728,0.06794114671092874,-0.12882226837093372,1.0,0.0,0.0,0.0,10.998777662206932
-1.1497642175044185,0.16061508818319728,0.06326119167163036,0.5074373415174769,1.0,0.0,0.0,0.0,10.942013616092948
-1.1885314257921555,0.16061508818319728,0.05858123663232864,0.5869697927535281,1.0,0.0,0.0,0.0,10.956073354557526
-1.1166996080066454,0.16061508818319728,0.07262110175022712,-1.6399388418559087,1.0,0.0,0.0,0.0,11.038126355768453
-0.8256578000381137,0.16061508818319728,0.06794114671092874,0.5074373415174769,1.0,0.0,0.0,0.0,11.154835234271214
-0.8871307686455241,0.17059221371470007,0.06794114671092874,-1.6399388418559087,1.0,0.0,0.0,0.0,11.1154434073529
-0.8181240915449501,0.17059221371470007,0.07262110175022712,0.18930753657327157,1.0,0.0,0.0,0.0,11.036517370851499
-1.0960342270705368,0.1656036509489522,0.06326119167163036,-0.04928981713488239,1.0,0.0,0.0,0.0,11.124332223082254
-0.7700443824809414,0.17059221371470007,0.06326119167163036,0.5869697927535281,1.0,0.0,0.0,0.0,11.19135563385109
-0.9643512807004501,0.17059221371470007,0.04922132655373187,-1.0036792319674983,1.0,0.0,0.0,0.0,11.133142723386813
0.1650248668128869,0.17059221371470007,0.06326119167163036,-0.20835471960698504,1.0,0.0,0.0,0.0,11.338583982516495
1.262016531289639,0.3252376594530256,-0.07713745950735117,-1.7990037443280114,1.0,0.0,0.0,0.0,12.284888447015875
-0.6778610882798712,0.28034059456125227,-0.09117732462524965,-0.6855494270232929,1.0,0.0,0.0,0.0,11.320565693461432
1.1928529019287908,0.32024909668727064,-0.09117732462524965,-1.2422765856756521,1.0,0.0,0.0,0.0,12.226860081860359
-1.0643298704951405,0.6295399881639216,0.04922132655373187,-0.8446143294953956,1.0,0.0,0.0,0.0,11.43281025466844
-0.6526440917958101,0.5646886722091427,0.05390128159303026,-0.446952073315139,1.0,0.0,0.0,0.0,11.472113887062386
-0.9453077397871756,0.5497229839118849,0.03986141647513177,-0.8446143294953956,1.0,0.0,0.0,0.0,11.304682841344873
-1.1931353587602,0.5347572956146271,0.030501506396534997,-0.8446143294953956,1.0,0.0,0.0,0.0,11.52683823202353
-1.284795478760356,0.4898602307228539,0.03986141647513177,-0.04928981713488239,1.0,0.0,0.0,0.0,11.407576060361786
-0.20773675133843217,0.35018047328178614,0.0071017312000364145,0.3483724390453742,1.0,0.0,0.0,0.0,11.457423325808623
-1.0669457414997112,0.6694484902899399,-0.07245750446805278,-0.9241467807314468,1.0,0.0,0.0,0.0,10.992066340225865
-1.2083074105867098,0.6195628626324188,0.0024217761607380284,-1.0832116832035494,1.0,0.0,0.0,0.0,11.19135563385109
-0.8181240915449501,0.5796543605064005,-0.002258178878560358,-1.0832116832035494,1.0,0.0,0.0,0.0,11.481445117743048
-1.2881437936462063,0.5597001094433878,-0.00693813391786207,-0.8446143294953956,1.0,0.0,0.0,0.0,11.235866764155578
-1.3466346693084061,0.5497229839118849,0.0024217761607380284,-0.9241467807314468,1.0,0.0,0.0,0.0,11.134603622683905
-1.1785387985546956,0.54473442114613,-0.011618088957160457,-0.9241467807314468,1.0,0.0,0.0,0.0,11.116930374363438
-1.0434029024585754,0.5597001094433878,-0.025657954075058942,-1.0036792319674983,1.0,0.0,0.0,0.0,11.151969943847991
-0.6952304717502205,0.4798831051913511,-0.07713745950735117,-1.2422765856756521,1.0,0.0,0.0,0.0,11.269591961359195
-0.13145795284515174,0.9188766285775599,0.044541371514430154,0.5074373415174769,1.0,0.0,0.0,0.0,10.915106645867503
-0.9585440470703033,0.9537965679378304,-0.002258178878560358,0.3483724390453742,1.0,0.0,0.0,0.0,10.647826772357497
-0.5630766685993108,0.9488080051720754,0.0071017312000364145,-0.8446143294953956,1.0,0.0,0.0,0.0,11.184435286790631
-0.2874161821376544,0.9438194424063204,0.0071017312000364145,-1.0832116832035494,1.0,0.0,0.0,0.0,11.313266479778829
0.07346938165291386,0.9388308796405725,0.0071017312000364145,-1.8785361955640627,1.0,0.0,0.0,0.0,11.37940550085183
0.694791062658537,0.9438194424063204,0.0024217761607380284,-1.0832116832035494,1.0,0.0,0.0,0.0,11.468984026707245
1.2123149822027965,0.9488080051720754,0.0024217761607380284,-1.7990037443280114,1.0,0.0,0.0,0.0,11.658764556186767
-0.42249976081368334,0.9488080051720754,-0.002258178878560358,0.2688399878093229,1.0,0.0,0.0,0.0,11.05881093278828
1.1452440496456047,0.9438194424063204,-0.002258178878560358,-0.8446143294953956,1.0,0.0,0.0,0.0,11.564578194753137
0.8899350395995084,0.9388308796405725,-0.002258178878560358,-1.8785361955640627,1.0,0.0,0.0,0.0,11.599112335481124
-0.14814720985431248,0.9338423168748177,-0.00693813391786207,-0.8446143294953956,1.0,0.0,0.0,0.0,11.183045451818261
-0.1451651169091019,0.9438194424063204,-0.011618088957160457,-1.5604063906198575,1.0,0.0,0.0,0.0,11.344518647594766
1.138913641814544,0.9438194424063204,-0.016298043996458844,-1.3218090369117035,1.0,0.0,0.0,0.0,11.540550359582348
-0.009558364032158933,0.9338423168748177,-0.016298043996458844,-1.0036792319674983,1.0,0.0,0.0,0.0,11.159117834926688
-0.905337230837336,0.9438194424063204,-0.00693813391786207,0.10977508533722025,1.0,0.0,0.0,0.0,10.866680954096502
0.1955259227261808,0.9637736934693332,-0.011618088957160457,-1.4808739393838062,1.0,0.0,0.0,0.0,11.329014645967838
0.14320850263476775,0.9537965679378304,-0.00693813391786207,-1.4013414881477548,1.0,0.0,0.0,0.0,11.358619773129229
0.5091165387541117,0.9537965679378304,-0.011618088957160457,-1.8785361955640627,1.0,0.0,0.0,0.0,11.375971077721223
-0.6775471837593229,0.9537965679378304,-0.016298043996458844,-1.1627441344396008,1.0,0.0,0.0,0.0,11.426288563310505
0.026069799050093368,0.9039109402803022,-0.002258178878560358,-1.3218090369117035,1.0,0.0,0.0,0.0,11.525851561856362
0.8783205723392148,0.9438194424063204,-0.03969781919295742,-1.5604063906198575,1.0,0.0,0.0,0.0,11.86710429621008
-1.0347705281434922,0.8789681264515415,0.0071017312000364145,-0.7650818782593443,1.0,0.0,0.0,0.0,10.902297921958713
0.14415021619641286,0.849036749857026,0.044541371514430154,-1.2422765856756521,1.0,0.0,0.0,0.0,11.427378469795439
0.6277724475214367,0.8640024381542838,-0.044377774232255814,-1.4013414881477548,1.0,0.0,0.0,0.0,11.49273296168228
-0.3666247561560541,0.913888065811812,0.0071017312000364145,-1.0832116832035494,1.0,0.0,0.0,0.0,11.310821520675269
-0.9836040912940901,0.8640024381542838,-0.13329691997894177,-0.04928981713488239,1.0,0.0,0.0,0.0,10.835671318412196
-0.2483873867494603,0.7841854339022472,-0.2736955711579233,-0.6060169757872417,1.0,0.0,0.0,0.0,11.367911253546788
-1.1778063546734159,0.9039109402803022,-0.1941363354898341,-1.958068646800114,1.0,0.0,0.0,0.0,12.524530013005734
-0.7854257039878169,0.8889452519830443,-0.1988162905291325,-1.958068646800114,1.0,0.0,0.0,0.0,11.83138646878959
-0.25497938168097833,0.7791968711364922,-0.24093588588282794,-1.0832116832035494,1.0,0.0,0.0,0.0,11.134603622683905
-0.17639861670367574,0.7941625594337499,-0.23625593084352625,-1.8785361955640627,1.0,0.0,0.0,0.0,11.313266479778829
0.1955259227261808,0.8091282477310077,-0.23625593084352625,-1.958068646800114,1.0,0.0,0.0,0.0,11.555994532928862
0.5225097982975133,0.8091282477310077,-0.2596557060400248,-2.196666000508268,1.0,0.0,0.0,0.0,11.86147448281689
-0.5238386035307508,0.789173996668002,-0.22221606572563107,-1.0832116832035494,1.0,0.0,0.0,0.0,11.382828169079987
-0.4802581925946036,0.6494942392269343,-0.3345349866688123,-0.6855494270232929,1.0,0.0,0.0,0.0,11.426288563310505
-0.5580018788504437,0.6145742998666639,-0.3626147169046093,-1.4013414881477548,1.0,0.0,0.0,0.0,11.775297421715827
-0.23148886005993372,0.9438194424063204,-0.2830554812365201,-0.04928981713488239,1.0,0.0,0.0,0.0,10.91328684226798
0.18464389934716666,0.9438194424063204,-0.30177530139371694,0.3483724390453742,1.0,0.0,0.0,0.0,11.072884439922198
-1.0283354854722484,0.9587851307035782,-0.2970953463544186,0.5869697927535281,1.0,0.0,0.0,0.0,10.591647316585027
-0.44881542311966416,0.6993798668844555,-0.35793476186531087,-1.5604063906198575,1.0,0.0,0.0,0.0,11.383966460172834
0.6168381067223313,0.6894027413529527,-0.35793476186531087,-2.1171335492722165,1.0,0.0,0.0,0.0,11.618194976487304
-0.5965075000377238,0.6993798668844555,-0.3626147169046093,-0.6060169757872417,1.0,0.0,0.0,0.0,11.330215832884798
-0.9585440470703033,0.7093569924159583,-0.26901561611862157,-1.0832116832035494,1.0,0.0,0.0,0.0,11.202329530346486
-0.6742511862935638,0.7043684296502104,-0.2736955711579233,1.2232294026419388,1.0,0.0,0.0,0.0,11.140425970684525
-0.06857241389527303,0.6894027413529527,-0.2736955711579233,-1.1627441344396008,1.0,0.0,0.0,0.0,11.329014645967838
-0.8979081571843551,0.7093569924159583,-0.27837552619722167,0.03024263410116893,1.0,0.0,0.0,0.0,10.947309210188068
0.3917162480689803,0.5297687328488723,-0.22221606572563107,-1.71947129309196,1.0,0.0,0.0,0.0,11.82628259408539
0.09512879357075864,0.4549402913625905,-0.20349624556843088,-1.71947129309196,1.0,0.0,0.0,0.0,12.000897933306716
-0.7766886948325508,0.6145742998666639,-0.17073656029333553,-1.4808739393838062,1.0,0.0,0.0,0.0,11.277215789596893
-0.09488807620125389,0.54473442114613,-0.23157597580422784,-1.958068646800114,1.0,0.0,0.0,0.0,11.659628479662329
-0.2015109783475541,0.4798831051913511,-0.2596557060400248,-1.7990037443280114,1.0,0.0,0.0,0.0,11.829202282877098
0.00807260653864735,0.4798831051913511,-0.30177530139371694,-1.4013414881477548,1.0,0.0,0.0,0.0,11.701899842594283
-0.6458951446040178,0.5547115466776399,-0.23625593084352625,-0.7650818782593443,1.0,0.0,0.0,0.0,11.460589521950299
-0.3326184330966356,0.5547115466776399,-0.24093588588282794,-1.0036792319674983,1.0,0.0,0.0,0.0,11.356283350762888
-0.3207423787358848,0.5696772349748905,-0.24093588588282794,-1.6399388418559087,1.0,0.0,0.0,0.0,11.510933482289435
-1.09059321538103,0.5646886722091427,-0.23625593084352625,0.42790489028142553,1.0,0.0,0.0,0.0,11.289794413577894
-1.0529769903353041,0.5646886722091427,-0.23625593084352625,-0.6060169757872417,1.0,0.0,0.0,0.0,11.125806040978839
-0.5711858687134798,0.3302262222187805,-0.15669669517544035,-0.04928981713488239,1.0,0.0,0.0,0.0,11.316922746420394
0.06473237249764777,0.3102719711557678,-0.17541651533263725,-0.3674196220790877,1.0,0.0,0.0,0.0,11.456365695436427
-0.6519116479145304,0.3701347243447989,-0.17073656029333553,0.3483724390453742,1.0,0.0,0.0,0.0,11.305913595583258
-1.021586538280456,0.3252376594530256,-0.23625593084352625,0.03024263410116893,1.0,0.0,0.0,0.0,11.574029971623514
-1.104248062024889,0.36015759881329606,-0.18945638045053573,-0.20835471960698504,1.0,0.0,0.0,0.0,11.127277689932466
-0.9979390643991373,0.3751232871105538,-0.18945638045053573,0.18930753657327157,1.0,0.0,0.0,0.0,10.894904309600681
-0.9864815493991178,0.36015759881329606,-0.20349624556843088,-0.9241467807314468,1.0,0.0,0.0,0.0,10.843514342086866
-1.0304804996959962,0.3352147849845284,-0.17541651533263725,0.18930753657327157,1.0,0.0,0.0,0.0,10.907807476583594
-0.9725127982347106,0.3252376594530256,-0.17541651533263725,-0.6855494270232929,1.0,0.0,0.0,0.0,11.06195554002416
-1.1011090168194042,0.3302262222187805,-0.184776425411234,0.03024263410116893,1.0,0.0,0.0,0.0,10.725489582719506
-0.8306802723668892,-0.05888167350990714,0.36277831418678363,0.7460346952256308,1.0,0.0,0.0,0.0,11.225256725762893
-0.20072621704618288,0.000981079679123916,0.3768181793046821,0.10977508533722025,1.0,0.0,0.0,0.0,11.45318607621936
-0.4388227958822043,0.010958205210626728,0.34405849402958677,-0.20835471960698504,1.0,0.0,0.0,0.0,11.746423225963612
-0.29029364024268217,-0.05888167350990714,0.34873844906888846,-0.28788717084303633,1.0,0.0,0.0,0.0,11.54346436927906
-0.6070756188961892,-0.128721552230441,0.34405849402958677,-0.28788717084303633,1.0,0.0,0.0,0.0,11.52683823202353
-0.5020222393526315,-0.14867580329345373,0.3300186289116916,-0.20835471960698504,1.0,0.0,0.0,0.0,11.3373928113354
-0.9667055646045635,-0.17860717988796923,0.3206587188330915,-0.28788717084303633,1.0,0.0,0.0,0.0,11.574029971623514
-0.4235461092155117,-0.10876730116743538,0.3206587188330915,-0.7650818782593443,1.0,0.0,0.0,0.0,11.235866764155578
0.06086088341088315,-0.09879017563592547,0.3206587188330915,-1.1627441344396008,1.0,0.0,0.0,0.0,11.434974734252892
-0.37122868912409845,-0.10377873840168042,0.3159787637937931,-1.1627441344396008,1.0,0.0,0.0,0.0,11.747214672056005
-0.6563063112022091,-0.09879017563592547,0.3159787637937931,-1.1627441344396008,1.0,0.0,0.0,0.0,11.143324481431074
-0.8279597665221359,-0.10876730116743538,0.3159787637937931,-0.28788717084303633,1.0,0.0,0.0,0.0,11.18859323930985
-0.9273105472757294,-0.09879017563592547,0.3112988087544914,-0.3674196220790877,1.0,0.0,0.0,0.0,11.034905792929415
-0.8936704461569508,-0.10377873840168042,0.3112988087544914,0.10977508533722025,1.0,0.0,0.0,0.0,11.106474871430772
0.24459966277192632,-0.10876730116743538,0.3112988087544914,-1.0036792319674983,1.0,0.0,0.0,0.0,11.441440204346033
0.2173422869042999,-0.10876730116743538,0.306618853715193,-1.7990037443280114,1.0,0.0,0.0,0.0,11.554077005184336
-0.3336124640783724,-0.10377873840168042,0.3253386738723899,-1.0036792319674983,1.0,0.0,0.0,0.0,11.630717389475995
0.3636741108999827,-0.10377873840168042,0.2972589436365962,0.03024263410116893,1.0,0.0,0.0,0.0,11.520903555205116
0.6783110753297417,-0.11375586393318324,0.306618853715193,-1.71947129309196,1.0,0.0,0.0,0.0,11.58525542883217
-0.40240987149858076,-0.11874442669893819,0.30193889867589463,-0.3674196220790877,1.0,0.0,0.0,0.0,10.934908916663861
-0.3528129572519209,-0.0738473618071649,0.3300186289116916,0.3483724390453742,1.0,0.0,0.0,0.0,11.630717389475995
-0.839260329261881,-0.0738473618071649,0.3206587188330915,0.9050995976977334,1.0,0.0,0.0,0.0,10.87049040995193
-0.6427560993985331,-0.06387023627566209,0.3206587188330915,0.9050995976977334,1.0,0.0,0.0,0.0,10.680539205318292
-0.5483754735536236,-0.07883592457291985,0.3159787637937931,-0.6855494270232929,1.0,0.0,0.0,0.0,11.005444242454628
-0.8301570981659752,-0.06387023627566209,0.3112988087544914,-1.4808739393838062,1.0,0.0,0.0,0.0,11.034905792929415
0.5581902787998572,-0.04890454797840432,0.33469858395099,-1.4808739393838062,1.0,0.0,0.0,0.0,11.685205103383671
-0.17142846179499147,-0.03892742244690151,0.34405849402958677,-1.958068646800114,1.0,0.0,0.0,0.0,11.904974309480183
-0.5218505415672771,-0.03892742244690151,0.33469858395099,0.7460346952256308,1.0,0.0,0.0,0.0,11.356283350762888
-0.40120657083647826,-0.043915985212649375,0.33469858395099,-1.0832116832035494,1.0,0.0,0.0,0.0,11.428467189677395
0.6995519478868556,-0.03393885968114656,0.33937853899028836,-1.2422765856756521,1.0,0.0,0.0,0.0,11.486591756518374
-0.034252186315306035,-0.03393885968114656,0.33469858395099,-0.446952073315139,1.0,0.0,0.0,0.0,11.412010608265987
0.19008491103667394,-0.02895029691539161,0.33469858395099,-1.958068646800114,1.0,0.0,0.0,0.0,11.41422052949775
-0.6601254828688822,-0.023961734149643747,0.33469858395099,-1.4808739393838062,1.0,0.0,0.0,0.0,11.293537353157436
-0.556536991087884,-0.03393885968114656,0.33469858395099,0.10977508533722025,1.0,0.0,0.0,0.0,11.159117834926688
-0.16881259079042085,-0.02895029691539161,0.3300186289116916,-0.20835471960698504,1.0,0.0,0.0,0.0,11.17606715383184
-1.0661086627782486,-0.02895029691539161,0.3253386738723899,-1.1627441344396008,1.0,0.0,0.0,0.0,11.119897691565697
-0.45116970702377784,-0.018973171383888796,0.3253386738723899,0.2688399878093229,1.0,0.0,0.0,0.0,11.026808713825016
-0.8595594882573494,-0.02895029691539161,0.3206587188330915,0.5869697927535281,1.0,0.0,0.0,0.0,11.0186455364637
-0.6469414930058461,-0.043915985212649375,0.3300186289116916,0.2688399878093229,1.0,0.0,0.0,0.0,10.997104049659168
-1.0585749542850853,-0.03892742244690151,0.3300186289116916,1.3822943051140413,1.0,0.0,0.0,0.0,11.1154434073529
-0.41418129101914875,-0.03892742244690151,0.3300186289116916,1.4618267563500926,1.0,0.0,0.0,0.0,11.239816684367907
-1.0545465129380462,-0.03393885968114656,0.3300186289116916,0.2688399878093229,1.0,0.0,0.0,0.0,10.945547126244623
-1.2681062217511951,-0.03393885968114656,0.3253386738723899,0.9846320489337848,1.0,0.0,0.0,0.0,10.853232402669228
-0.7973017583485676,-0.03892742244690151,0.3253386738723899,1.8594890125303492,1.0,0.0,0.0,0.0,10.987003123724813
-1.3016940054498825,-0.03892742244690151,0.3253386738723899,1.4618267563500926,1.0,0.0,0.0,0.0,10.893047333337728
-1.1073871072303736,-0.05389311074415928,0.3206587188330915,-0.20835471960698504,1.0,0.0,0.0,0.0,11.701899842594283
-0.49114021597361757,-0.04890454797840432,0.3253386738723899,-0.7650818782593443,1.0,0.0,0.0,0.0,11.310821520675269
0.1122889073607426,-0.043915985212649375,0.3253386738723899,-1.0036792319674983,1.0,0.0,0.0,0.0,11.438212694578302
-0.8112705095129749,-0.043915985212649375,0.3206587188330915,-0.3674196220790877,1.0,0.0,0.0,0.0,10.947309210188068
-0.6764485179374031,-0.05389311074415928,0.3206587188330915,-0.04928981713488239,1.0,0.0,0.0,0.0,10.904137815028022
-0.46179014330233487,-0.05389311074415928,0.3159787637937931,-1.3218090369117035,1.0,0.0,0.0,0.0,11.01206667357142
-0.26586140505999223,-0.043915985212649375,0.3112988087544914,-0.8446143294953956,1.0,0.0,0.0,0.0,11.163382173096926
-1.2205496868881005,-0.03892742244690151,0.3206587188330915,-1.4013414881477548,1.0,0.0,0.0,0.0,10.827766295132466
-1.3180693579384948,-0.03393885968114656,0.3206587188330915,0.2688399878093229,1.0,0.0,0.0,0.0,10.67130147767883
-0.8002838512937782,-0.03892742244690151,0.3112988087544914,-0.04928981713488239,1.0,0.0,0.0,0.0,10.885584751364705
-1.1956465949245878,-0.03393885968114656,0.3159787637937931,-0.12882226837093372,1.0,0.0,0.0,0.0,10.821796246953596
-1.0423565540567472,-0.018973171383888796,0.3159787637937931,-0.28788717084303633,1.0,0.0,0.0,0.0,10.742918838113225
-0.6546321537592839,0.000981079679123916,0.2972589436365962,-0.6855494270232929,1.0,0.0,0.0,0.0,11.486591756518374
-0.7749622199695342,-0.05888167350990714,0.2878990335579961,0.5074373415174769,1.0,0.0,0.0,0.0,11.452123952509567
-0.7573835668188195,-0.02895029691539161,0.2551393482829008,-0.446952073315139,1.0,0.0,0.0,0.0,11.51293546492023
-0.8508224791020833,-0.008996045852385986,0.22237966300780543,0.2688399878093229,1.0,0.0,0.0,0.0,10.819798284210286
-0.7781535825951104,0.000981079679123916,0.21301975292920866,-1.7990037443280114,1.0,0.0,0.0,0.0,10.881832472145556
-1.2972470247421122,-0.004007483086631035,0.21769970796850704,-0.6060169757872417,1.0,0.0,0.0,0.0,10.747229096720554
-1.2268277772990699,0.005969642444871777,0.21769970796850704,0.03024263410116893,1.0,0.0,0.0,0.0,10.687411927154141
-0.9136033832117793,0.005969642444871777,0.21769970796850704,-0.28788717084303633,1.0,0.0,0.0,0.0,10.835671318412196
-0.30949413341623094,0.005969642444871777,0.21301975292920866,0.5074373415174769,1.0,0.0,0.0,0.0,11.07753193632009
-1.0600921594677362,0.005969642444871777,0.21301975292920866,-1.1627441344396008,1.0,0.0,0.0,0.0,10.86477077032911
-1.1591290357007815,0.005969642444871777,0.20833979788990695,0.6665022439895795,1.0,0.0,0.0,0.0,10.647826772357497
-0.8681395451523412,-0.004007483086631035,0.22237966300780543,-0.6060169757872417,1.0,0.0,0.0,0.0,11.028433383156079
-1.205168365381225,0.000981079679123916,0.21769970796850704,-1.0036792319674983,1.0,0.0,0.0,0.0,10.911463720944793
-0.7363519639420714,-0.08382448733866771,0.2410994831650023,-0.6060169757872417,1.0,0.0,0.0,0.0,11.023551435004947
-1.047012804444883,-0.16364149159071148,0.2644992583615009,1.1436969514058875,1.0,0.0,0.0,0.0,11.83138646878959
-0.970053879490414,-0.12373298946468606,0.25981930332219916,0.3483724390453742,1.0,0.0,0.0,0.0,10.862856930775358
-1.766429648121906,-0.20853855648247768,0.21301975292920866,-0.446952073315139,1.0,0.0,0.0,0.0,11.51293546492023
-0.9305542273213971,-0.1935728681852199,0.1662202025362148,-0.28788717084303633,1.0,0.0,0.0,0.0,10.77270764101727
-0.43228311837077776,-0.11375586393318324,0.1802600676541133,-0.6855494270232929,1.0,0.0,0.0,0.0,12.323860125621126
-0.4737185150831769,-0.2833669979687665,0.18961997773271005,-0.12882226837093372,1.0,0.0,0.0,0.0,11.017004873924424
-0.868244179992524,-0.2733898724372637,0.17558011261481157,-0.8446143294953956,1.0,0.0,0.0,0.0,10.789339695269716
-0.9640896935999929,-0.2833669979687665,0.1709001575755132,0.3483724390453742,1.0,0.0,0.0,0.0,10.689692377847104
-0.8508224791020833,-0.2733898724372637,0.1662202025362148,-1.71947129309196,1.0,0.0,0.0,0.0,10.936689829317784
-0.7854257039878169,-0.27837843520301153,0.11006074206462087,-0.20835471960698504,1.0,0.0,0.0,0.0,11.174665631549477
-0.3930450533022178,-0.21352711924823262,0.12878056222181775,-1.0036792319674983,1.0,0.0,0.0,0.0,11.042937835596494
-1.766429648121906,-1.655221758550676,1.7714447810158807,-1.0036792319674983,1.0,0.0,0.0,0.0,11.205054290550551
0.039567693433678115,-1.660210321316431,1.6825256352691913,0.8255671464616822,1.0,0.0,0.0,0.0,11.501874628783144
-0.9707340059516024,-1.665198884082179,1.6591258600726961,1.1436969514058875,1.0,0.0,0.0,0.0,11.19135563385109
0.24784334281759382,-1.665198884082179,1.6544459050333977,1.2232294026419388,1.0,0.0,0.0,0.0,11.131679686740132
-0.6807908638049903,-1.660210321316431,1.6544459050333977,1.30276185387799,1.0,0.0,0.0,0.0,11.206413891581187
-0.022480766794738084,-1.7450158883342157,1.631046129836899,-0.3674196220790877,0.0,0.0,0.0,0.0,11.43605521971203
-0.3276482781879513,-1.6851531351451916,1.6357260848762007,-0.9241467807314468,1.0,0.0,0.0,0.0,11.83138646878959
-0.8481542906774212,-1.655221758550676,1.6263661747976008,-1.4808739393838062,1.0,0.0,0.0,0.0,11.171856680390034
-1.0265566931891403,-1.660210321316431,1.617006264719004,-1.0832116832035494,1.0,0.0,0.0,0.0,11.872004516724523
0.06473237249764777,-1.6701874468479339,1.6123263096797023,-0.3674196220790877,1.0,0.0,0.0,0.0,12.021554678392043
-0.5156770859964903,-1.6801645723794367,1.6216862197583024,-0.8446143294953956,1.0,0.0,0.0,0.0,11.853681370708943
-0.22301343800512477,-1.7051073862081974,1.5842465794439087,-1.1627441344396008,0.0,0.0,0.0,0.0,12.008237370904832
-0.7502160802662958,-1.665198884082179,1.6076463546404038,-0.6060169757872417,1.0,0.0,0.0,0.0,11.535674727063007
-1.0135296555863784,-1.665198884082179,1.6029663996011054,-0.6060169757872417,1.0,0.0,0.0,0.0,11.515930943990057
-0.16274377005981688,-1.6701874468479339,1.5982864445618037,-1.0036792319674983,1.0,0.0,0.0,0.0,11.686887175419702
-0.6961198678917745,-1.6701874468479339,1.5982864445618037,0.7460346952256308,1.0,0.0,0.0,0.0,11.298506245754995
-0.05732416857561916,-1.665198884082179,1.5982864445618037,-0.12882226837093372,1.0,0.0,0.0,0.0,11.461642696843066
-1.320005102481877,-1.665198884082179,1.5889265344832069,-1.1627441344396008,1.0,0.0,0.0,0.0,11.470028402317833
-0.2528866848773218,-1.5604390660013816,1.6404060399154992,-1.2422765856756521,1.0,0.0,0.0,0.0,11.592669666556795
-1.1715805816825375,-1.6452446330191732,1.6357260848762007,-1.0832116832035494,1.0,0.0,0.0,0.0,11.367911253546788
-0.959799665152497,-1.6402560702534184,1.6123263096797023,-0.3674196220790877,1.0,0.0,0.0,0.0,11.274680966120778
-1.2599970216370262,-1.6252903819561606,1.617006264719004,-0.20835471960698504,1.0,0.0,0.0,0.0,11.458479838780507
-1.1778063546734159,-1.605336130893155,1.617006264719004,-0.6855494270232929,1.0,0.0,0.0,0.0,11.109473329472568
-1.2323211064086685,-1.605336130893155,1.6123263096797023,-0.446952073315139,1.0,0.0,0.0,0.0,11.39640288460621
-0.6582420557455912,-1.6003475681274,1.5982864445618037,-1.0832116832035494,1.0,0.0,0.0,0.0,11.598194491615347
-1.3478379699705088,-1.47563349898359,1.617006264719004,-1.4013414881477548,1.0,0.0,0.0,0.0,11.151969943847991
-0.5819632572523109,-1.5554505032356267,1.5936064895225053,-1.5604063906198575,1.0,0.0,0.0,0.0,11.630717389475995
-0.9903530384858823,-1.5754047542986394,1.5936064895225053,-0.446952073315139,1.0,0.0,0.0,0.0,11.621788838451959
-0.9243807717506104,-1.5554505032356267,1.5842465794439087,-0.12882226837093372,1.0,0.0,0.0,0.0,11.189975390433117
-1.4184664870939165,-1.540484814938369,1.5889265344832069,-0.12882226837093372,1.0,0.0,0.0,0.0,10.883710371704016
-1.1152347202440858,-1.540484814938369,1.5842465794439087,-1.0036792319674983,1.0,0.0,0.0,0.0,11.602775309696066
-0.8181240915449501,-1.5604390660013816,1.5748866693653085,-0.8446143294953956,1.0,0.0,0.0,0.0,11.998439434579149
-0.7954706486453682,-1.5604390660013816,1.5702067143260101,-0.8446143294953956,1.0,0.0,0.0,0.0,11.810812786275873
-1.0563776226412458,-1.5354962521726212,1.5702067143260101,-1.0036792319674983,1.0,0.0,0.0,0.0,11.237185138527495
-1.1591290357007815,-1.470644936217835,1.5702067143260101,-1.0036792319674983,1.0,0.0,0.0,0.0,11.261909563554315
-0.8854566112025988,-1.550461940469879,1.5655267592867084,-0.12882226837093372,1.0,0.0,0.0,0.0,11.605513761992055
-1.4047593230299664,-1.5354962521726212,1.56084680424741,0.2688399878093229,1.0,0.0,0.0,0.0,11.002116507732017
-1.1124095795591493,-1.5255191266411112,1.5561668492081115,-0.9241467807314468,1.0,0.0,0.0,0.0,11.06665398721974
-0.8152989508600139,-1.5205305638753635,1.5468069391295116,-1.1627441344396008,1.0,0.0,0.0,0.0,10.959557617938563
0.26861335859388524,-1.5155420011096083,1.5421269840902132,-1.1627441344396008,1.0,0.0,0.0,0.0,11.174665631549477
-1.255393088668982,-1.5105534383438535,1.5421269840902132,-1.0036792319674983,1.0,0.0,0.0,0.0,11.034905792929415
-0.9514288779378709,-1.5205305638753635,1.5561668492081115,-1.0036792319674983,1.0,0.0,0.0,0.0,11.141876276228
-0.8203214231887894,-1.5255191266411112,1.5561668492081115,-0.6855494270232929,1.0,0.0,0.0,0.0,11.005444242454628
-1.1506536136459722,-1.5354962521726212,1.5561668492081115,-0.12882226837093372,1.0,0.0,0.0,0.0,11.05407540279458
-1.1242856339199,-1.530507689406866,1.5561668492081115,0.03024263410116893,1.0,0.0,0.0,0.0,10.971657815702502
-1.1342259437372688,-1.5255191266411112,1.5514868941688131,-1.4013414881477548,1.0,0.0,0.0,0.0,11.255462171102444
-1.108956629833116,-1.5255191266411112,1.5468069391295116,-0.28788717084303633,1.0,0.0,0.0,0.0,10.799595985047786
-1.439393455130482,-1.5255191266411112,1.5468069391295116,-0.8446143294953956,1.0,0.0,0.0,0.0,11.31204474745499
-1.2193987036460894,-1.5205305638753635,1.5468069391295116,-1.2422765856756521,1.0,0.0,0.0,0.0,10.915106645867503
-0.33418795569937804,-1.5604390660013816,1.56084680424741,-0.9241467807314468,1.0,0.0,0.0,0.0,11.645715332733134
-1.0426704585772957,-1.605336130893155,1.5842465794439087,-0.446952073315139,1.0,0.0,0.0,0.0,11.481445117743048
-0.43406191065388566,-1.6003475681274,1.56084680424741,-1.4013414881477548,1.0,0.0,0.0,0.0,11.485564545613576
-0.3930450533022178,-1.5554505032356267,1.5468069391295116,-1.5604063906198575,1.0,0.0,0.0,0.0,11.444657330797734
-1.308599904901949,-1.5654276287671296,1.532767074011613,-0.6855494270232929,1.0,0.0,0.0,0.0,10.915106645867503
-1.0494194057690878,-1.6352675074876635,1.5748866693653085,-0.6855494270232929,1.0,0.0,0.0,0.0,11.390769130367211
-1.147305298760122,-1.6252903819561606,1.5702067143260101,-1.0832116832035494,1.0,0.0,0.0,0.0,11.643084929027989
-1.1823056528012774,-1.6252903819561606,1.5655267592867084,-0.9241467807314468,1.0,0.0,0.0,0.0,11.261909563554315
-1.128314075266939,-1.6302789447219155,1.5655267592867084,-0.6060169757872417,1.0,0.0,0.0,0.0,11.225256725762893
-0.46189477814251767,-1.6701874468479339,1.56084680424741,-0.6855494270232929,0.0,0.0,0.0,0.0,11.807093955056784
-0.6055584137135382,-1.655221758550676,1.5421269840902132,-0.6855494270232929,0.0,0.0,0.0,0.0,11.568369632551514
0.07095814548852583,-1.595359005361645,1.5374470290509148,-0.20835471960698504,1.0,0.0,0.0,0.0,11.690242855114947
-0.22228099412384508,-1.6252903819561606,1.5234071639330162,-1.4013414881477548,0.0,0.0,0.0,0.0,11.51293546492023
-0.9865338668192093,-1.5704161915328845,1.5187272088937178,0.03024263410116893,1.0,0.0,0.0,0.0,11.478344372113902
-0.2737090180737043,-1.5803933170643873,1.4953274336972193,-1.3218090369117035,0.0,0.0,0.0,0.0,11.416425577744599
-0.8788646162710808,-1.4506906851548296,1.5280871189723146,-1.4808739393838062,1.0,0.0,0.0,0.0,11.630717389475995
-0.8794401078920864,-1.5055648755781055,1.5374470290509148,-1.0832116832035494,1.0,0.0,0.0,0.0,11.225256725762893
-0.4802581925946036,-1.5105534383438535,1.5280871189723146,-0.446952073315139,1.0,0.0,0.0,0.0,11.426288563310505
-1.204540556340128,-1.530507689406866,1.514047253854416,-1.0036792319674983,1.0,0.0,0.0,0.0,11.205054290550551
-0.6873305413164171,-1.4606678106863322,1.490647478657921,-1.3218090369117035,1.0,0.0,0.0,0.0,11.600945499760169
0.003573308410785845,-1.4856106245150928,1.4859675236186225,-1.71947129309196,1.0,0.0,0.0,0.0,11.791322060504474
-0.2622515030736848,-1.5055648755781055,1.471927658500724,-1.0832116832035494,1.0,0.0,0.0,0.0,11.54346436927906
-0.22955311551655153,-1.540484814938369,1.4859675236186225,-0.5264845245511903,1.0,0.0,0.0,0.0,11.330215832884798
-0.8181240915449501,-1.550461940469879,1.462567748422124,0.03024263410116893,1.0,0.0,0.0,0.0,11.125806040978839
-0.9045001521158732,-1.5205305638753635,1.4485278833042254,-0.6060169757872417,1.0,0.0,0.0,0.0,11.353941456740479
-0.6546321537592839,-1.530507689406866,1.4391679732256286,-0.6855494270232929,1.0,0.0,0.0,0.0,11.403121759615027
-1.7475430594689056,-1.470644936217835,1.4344880181863302,-0.20835471960698504,1.0,0.0,0.0,0.0,11.37940550085183
-0.6055584137135382,-0.7672575862467486,2.5436373625002675,-0.20835471960698504,1.0,0.0,0.0,0.0,10.781058245898533
-0.7200289288735503,-0.6924291447604598,2.5670371376967624,0.03024263410116893,1.0,0.0,0.0,0.0,10.988693712621323
-0.11100184158940923,-0.7473033351837359,2.440678351635683,-0.9241467807314468,1.0,0.0,0.0,0.0,11.299744620670225
-1.147305298760122,-0.40309250434682153,2.501517767146572,-0.12882226837093372,1.0,0.0,0.0,0.0,10.596659732783579
-0.13145795284515174,-0.3881268160495637,2.3377193407710983,0.3483724390453742,1.0,0.0,0.0,0.0,12.206077645517674
-1.1273723617052935,-0.5976464522111653,2.347079250849695,-1.4013414881477548,1.0,0.0,0.0,0.0,11.680987503016127
-0.2996061410189539,-0.7223605213549753,2.2815598802995045,-0.9241467807314468,1.0,0.0,0.0,0.0,11.268315653289422
-0.7200289288735503,-0.6924291447604598,2.1739209143956217,-0.7650818782593443,1.0,0.0,0.0,0.0,11.068215243411098
-0.885718198303056,-0.7273490841207303,2.206680599670717,1.8594890125303492,1.0,0.0,0.0,0.0,10.809748150372926
-0.14652536983147874,-0.5477608245536442,2.2768799252602063,-1.0832116832035494,1.0,0.0,0.0,0.0,11.360950749348124
-0.6205211958596825,-0.4978751968961159,2.2441202399851106,-1.0832116832035494,1.0,0.0,0.0,0.0,11.177466714598282
-0.7161574397867857,-0.5427722617878893,2.2394402849458124,0.5074373415174769,1.0,0.0,0.0,0.0,11.103467395592086
-0.8835208666592166,-0.5377836990221414,2.2394402849458124,0.8255671464616822,1.0,0.0,0.0,0.0,11.071330462204312
-0.8250823084171081,-0.5427722617878893,2.2347603299065106,1.8594890125303492,1.0,0.0,0.0,0.0,11.159117834926688
-1.239750180061649,-0.5327951362563864,2.2347603299065106,1.7004241100582467,1.0,0.0,0.0,0.0,10.990381448250039
-0.16881259079042085,-0.5677150756166498,2.2113605547100152,-0.7650818782593443,1.0,0.0,0.0,0.0,11.568369632551514
-0.8423993744673659,-0.5028637596618709,2.216040509749314,-1.0036792319674983,1.0,0.0,0.0,0.0,11.031674824544641
-0.7327420619557639,-0.4230467554098342,2.2207204647886156,-0.20835471960698504,1.0,0.0,0.0,0.0,11.357452244304588
-1.1211465887144152,-0.3931153788153187,2.253480150063711,-0.7650818782593443,1.0,0.0,0.0,0.0,11.156264806643742
0.8588584920652088,-0.4679438203016075,2.2347603299065106,0.5869697927535281,1.0,0.0,0.0,0.0,11.119897691565697
-0.24770726028827186,-0.4829095085988653,2.17860086943492,-0.9241467807314468,1.0,0.0,0.0,0.0,11.418625774449598
-0.2155320469320527,-0.4579666947700976,2.1879607795135203,-1.0036792319674983,1.0,0.0,0.0,0.0,11.35159406537374
-0.9189397600611032,-0.39810394158107365,2.1224414089633292,-0.6060169757872417,1.0,0.0,0.0,0.0,11.205054290550551
-1.1245995384404488,-0.2584241841400059,2.0054425329808465,-0.7650818782593443,1.0,0.0,0.0,0.0,11.013715451376466
1.2128904738238022,0.6494942392269343,-0.6387320642232673,-0.12882226837093372,0.0,0.0,0.0,0.0,12.528522019787818
0.5791695642565138,0.6445056764611794,-0.643412019262569,0.2688399878093229,0.0,0.0,0.0,0.0,12.269052139516223
0.06891776610496082,0.6395171136954244,-0.643412019262569,0.3483724390453742,0.0,0.0,0.0,0.0,12.160557363077048
-0.1671384333474956,0.6345285509296765,-0.643412019262569,0.6665022439895795,0.0,0.0,0.0,0.0,12.12541016250223
0.48850347523809456,0.6345285509296765,-0.643412019262569,1.064164500169836,0.0,0.0,0.0,0.0,12.164734893029634
-0.1856588000598559,0.6445056764611794,-0.6480919743018674,0.5074373415174769,0.0,0.0,0.0,0.0,12.194005125011843
-0.6658280816588462,0.6445056764611794,-0.6480919743018674,0.03024263410116893,0.0,0.0,0.0,0.0,11.9959748767362
-0.7343115845585061,0.6395171136954244,-0.6480919743018674,-0.7650818782593443,0.0,0.0,0.0,0.0,12.07254696717504
-0.41684947944381084,0.6395171136954244,-0.6480919743018674,-1.6399388418559087,0.0,0.0,0.0,0.0,11.992266613576142
0.6001488497131704,0.6494942392269343,-0.6480919743018674,0.6665022439895795,0.0,0.0,0.0,0.0,12.459167155192379
0.29937600160763606,0.6494942392269343,-0.6480919743018674,0.5074373415174769,0.0,0.0,0.0,0.0,12.475721848739754
1.304027419623044,0.6494942392269343,-0.6527719293411658,0.10977508533722025,0.0,0.0,0.0,0.0,12.533940109913773
0.4118584548041744,0.6494942392269343,-0.6480919743018674,0.5074373415174769,0.0,0.0,0.0,0.0,12.346273621950562
0.29362108539758053,0.6494942392269343,-0.6480919743018674,0.8255671464616822,0.0,0.0,0.0,0.0,12.184854116317803
0.3001607629090073,0.6445056764611794,-0.6527719293411658,0.2688399878093229,0.0,0.0,0.0,0.0,12.48219187523
0.9114374992570793,0.6445056764611794,-0.6527719293411658,0.03024263410116893,0.0,0.0,0.0,0.0,12.666344701243613
-0.37876239761726205,0.6345285509296765,-0.6480919743018674,0.5869697927535281,0.0,0.0,0.0,0.0,12.082214317601338
0.202798044118887,0.6195628626324188,-0.6527719293411658,0.18930753657327157,0.0,0.0,0.0,0.0,12.58895466443808
1.1095112517231696,0.609585737100916,-0.6621318394197658,-0.7650818782593443,0.0,0.0,0.0,0.0,12.34017075254176
0.13284965345666794,0.609585737100916,-0.6621318394197658,0.10977508533722025,0.0,0.0,0.0,0.0,12.461880850543723
-0.31456892316509805,0.609585737100916,-0.6668117944590642,0.8255671464616822,0.0,0.0,0.0,0.0,12.10846532932714
-0.06606117773088525,0.609585737100916,-0.6668117944590642,1.064164500169836,0.0,0.0,0.0,0.0,12.058737851357439
0.6478100194164478,0.6295399881639216,-0.6340521091839689,0.42790489028142553,0.0,0.0,0.0,0.0,12.300932724054114
1.1533532497597738,0.6295399881639216,-0.6387320642232673,0.5074373415174769,0.0,0.0,0.0,0.0,12.281184756225146
-0.14506048206891908,0.6345285509296765,-0.643412019262569,1.1436969514058875,0.0,0.0,0.0,0.0,12.081081821061819
0.16748378555718316,0.6345285509296765,-0.643412019262569,0.9050995976977334,0.0,0.0,0.0,0.0,12.132969552931216
0.20520464544309244,0.6295399881639216,-0.643412019262569,0.7460346952256308,0.0,0.0,0.0,0.0,12.152677143050752
-0.4279407725031904,0.6295399881639216,-0.643412019262569,0.9846320489337848,0.0,0.0,0.0,0.0,11.984808576881369
0.13478539800004988,0.6295399881639216,-0.643412019262569,0.42790489028142553,0.0,0.0,0.0,0.0,12.140472227446224
0.31977979544328705,0.6245514253981738,-0.643412019262569,0.2688399878093229,0.0,0.0,0.0,0.0,12.313585343581135
0.42802453761242104,0.609585737100916,-0.6340521091839689,0.10977508533722025,0.0,0.0,0.0,0.0,12.42199418075339
-0.3878656287131679,0.6195628626324188,-0.6387320642232673,0.03024263410116893,0.0,0.0,0.0,0.0,12.346708119309138
1.2176513590521207,0.609585737100916,-0.6387320642232673,0.2688399878093229,0.0,0.0,0.0,0.0,12.232719445013917
0.7271232282750303,0.6145742998666639,-0.643412019262569,0.6665022439895795,0.0,0.0,0.0,0.0,12.66001358269538
1.1876734773397408,0.609585737100916,-0.6480919743018674,0.42790489028142553,0.0,0.0,0.0,0.0,12.77818431937951
1.5495007546919546,0.604597174335161,-0.643412019262569,0.42790489028142553,0.0,0.0,0.0,0.0,12.84265212010087
-0.37436773432958337,0.6345285509296765,-0.643412019262569,-0.04928981713488239,0.0,0.0,0.0,0.0,12.209073139542411
0.3698998838908612,0.6345285509296765,-0.6480919743018674,1.2232294026419388,0.0,0.0,0.0,0.0,12.192485760421583
0.9855189661065201,0.6295399881639216,-0.643412019262569,0.6665022439895795,0.0,0.0,0.0,0.0,12.385895249206726
-0.03990246768517874,0.6295399881639216,-0.643412019262569,0.5869697927535281,0.0,0.0,0.0,0.0,12.288117962028046
0.29362108539758053,0.6245514253981738,-0.643412019262569,-0.3674196220790877,0.0,0.0,0.0,0.0,12.162648309521318
0.3167977024980765,0.5896314860379033,-0.6340521091839689,-0.3674196220790877,0.0,0.0,0.0,0.0,12.020953178232556
0.47971414866273715,0.5946200488036583,-0.6340521091839689,-0.5264845245511903,0.0,0.0,0.0,0.0,12.021554678392043
-0.285585072434455,0.5846429232721483,-0.6340521091839689,-1.0036792319674983,0.0,0.0,0.0,0.0,11.950541482162043
-0.5518807406997482,0.5946200488036583,-0.6387320642232673,-1.6399388418559087,0.0,0.0,0.0,0.0,11.972253562968545
-0.275330858096538,0.5796543605064005,-0.6293721541446705,0.5074373415174769,0.0,0.0,0.0,0.0,11.902267966193309
0.22006279274905355,0.5796543605064005,-0.6293721541446705,0.2688399878093229,0.0,0.0,0.0,0.0,11.889997957243736
0.13012914761191427,0.5746657977406455,-0.6340521091839689,0.03024263410116893,0.0,0.0,0.0,0.0,11.918397239722838
-0.06260822800485188,0.5796543605064005,-0.6340521091839689,0.2688399878093229,0.0,0.0,0.0,0.0,11.896151780740423
-0.6336005508825358,0.5846429232721483,-0.6340521091839689,-0.5264845245511903,0.0,0.0,0.0,0.0,12.012493964400264
-0.30855241985458537,0.5746657977406455,-0.6340521091839689,0.5074373415174769,0.0,0.0,0.0,0.0,11.80036500801413
-0.5630766685993108,0.5746657977406455,-0.6340521091839689,0.42790489028142553,0.0,0.0,0.0,0.0,11.87965667474488
-1.1754520707693024,0.5746657977406455,-0.6387320642232673,0.3483724390453742,0.0,0.0,0.0,0.0,11.807838828499989
-0.29029364024268217,0.5746657977406455,-0.6387320642232673,0.3483724390453742,0.0,0.0,0.0,0.0,11.785247676408115
-0.6328157895811645,0.5746657977406455,-0.6387320642232673,0.5074373415174769,0.0,0.0,0.0,0.0,11.903622053373214
-0.4515359289644178,0.5696772349748905,-0.6340521091839689,0.10977508533722025,0.0,0.0,0.0,0.0,11.867805799560465
0.18783526197274283,0.5696772349748905,-0.6387320642232673,0.18930753657327157,0.0,0.0,0.0,0.0,11.962732764429129
-0.44588564759454513,0.5696772349748905,-0.6387320642232673,0.5869697927535281,0.0,0.0,0.0,0.0,11.904974309480183
-0.3407276332108045,0.5746657977406455,-0.6387320642232673,0.6665022439895795,0.0,0.0,0.0,0.0,11.901590234400047
-0.1914137162699112,0.5696772349748905,-0.643412019262569,0.10977508533722025,0.0,0.0,0.0,0.0,11.855812795093666
-0.24917214805083152,0.5646886722091427,-0.6387320642232673,0.5074373415174769,0.0,0.0,0.0,0.0,11.846543632608535
-0.483606507480454,0.5696772349748905,-0.643412019262569,1.1436969514058875,0.0,0.0,0.0,0.0,11.855812795093666
-0.10315422857569718,0.5746657977406455,-0.6480919743018674,0.6665022439895795,0.0,0.0,0.0,0.0,11.905649752427557
-0.5000341773891578,0.5696772349748905,-0.6480919743018674,0.5074373415174769,0.0,0.0,0.0,0.0,11.871305953640322
-0.9260549291935356,0.5746657977406455,-0.643412019262569,-0.20835471960698504,0.0,0.0,0.0,0.0,11.823354355742923
-0.7036535763849381,0.5796543605064005,-0.643412019262569,0.7460346952256308,0.0,0.0,0.0,0.0,11.82115253615114
0.012414952406234516,0.5746657977406455,-0.643412019262569,0.6665022439895795,0.0,0.0,0.0,0.0,11.839354580719126
-0.49930173350787804,0.5796543605064005,-0.6387320642232673,0.7460346952256308,0.0,0.0,0.0,0.0,11.834291315386718
-1.2501613466598405,0.5746657977406455,-0.6387320642232673,0.5074373415174769,0.0,0.0,0.0,0.0,11.728044909070785
0.1975139846896545,0.5846429232721483,-0.643412019262569,-1.2422765856756521,0.0,0.0,0.0,0.0,11.946660519211651
-0.875987158166053,0.5846429232721483,-0.6480919743018674,-1.2422765856756521,0.0,0.0,0.0,0.0,11.807093955056784
-1.007774739376323,0.5796543605064005,-0.6480919743018674,-0.7650818782593443,0.0,0.0,0.0,0.0,11.83138646878959
-0.6452673355629208,0.5796543605064005,-0.6480919743018674,0.3483724390453742,0.0,0.0,0.0,0.0,11.871305953640322
-0.14370022914654249,0.5796543605064005,-0.6480919743018674,0.5869697927535281,0.0,0.0,0.0,0.0,11.943414837983129
-0.33894884092769645,0.5796543605064005,-0.6480919743018674,-0.8446143294953956,0.0,0.0,0.0,0.0,11.964644189595829
-0.7069495738506971,0.5746657977406455,-0.6527719293411658,-0.9241467807314468,0.0,0.0,0.0,0.0,12.00579687207606
-0.1292606212013124,0.5746657977406455,-0.6480919743018674,0.5869697927535281,0.0,0.0,0.0,0.0,11.885874268401459
0.18663196131064036,0.5696772349748905,-0.6153322890267721,0.42790489028142553,0.0,0.0,0.0,0.0,11.96655196818541
1.0592865284354127,0.5696772349748905,-0.6106523339874737,-0.8446143294953956,0.0,0.0,0.0,0.0,12.369894975232734
0.15492760473524397,0.5646886722091427,-0.6153322890267721,-1.1627441344396008,0.0,0.0,0.0,0.0,12.262457704853034
0.04291600831952842,0.5746657977406455,-0.6200122440660704,-0.7650818782593443,0.0,0.0,0.0,0.0,12.002737848944351
-0.11586736165791071,0.5746657977406455,-0.6246921991053721,0.03024263410116893,0.0,0.0,0.0,0.0,12.10238295548773
0.7441787072248311,0.5796543605064005,-0.6153322890267721,-0.8446143294953956,0.0,0.0,0.0,0.0,12.222934679005357
0.6751720301242572,0.5796543605064005,-0.6246921991053721,-0.04928981713488239,0.0,0.0,0.0,0.0,12.141005984951518
0.2430824575892756,0.5746657977406455,-0.6153322890267721,0.10977508533722025,0.0,0.0,0.0,0.0,11.957617696467539
0.08047991594516316,0.5646886722091427,-0.6200122440660704,-1.1627441344396008,0.0,0.0,0.0,0.0,11.946660519211651
-0.590700266407577,0.5646886722091427,-0.6200122440660704,-0.5264845245511903,0.0,0.0,0.0,0.0,11.983560145061489
-0.24917214805083152,0.5646886722091427,-0.6246921991053721,0.7460346952256308,0.0,0.0,0.0,0.0,11.954407441448915
0.09382085806847357,0.5597001094433878,-0.6200122440660704,-1.5604063906198575,0.0,0.0,0.0,0.0,12.114510931441727
0.200757664735322,0.5597001094433878,-0.6153322890267721,-0.446952073315139,0.0,0.0,0.0,0.0,12.151621739551222
0.14394094651604725,0.5547115466776399,-0.6153322890267721,-1.4808739393838062,0.0,0.0,0.0,0.0,12.176133921127343
0.3144434185939628,0.5597001094433878,-0.6200122440660704,-0.04928981713488239,0.0,0.0,0.0,0.0,12.061630518155123
0.08236334306845382,0.5547115466776399,-0.6246921991053721,0.2688399878093229,0.0,0.0,0.0,0.0,11.973516181427835
0.20640794610519492,0.5547115466776399,-0.6200122440660704,-0.3674196220790877,0.0,0.0,0.0,0.0,12.293171935322027
0.5349613442792694,0.5497229839118849,-0.6153322890267721,-1.2422765856756521,0.0,0.0,0.0,0.0,12.692198731681815
1.1576955956273611,0.54473442114613,-0.6106523339874737,-1.5604063906198575,0.0,0.0,0.0,0.0,12.506551242106323
-0.4584418284164843,0.54473442114613,-0.6200122440660704,0.18930753657327157,0.0,0.0,0.0,0.0,12.057578437658945
-0.10603168668072495,0.5497229839118849,-0.6246921991053721,-1.0036792319674983,0.0,0.0,0.0,0.0,12.166296978418426
-0.43092286544840097,0.5547115466776399,-0.6293721541446705,-0.3674196220790877,0.0,0.0,0.0,0.0,12.118884889350285
0.21828400046594545,0.5497229839118849,-0.6293721541446705,-0.8446143294953956,0.0,0.0,0.0,0.0,12.154784614286667
2.830911324990938,0.5397458583803821,-0.6293721541446705,-0.20835471960698504,0.0,0.0,0.0,0.0,12.975720112947148
1.5659807420207499,0.5397458583803821,-0.6340521091839689,-0.12882226837093372,0.0,0.0,0.0,0.0,12.67420264562853
1.4489466732762586,0.5397458583803821,-0.6340521091839689,0.18930753657327157,0.0,0.0,0.0,0.0,12.562000810699038
1.6655407924547092,0.5397458583803821,-0.6200122440660704,-0.28788717084303633,0.0,0.0,0.0,0.0,12.78353115821362
2.2227213164282595,0.5247801700831244,-0.6153322890267721,-0.8446143294953956,0.0,0.0,0.0,0.0,12.832013750189885
1.89992283446424,0.5297687328488723,-0.6246921991053721,-0.3674196220790877,0.0,0.0,0.0,0.0,12.748399843328054
1.3156942043034288,0.5297687328488723,-0.6340521091839689,0.03024263410116893,0.0,0.0,0.0,0.0,12.617191739692538
1.3292967335271961,0.5297687328488723,-0.6293721541446705,0.03024263410116893,0.0,0.0,0.0,0.0,12.673889510548893
2.0247521988023522,0.5247801700831244,-0.6293721541446705,-0.04928981713488239,0.0,0.0,0.0,0.0,13.070229730019086
2.6004007720681717,0.5247801700831244,-0.6246921991053721,-0.9241467807314468,0.0,0.0,0.0,0.0,13.018559427447078
0.22414355151618404,0.5597001094433878,-0.6246921991053721,-0.12882226837093372,0.0,0.0,0.0,0.0,11.932300052847731
-0.20669040293660404,0.5597001094433878,-0.6246921991053721,0.5074373415174769,0.0,0.0,0.0,0.0,11.984184555794167
1.4902774351484749,0.5148030445516144,-0.6340521091839689,-0.8446143294953956,0.0,0.0,0.0,0.0,12.840533480851393
2.216286273757016,0.5098144817858666,-0.6340521091839689,-1.0036792319674983,0.0,0.0,0.0,0.0,12.96828169519668
3.664432461887333,0.5148030445516144,-0.6340521091839689,-1.4808739393838062,0.0,0.0,0.0,0.0,13.122367377396328
2.2703824861315365,0.5148030445516144,-0.6246921991053721,-0.5264845245511903,0.0,0.0,0.0,0.0,12.837878854006087
1.6765274506739059,0.49983735625436376,-0.6293721541446705,-1.958068646800114,0.0,0.0,0.0,0.0,12.740227025427723
-0.15950009001414917,0.5597001094433878,-0.6340521091839689,0.7460346952256308,0.0,0.0,0.0,0.0,11.931642378754141
0.8982011919739514,0.5547115466776399,-0.6340521091839689,-0.446952073315139,0.0,0.0,0.0,0.0,12.2904183895416
0.6615695009004894,0.5497229839118849,-0.6387320642232673,0.3483724390453742,0.0,0.0,0.0,0.0,12.31448300568063
0.7504567976358005,0.54473442114613,-0.6340521091839689,0.5074373415174769,0.0,0.0,0.0,0.0,12.333150131430498
0.8813026652844254,0.54473442114613,-0.6340521091839689,0.5074373415174769,0.0,0.0,0.0,0.0,12.331387247601905
-0.596926039398455,0.5497229839118849,-0.6387320642232673,-0.9241467807314468,0.0,0.0,0.0,0.0,12.167337014705433
0.9755786562891515,0.5497229839118849,-0.6387320642232673,0.5074373415174769,0.0,0.0,0.0,0.0,12.304110918882833
0.5524876800098929,0.54473442114613,-0.6387320642232673,0.42790489028142553,0.0,0.0,0.0,0.0,12.318065617740915
0.5855522895076661,0.54473442114613,-0.6387320642232673,0.3483724390453742,0.0,0.0,0.0,0.0,12.286735161083115
-0.08960401677202115,0.5597001094433878,-0.6387320642232673,0.3483724390453742,0.0,0.0,0.0,0.0,12.132431487478716
0.6557099498502513,0.5597001094433878,-0.6387320642232673,0.5074373415174769,0.0,0.0,0.0,0.0,12.18536470856483
0.48405649453032457,0.5547115466776399,-0.6387320642232673,0.10977508533722025,0.0,0.0,0.0,0.0,12.09904963758644
-0.6576142467044944,0.5547115466776399,-0.6387320642232673,-0.04928981713488239,0.0,0.0,0.0,0.0,12.056998226329707
-0.1787005831876979,0.5646886722091427,-0.6387320642232673,0.5869697927535281,0.0,0.0,0.0,0.0,11.97098934828825
-0.2699421638271225,0.5646886722091427,-0.6387320642232673,0.03024263410116893,0.0,0.0,0.0,0.0,11.866402300407264
0.5020536870417706,0.5597001094433878,-0.643412019262569,0.5074373415174769,0.0,0.0,0.0,0.0,12.183832149044223
0.2655789482285829,0.5597001094433878,-0.6480919743018674,0.5869697927535281,0.0,0.0,0.0,0.0,12.22881702007325
0.1562878576576208,0.5597001094433878,-0.643412019262569,0.5074373415174769,0.0,0.0,0.0,0.0,12.252961002410009
0.637451170238348,0.5547115466776399,-0.643412019262569,0.3483724390453742,0.0,0.0,0.0,0.0,12.25629511679123
0.5609631020647021,0.5547115466776399,-0.643412019262569,0.5869697927535281,0.0,0.0,0.0,0.0,12.288117962028046
0.17684860375354614,0.5547115466776399,-0.6480919743018674,0.3483724390453742,0.0,0.0,0.0,0.0,12.32029824991355
-0.09279537939759736,0.5547115466776399,-0.6480919743018674,0.2688399878093229,0.0,0.0,0.0,0.0,12.248178615401173
0.005875274894808005,0.5497229839118849,-0.643412019262569,0.42790489028142553,0.0,0.0,0.0,0.0,12.202069644200355
0.8909290705812453,0.5497229839118849,-0.643412019262569,0.5074373415174769,0.0,0.0,0.0,0.0,12.294088101596984
0.409556488320152,0.5397458583803821,-0.643412019262569,-0.12882226837093372,0.0,0.0,0.0,0.0,12.3879816172226
0.1427899632740365,0.5497229839118849,-0.6480919743018674,0.42790489028142553,0.0,0.0,0.0,0.0,12.184343263233146
0.672608476539778,0.54473442114613,-0.6480919743018674,0.5869697927535281,0.0,0.0,0.0,0.0,12.182297237179363
0.5715835383432588,0.54473442114613,-0.6480919743018674,0.5074373415174769,0.0,0.0,0.0,0.0,12.287196307223885
0.643781578069409,0.54473442114613,-0.6480919743018674,0.5074373415174769,0.0,0.0,0.0,0.0,12.316275916098562
0.2391063336623282,0.5397458583803821,-0.6480919743018674,0.3483724390453742,0.0,0.0,0.0,0.0,12.358368749551493
0.8868483118141147,0.5397458583803821,-0.6387320642232673,0.42790489028142553,0.0,0.0,0.0,0.0,12.32785212918379
0.3681734090278444,0.5397458583803821,-0.6387320642232673,0.3483724390453742,0.0,0.0,0.0,0.0,12.37243841643669
0.5193707530920284,0.5347572956146271,-0.6387320642232673,0.5074373415174769,0.0,0.0,0.0,0.0,12.308633746480464
0.8005768860833747,0.5297687328488723,-0.6340521091839689,0.42790489028142553,0.0,0.0,0.0,0.0,12.40410759774362
2.0628915980489926,0.5247801700831244,-0.6340521091839689,0.3483724390453742,0.0,0.0,0.0,0.0,12.84687598006639
0.09350695354792489,0.5297687328488723,-0.6387320642232673,0.42790489028142553,0.0,0.0,0.0,0.0,12.312686874960354
0.11924712423290014,0.5297687328488723,-0.6387320642232673,0.5869697927535281,0.0,0.0,0.0,0.0,12.437585079848033
0.8834476795081729,0.5247801700831244,-0.6387320642232673,0.5869697927535281,0.0,0.0,0.0,0.0,12.510615522357213
0.7891716885034462,0.5197916073173694,-0.6387320642232673,0.2688399878093229,0.0,0.0,0.0,0.0,12.70442378544751
2.2495078355150633,0.5197916073173694,-0.643412019262569,-0.8446143294953956,0.0,0.0,0.0,0.0,12.639156163208208
0.949524581083628,0.5148030445516144,-0.643412019262569,-0.5264845245511903,0.0,0.0,0.0,0.0,12.650120442784763
1.499014444303741,0.5148030445516144,-0.6387320642232673,-0.04928981713488239,0.0,0.0,0.0,0.0,12.760535178224796
0.9195990167913397,0.5197916073173694,-0.6387320642232673,0.3483724390453742,0.0,0.0,0.0,0.0,12.677640675462799
3.677354864649913,0.5148030445516144,-0.643412019262569,-0.446952073315139,0.0,0.0,0.0,0.0,13.122367377396328
2.2636335389397444,0.5098144817858666,-0.643412019262569,-0.6060169757872417,0.0,0.0,0.0,0.0,13.006730278975763
2.228371597798132,0.5098144817858666,-0.6387320642232673,-0.28788717084303633,0.0,0.0,0.0,0.0,12.773659437577876
0.49980403797783995,0.5347572956146271,-0.643412019262569,0.3483724390453742,0.0,0.0,0.0,0.0,12.377084656489986
-0.04952887298199864,0.5247801700831244,-0.643412019262569,-0.6060169757872417,0.0,0.0,0.0,0.0,12.44588057164006
0.8721471167684279,0.5297687328488723,-0.643412019262569,0.03024263410116893,0.0,0.0,0.0,0.0,12.71439814659232
0.4113352806032601,0.5247801700831244,-0.6480919743018674,-1.4013414881477548,0.0,0.0,0.0,0.0,12.580738282084809
-0.17085297017398585,0.5397458583803821,-0.643412019262569,-0.28788717084303633,0.0,0.0,0.0,0.0,12.473428278520133
0.5879065734117799,0.5397458583803821,-0.6480919743018674,-0.04928981713488239,0.0,0.0,0.0,0.0,12.460718739865236
2.996966816361083,0.49983735625436376,-0.6387320642232673,-0.6855494270232929,0.0,0.0,0.0,0.0,13.122367377396328
1.721625066792704,0.4898602307228539,-0.643412019262569,-0.6855494270232929,0.0,0.0,0.0,0.0,12.785773933914658
1.1182482608784354,0.4798831051913511,-0.6527719293411658,-0.9241467807314468,0.0,0.0,0.0,0.0,12.83708108983072
0.5006934341193943,0.46990597965984826,-0.6527719293411658,-1.5604063906198575,0.0,0.0,0.0,0.0,12.532498153794986
1.2810600722029137,0.47489454242559614,-0.643412019262569,-1.0832116832035494,0.0,0.0,0.0,0.0,12.476485204641877
0.922319522636093,0.484871667957106,-0.643412019262569,-0.8446143294953956,0.0,0.0,0.0,0.0,12.511721101590597
0.8553009074989927,0.4798831051913511,-0.6480919743018674,-1.0036792319674983,0.0,0.0,0.0,0.0,12.530331313535255
1.3803062181163241,0.46990597965984826,-0.6621318394197658,-0.8446143294953956,0.0,0.0,0.0,0.0,12.533940109913773
1.5632602361759962,0.4649174168940933,-0.6621318394197658,-0.28788717084303633,0.0,0.0,0.0,0.0,12.718000661438602
1.178465611403652,0.4549402913625905,-0.6574518843804675,-0.8446143294953956,0.0,0.0,0.0,0.0,12.765691290604371
1.185319193435627,0.4798831051913511,-0.6574518843804675,-0.20835471960698504,0.0,0.0,0.0,0.0,12.698635515785552
1.8043912253773196,0.4798831051913511,-0.6621318394197658,-0.3674196220790877,0.0,0.0,0.0,0.0,12.718000661438602
-0.44028768364476395,0.4898602307228539,-0.6574518843804675,-0.9241467807314468,0.0,0.0,0.0,0.0,12.447060044238079
2.45302259967066,0.5048259190201116,-0.6480919743018674,0.18930753657327157,0.0,0.0,0.0,0.0,13.122367377396328
2.247101234190858,0.5048259190201116,-0.6527719293411658,-0.446952073315139,0.0,0.0,0.0,0.0,13.122367377396328
-0.1324519838268886,0.4898602307228539,-0.6480919743018674,-1.0832116832035494,0.0,0.0,0.0,0.0,12.172003838488783
2.5482926216571236,0.49983735625436376,-0.6480919743018674,-0.6855494270232929,0.0,0.0,0.0,0.0,12.947774248188859
0.8604803320880426,0.49484879348860883,-0.6480919743018674,-0.446952073315139,0.0,0.0,0.0,0.0,12.545401512381012
0.8560856688003639,0.5048259190201116,-0.6574518843804675,0.5869697927535281,0.0,0.0,0.0,0.0,12.422799654798252
0.42802453761242104,0.5048259190201116,-0.6574518843804675,0.5869697927535281,0.0,0.0,0.0,0.0,12.309535862454515
0.570955729302162,0.49983735625436376,-0.6574518843804675,-0.5264845245511903,0.0,0.0,0.0,0.0,12.309986615445005
0.11825309325116327,0.49484879348860883,-0.6574518843804675,0.03024263410116893,0.0,0.0,0.0,0.0,12.346708119309138
-0.24441126282251285,0.4898602307228539,-0.6574518843804675,-1.1627441344396008,0.0,0.0,0.0,0.0,12.036475785297062
0.5318746164938764,0.49484879348860883,-0.6574518843804675,0.5074373415174769,0.0,0.0,0.0,0.0,12.366919427768636
0.5225097982975133,0.49484879348860883,-0.6621318394197658,0.5074373415174769,0.0,0.0,0.0,0.0,12.347576548072231
0.06876081384468649,0.4898602307228539,-0.6621318394197658,-0.9241467807314468,0.0,0.0,0.0,0.0,12.34148164933907
2.6079867979814266,0.5297687328488723,-0.6480919743018674,-0.3674196220790877,0.0,0.0,0.0,0.0,13.122367377396328
2.4950858054241567,0.5297687328488723,-0.6527719293411658,0.18930753657327157,0.0,0.0,0.0,0.0,13.088808662125674
1.7792788637334411,0.5297687328488723,-0.6574518843804675,0.5869697927535281,0.0,0.0,0.0,0.0,13.07569306476112
-0.4099958974118357,0.5247801700831244,-0.6527719293411658,-1.7990037443280114,0.0,0.0,0.0,0.0,12.944434558395074
2.358380386725294,0.5247801700831244,-0.6574518843804675,0.5074373415174769,0.0,0.0,0.0,0.0,13.065160021378025
-0.254822429420704,0.5197916073173694,-0.6480919743018674,-0.6855494270232929,0.0,0.0,0.0,0.0,12.685720246824822
-0.4073277089871735,0.5148030445516144,-0.6527719293411658,-0.3674196220790877,0.0,0.0,0.0,0.0,12.483708170000067
-0.5067831245809501,0.5197916073173694,-0.6527719293411658,-0.3674196220790877,0.0,0.0,0.0,0.0,12.525620323525118
-0.33267075051672684,0.5197916073173694,-0.6574518843804675,-0.12882226837093372,0.0,0.0,0.0,0.0,12.347576548072231
1.2569417415407722,0.5148030445516144,-0.6480919743018674,-0.20835471960698504,0.0,0.0,0.0,0.0,12.682930853382516
0.24564601117375445,0.5098144817858666,-0.6527719293411658,-0.6060169757872417,0.0,0.0,0.0,0.0,12.917798665647773
-0.5250419041928533,0.5098144817858666,-0.6574518843804675,-0.28788717084303633,0.0,0.0,0.0,0.0,12.40942564947524
0.47940024414218896,0.5297687328488723,-0.6574518843804675,-0.12882226837093372,0.0,0.0,0.0,0.0,13.026735347090883
-0.3386872538272395,0.5247801700831244,-0.6621318394197658,-0.6060169757872417,0.0,0.0,0.0,0.0,12.670124221397808
-0.44164793656714074,0.5197916073173694,-0.6574518843804675,0.2688399878093229,0.0,0.0,0.0,0.0,12.388398368982115
-0.13475395031091078,0.5148030445516144,-0.6621318394197658,0.42790489028142553,0.0,0.0,0.0,0.0,12.262457704853034
0.13012914761191427,0.5148030445516144,-0.6574518843804675,0.03024263410116893,0.0,0.0,0.0,0.0,12.39421473013906
0.7344476670878283,0.5597001094433878,-0.6480919743018674,0.42790489028142553,0.0,0.0,0.0,0.0,12.265760357995845
0.3481358371328329,0.5497229839118849,-0.6480919743018674,-0.6060169757872417,0.0,0.0,0.0,0.0,12.38380451915696
-0.8188565354262298,0.5497229839118849,-0.6527719293411658,-0.7650818782593443,0.0,0.0,0.0,0.0,12.450590137999692
1.45307974946348,0.54473442114613,-0.6527719293411658,0.2688399878093229,0.0,0.0,0.0,0.0,12.497252344150006
0.6000442148729878,0.5397458583803821,-0.6480919743018674,0.10977508533722025,0.0,0.0,0.0,0.0,12.444699706243501
1.1615670847141255,0.5397458583803821,-0.6527719293411658,0.42790489028142553,0.0,0.0,0.0,0.0,12.477247978276214
0.4918517901239451,0.5347572956146271,-0.6480919743018674,0.2688399878093229,0.0,0.0,0.0,0.0,12.392971211817235
1.1921727754676026,0.5347572956146271,-0.6480919743018674,0.2688399878093229,0.0,0.0,0.0,0.0,12.45800188477608
1.0797426396911556,0.5347572956146271,-0.6527719293411658,0.42790489028142553,0.0,0.0,0.0,0.0,12.661283017110742
0.3350564821099799,0.5347572956146271,-0.6574518843804675,-0.20835471960698504,0.0,0.0,0.0,0.0,12.672949516558306
0.7274894502156702,0.5397458583803821,-0.6574518843804675,0.2688399878093229,0.0,0.0,0.0,0.0,12.397936033911247
-0.7196103895128191,0.5497229839118849,-0.6574518843804675,-0.5264845245511903,0.0,0.0,0.0,0.0,11.982935344196433
0.46145536905083423,0.54473442114613,-0.6574518843804675,0.5074373415174769,0.0,0.0,0.0,0.0,12.463041612288443
1.3866889433674765,0.54473442114613,-0.6574518843804675,0.10977508533722025,0.0,0.0,0.0,0.0,12.517596969117488
0.3516411042789578,0.54473442114613,-0.6574518843804675,0.03024263410116893,0.0,0.0,0.0,0.0,12.3879816172226
-0.6090636808596629,0.5547115466776399,-0.6574518843804675,-0.6855494270232929,0.0,0.0,0.0,0.0,12.04002396437039
-0.44865847085939004,0.5547115466776399,-0.6574518843804675,-1.0036792319674983,0.0,0.0,0.0,0.0,11.948602883419843
-0.22228099412384508,0.5696772349748905,-0.6480919743018674,0.7460346952256308,0.0,0.0,0.0,0.0,11.930984271840668
0.07561439587666191,0.5696772349748905,-0.6527719293411658,0.5869697927535281,0.0,0.0,0.0,0.0,12.051761119434515
0.3698998838908612,0.5746657977406455,-0.6527719293411658,0.5074373415174769,0.0,0.0,0.0,0.0,12.085039960478051
0.3738760078178086,0.5796543605064005,-0.6574518843804675,0.5074373415174769,0.0,0.0,0.0,0.0,12.09626335986454
-0.3930450533022178,0.5796543605064005,-0.6527719293411658,0.7460346952256308,0.0,0.0,0.0,0.0,12.077676615757813
0.10616776921004711,0.5646886722091427,-0.643412019262569,0.42790489028142553,0.0,0.0,0.0,0.0,12.014312686825066
0.021151961561500607,0.5646886722091427,-0.643412019262569,-0.04928981713488239,0.0,0.0,0.0,0.0,11.944064817531656
-0.12444741855290246,0.5696772349748905,-0.6480919743018674,0.2688399878093229,0.0,0.0,0.0,0.0,11.978550773342342
0.8559810339601813,0.5646886722091427,-0.643412019262569,0.42790489028142553,0.0,0.0,0.0,0.0,12.068538968726306
-0.09221988777659176,0.5646886722091427,-0.6480919743018674,0.5074373415174769,0.0,0.0,0.0,0.0,12.07824495582233
0.05599536334238168,0.5597001094433878,-0.6480919743018674,-0.6060169757872417,0.0,0.0,0.0,0.0,11.998439434579149
-0.1925646995119224,0.5597001094433878,-0.6527719293411658,-1.4013414881477548,0.0,0.0,0.0,0.0,11.824087219587643
-0.7941103957229914,0.5597001094433878,-0.6574518843804675,-1.0832116832035494,0.0,0.0,0.0,0.0,11.967821801563451
-0.41318726003741185,0.5597001094433878,-0.6527719293411658,-1.71947129309196,0.0,0.0,0.0,0.0,12.235150749730654
0.5333918216765274,0.5646886722091427,-0.6480919743018674,0.3483724390453742,0.0,0.0,0.0,0.0,12.065090709265014
-0.08473849670351968,0.5696772349748905,-0.6527719293411658,0.5074373415174769,0.0,0.0,0.0,0.0,12.093469297102763
0.3099964378861928,0.5696772349748905,-0.6527719293411658,0.5074373415174769,0.0,0.0,0.0,0.0,12.114510931441727
0.11443392158449019,0.5646886722091427,-0.6527719293411658,0.5869697927535281,0.0,0.0,0.0,0.0,12.122696471358964
-0.0791405327537385,0.5646886722091427,-0.6527719293411658,0.5074373415174769,0.0,0.0,0.0,0.0,12.09066740567538
0.9347187511977578,0.5746657977406455,-0.6574518843804675,0.3483724390453742,0.0,0.0,0.0,0.0,12.137263685701864
0.7849862948961331,0.5746657977406455,-0.6621318394197658,0.03024263410116893,0.0,0.0,0.0,0.0,12.358798024384122
0.2966031783427911,0.5696772349748905,-0.6574518843804675,0.5074373415174769,0.0,0.0,0.0,0.0,12.109016442313738
0.42190339946172556,0.5696772349748905,-0.6527719293411658,0.5869697927535281,0.0,0.0,0.0,0.0,12.121608929585332
0.3459385054889936,0.5746657977406455,-0.6574518843804675,0.42790489028142553,0.0,0.0,0.0,0.0,12.149507585033072
-0.2484920215896431,0.5696772349748905,-0.6574518843804675,0.5074373415174769,0.0,0.0,0.0,0.0,12.081081821061819
0.0445901657624537,0.5696772349748905,-0.6574518843804675,0.6665022439895795,0.0,0.0,0.0,0.0,12.065090709265014
0.06771446544285835,0.5696772349748905,-0.6527719293411658,0.6665022439895795,0.0,0.0,0.0,0.0,12.059317054505962
-0.11314685581315706,0.5696772349748905,-0.6621318394197658,0.42790489028142553,0.0,0.0,0.0,0.0,12.12595201815431
-0.035560121817591335,0.5646886722091427,-0.6621318394197658,0.9846320489337848,0.0,0.0,0.0,0.0,12.121608929585332
0.3408637157401267,0.5646886722091427,-0.6574518843804675,1.1436969514058875,0.0,0.0,0.0,0.0,12.110667961260443
-0.6520686001748045,0.5547115466776399,-0.6621318394197658,0.5074373415174769,0.0,0.0,0.0,0.0,12.047668766996187
0.04511333996336777,0.5547115466776399,-0.6621318394197658,0.8255671464616822,0.0,0.0,0.0,0.0,12.032914971806521
-0.5259313003344074,0.5547115466776399,-0.6621318394197658,0.18930753657327157,0.0,0.0,0.0,0.0,12.124868013083418
-0.9450461526867185,0.5597001094433878,-0.6621318394197658,-0.3674196220790877,0.0,0.0,0.0,0.0,12.117246896289503
-0.6764485179374031,0.5597001094433878,-0.6574518843804675,-0.28788717084303633,0.0,0.0,0.0,0.0,12.121064714846538
-0.5780394507454549,0.5597001094433878,-0.6621318394197658,-1.6399388418559087,0.0,0.0,0.0,0.0,12.131893132355916
-0.6755591217958491,0.5547115466776399,-0.6574518843804675,-0.7650818782593443,0.0,0.0,0.0,0.0,11.887250721636997
-0.2171538869548867,0.5646886722091427,-0.6621318394197658,0.5869697927535281,0.0,0.0,0.0,0.0,12.094028734547074
0.520050879553217,0.5646886722091427,-0.6668117944590642,0.6665022439895795,0.0,0.0,0.0,0.0,12.128656901032139
-0.5238386035307508,0.5646886722091427,-0.6668117944590642,0.9846320489337848,0.0,0.0,0.0,0.0,12.035290255730404
-0.5499973135764573,0.5646886722091427,-0.6621318394197658,0.9846320489337848,0.0,0.0,0.0,0.0,12.035290255730404
0.20368744026044128,0.5696772349748905,-0.6621318394197658,0.42790489028142553,0.0,0.0,0.0,0.0,12.361797799507952
-0.7592669939421103,0.5696772349748905,-0.6668117944590642,-0.9241467807314468,0.0,0.0,0.0,0.0,12.075400019877522
-0.11220514225151172,0.5696772349748905,-0.6621318394197658,0.5869697927535281,0.0,0.0,0.0,0.0,12.140472227446224
-0.12141300818760037,0.5846429232721483,-0.6621318394197658,1.1436969514058875,0.0,0.0,0.0,0.0,12.135118924261802
-0.4687483601744926,0.5846429232721483,-0.6668117944590642,0.10977508533722025,0.0,0.0,0.0,0.0,12.162648309521318
0.07346938165291386,0.5796543605064005,-0.6668117944590642,0.5074373415174769,0.0,0.0,0.0,0.0,12.171486376730597
0.49342131272668754,0.5846429232721483,-0.6668117944590642,1.30276185387799,0.0,0.0,0.0,0.0,12.107913912447533
-0.11361771259397985,0.5846429232721483,-0.6621318394197658,0.5869697927535281,0.0,0.0,0.0,0.0,12.121608929585332
0.06729592608212709,0.5846429232721483,-0.6574518843804675,0.6665022439895795,0.0,0.0,0.0,0.0,12.154784614286667
0.5259627480235465,0.5946200488036583,-0.6480919743018674,0.7460346952256308,0.0,0.0,0.0,0.0,12.352339472153524
0.1233802004201219,0.599608611569406,-0.6527719293411658,0.9050995976977334,0.0,0.0,0.0,0.0,12.342354626814949
-0.144537307868005,0.599608611569406,-0.6574518843804675,0.2688399878093229,0.0,0.0,0.0,0.0,12.011279642540796
-0.16959735209179208,0.599608611569406,-0.6621318394197658,-0.9241467807314468,0.0,0.0,0.0,0.0,11.928347504569842
-1.3167614224362094,0.5946200488036583,-0.6527719293411658,0.7460346952256308,0.0,0.0,0.0,0.0,11.972253562968545
0.4701923782061003,0.5846429232721483,-0.6527719293411658,0.5074373415174769,0.0,0.0,0.0,0.0,12.097936057925594
-0.4540994825488969,0.5896314860379033,-0.6574518843804675,-0.8446143294953956,0.0,0.0,0.0,0.0,12.111217862017215
-0.9021981856318511,0.5896314860379033,-0.6574518843804675,1.1436969514058875,0.0,0.0,0.0,0.0,11.992885613168797
0.12651924562560682,0.5846429232721483,-0.6574518843804675,0.5869697927535281,0.0,0.0,0.0,0.0,12.059317054505962
0.7710175437317259,0.5796543605064005,-0.6668117944590642,0.5074373415174769,0.0,0.0,0.0,0.0,12.257245682687113
0.8976257003529459,0.5796543605064005,-0.6668117944590642,0.5074373415174769,0.0,0.0,0.0,0.0,12.3879816172226
-0.0948357587811626,0.5896314860379033,-0.6621318394197658,0.9050995976977334,0.0,0.0,0.0,0.0,12.01491819331946
-0.6328157895811645,0.5896314860379033,-0.6668117944590642,-1.1627441344396008,0.0,0.0,0.0,0.0,12.057578437658945
-0.7854257039878169,0.5946200488036583,-0.6621318394197658,-0.6855494270232929,0.0,0.0,0.0,0.0,12.087857641588924
-0.05517915435187134,0.5946200488036583,-0.6668117944590642,0.5074373415174769,0.0,0.0,0.0,0.0,12.04708277568725
-0.4148614174803371,0.5946200488036583,-0.6668117944590642,0.3483724390453742,0.0,0.0,0.0,0.0,12.095705171506136
0.16188582160740198,0.5746657977406455,-0.6621318394197658,0.42790489028142553,0.0,0.0,0.0,0.0,12.19905306582726
0.6708820016767612,0.5746657977406455,-0.6668117944590642,0.03024263410116893,0.0,0.0,0.0,0.0,12.377505973448748
-1.5047902302447485,0.5746657977406455,-0.6714917494983627,0.42790489028142553,0.0,0.0,0.0,0.0,12.141539457711714
0.9377531615630601,0.5746657977406455,-0.6574518843804675,0.42790489028142553,0.0,0.0,0.0,0.0,12.241927122338913
-0.3766697008136055,0.599608611569406,-0.6668117944590642,0.5869697927535281,0.0,0.0,0.0,0.0,12.080515091473
0.21514495526046054,0.599608611569406,-0.6668117944590642,0.5869697927535281,0.0,0.0,0.0,0.0,12.08164822965012
-0.08473849670351968,0.599608611569406,-0.6668117944590642,0.42790489028142553,0.0,0.0,0.0,0.0,12.076538965678628
-0.509294360745338,0.599608611569406,-0.6621318394197658,-1.4013414881477548,0.0,0.0,0.0,0.0,12.067390869565173
-0.8414576609057204,0.5946200488036583,-0.6621318394197658,0.2688399878093229,0.0,0.0,0.0,0.0,11.918397239722838
-0.5456549677088701,0.604597174335161,-0.6574518843804675,-1.0832116832035494,0.0,0.0,0.0,0.0,12.118339189722553
-0.05753343825598479,0.604597174335161,-0.6621318394197658,0.6665022439895795,0.0,0.0,0.0,0.0,11.984808576881369
-0.44536247339363105,0.609585737100916,-0.6621318394197658,0.9846320489337848,0.0,0.0,0.0,0.0,11.946660519211651
-1.03764798624852,0.604597174335161,-0.6668117944590642,0.9846320489337848,0.0,0.0,0.0,0.0,11.937545932118134
-0.03990246768517874,0.5946200488036583,-0.6668117944590642,1.064164500169836,0.0,0.0,0.0,0.0,12.040614105490253
-0.45190215090505753,0.5946200488036583,-0.6714917494983627,-0.446952073315139,0.0,0.0,0.0,0.0,12.110117757946444
-0.9634095671388044,0.5896314860379033,-0.6714917494983627,-0.9241467807314468,0.0,0.0,0.0,0.0,12.085039960478051
-0.06841546163499893,0.599608611569406,-0.6668117944590642,0.3483724390453742,0.0,0.0,0.0,0.0,11.980432229642377
-0.46571394980919073,0.599608611569406,-0.6714917494983627,0.42790489028142553,0.0,0.0,0.0,0.0,12.054092109237121
-0.8151419985997396,0.5946200488036583,-0.6668117944590642,0.7460346952256308,0.0,0.0,0.0,0.0,12.050593583794214
-0.5151015943754848,0.599608611569406,-0.6714917494983627,0.3483724390453742,0.0,0.0,0.0,0.0,12.045909761904733
0.14033104452973977,0.604597174335161,-0.6761717045376644,-1.4013414881477548,0.0,0.0,0.0,0.0,12.080515091473
-0.4802581925946036,0.604597174335161,-0.6808516595769627,0.42790489028142553,0.0,0.0,0.0,0.0,12.147919030759663
-0.3732167510875722,0.599608611569406,-0.6808516595769627,0.3483724390453742,0.0,0.0,0.0,0.0,12.200562492481511
-0.6312985843985135,0.599608611569406,-0.6761717045376644,-0.7650818782593443,0.0,0.0,0.0,0.0,12.128656901032139
-0.43275397515160036,0.5896314860379033,-0.6761717045376644,0.9846320489337848,0.0,0.0,0.0,0.0,12.165255859329688
-0.9309727666821284,0.5896314860379033,-0.6761717045376644,-0.446952073315139,0.0,0.0,0.0,0.0,11.998439434579149
-0.8647389128463994,0.5896314860379033,-0.6714917494983627,-0.7650818782593443,0.0,0.0,0.0,0.0,12.107913912447533
-0.9292986092392032,0.599608611569406,-0.6761717045376644,0.9846320489337848,0.0,0.0,0.0,0.0,12.052927293524847
-0.7527273164306836,0.5946200488036583,-0.6761717045376644,0.6665022439895795,0.0,0.0,0.0,0.0,12.07994804051962
-0.7563372184169911,0.5946200488036583,-0.6714917494983627,0.2688399878093229,0.0,0.0,0.0,0.0,12.141539457711714
-0.0987595652880185,0.5846429232721483,-0.6714917494983627,-1.2422765856756521,0.0,0.0,0.0,0.0,12.263874463452428
-0.13145795284515174,0.5846429232721483,-0.6761717045376644,0.6665022439895795,0.0,0.0,0.0,0.0,12.107913912447533
-0.5408940824805515,0.5846429232721483,-0.6714917494983627,0.10977508533722025,0.0,0.0,0.0,0.0,12.330063042262541
-0.43777644748037614,0.5846429232721483,-0.6761717045376644,0.5074373415174769,0.0,0.0,0.0,0.0,12.161603382806213
0.13949396580827725,0.5796543605064005,-0.6761717045376644,0.8255671464616822,0.0,0.0,0.0,0.0,12.206077645517674
-0.18827467106442652,0.5796543605064005,-0.6714917494983627,0.2688399878093229,0.0,0.0,0.0,0.0,12.288578471082884
-1.0052111857918438,0.5746657977406455,-0.6714917494983627,-0.3674196220790877,0.0,0.0,0.0,0.0,12.308182383129823
0.05385034911863386,0.5796543605064005,-0.6761717045376644,1.064164500169836,0.0,0.0,0.0,0.0,12.174587138384211
-0.2816089485075076,0.5746657977406455,-0.6761717045376644,0.42790489028142553,0.0,0.0,0.0,0.0,12.312686874960354
-0.8572575217733273,0.5746657977406455,-0.6714917494983627,-0.12882226837093372,0.0,0.0,0.0,0.0,12.35320302633692
-0.44687967857628197,0.5696772349748905,-0.6714917494983627,-0.04928981713488239,0.0,0.0,0.0,0.0,12.577984417190766
-0.659079134467054,0.5746657977406455,-0.6761717045376644,0.3483724390453742,0.0,0.0,0.0,0.0,12.349311146362329
-0.3772975098547024,0.5746657977406455,-0.6808516595769627,-0.12882226837093372,0.0,0.0,0.0,0.0,12.32652323122033
-0.10556082989990216,0.5746657977406455,-0.6808516595769627,0.18930753657327157,0.0,0.0,0.0,0.0,12.723380216015363
-0.27041302060794525,0.5746657977406455,-0.6808516595769627,0.10977508533722025,0.0,0.0,0.0,0.0,12.217017531154696
0.017594376995284433,0.5696772349748905,-0.6808516595769627,0.3483724390453742,0.0,0.0,0.0,0.0,12.496878583628968
0.007497114917641752,0.5696772349748905,-0.6808516595769627,0.18930753657327157,0.0,0.0,0.0,0.0,12.550374861980682
0.9616099051247442,0.5746657977406455,-0.6808516595769627,0.9050995976977334,0.0,0.0,0.0,0.0,12.854225075218725
-0.11183892031087175,0.5796543605064005,-0.6761717045376644,1.30276185387799,0.0,0.0,0.0,0.0,12.158462035413251
0.43990059197317205,0.5796543605064005,-0.6808516595769627,1.1436969514058875,0.0,0.0,0.0,0.0,12.379609899729042
-0.4522160554256062,0.5796543605064005,-0.6808516595769627,0.10977508533722025,0.0,0.0,0.0,0.0,12.476866664186996
0.12358947010048753,0.5846429232721483,-0.6761717045376644,0.10977508533722025,0.0,0.0,0.0,0.0,12.286273802188468
-0.14417108592736527,0.5846429232721483,-0.6761717045376644,0.5074373415174769,0.0,0.0,0.0,0.0,12.475339952160343
-0.1596570422744235,0.5846429232721483,-0.6808516595769627,0.2688399878093229,0.0,0.0,0.0,0.0,12.653002741394129
-0.2484920215896431,0.5846429232721483,-0.6855316146162611,-0.12882226837093372,0.0,0.0,0.0,0.0,12.563750586299374
-0.45938354197812964,0.5896314860379033,-0.6761717045376644,-0.28788717084303633,0.0,0.0,0.0,0.0,12.226860081860359
-0.4936514521380053,0.5896314860379033,-0.6808516595769627,1.064164500169836,0.0,0.0,0.0,0.0,12.38923135181669
-0.2744937793750755,0.5896314860379033,-0.6855316146162611,-0.20835471960698504,0.0,0.0,0.0,0.0,12.394628892852941
-0.2540899855394243,0.5896314860379033,-0.6808516595769627,1.2232294026419388,0.0,0.0,0.0,0.0,12.318512543125225
-0.7636093398096975,0.5896314860379033,-0.6761717045376644,0.5869697927535281,0.0,0.0,0.0,0.0,12.169932382913561
-0.8072420681659361,0.5846429232721483,-0.6902115696555629,1.30276185387799,0.0,0.0,0.0,0.0,12.806833118772722
-0.03697269216005945,0.5846429232721483,-0.6902115696555629,0.5074373415174769,0.0,0.0,0.0,0.0,12.860221688165133
0.2211091411508817,0.5846429232721483,-0.6902115696555629,0.42790489028142553,0.0,0.0,0.0,0.0,12.806833118772722
1.304812180924415,0.5796543605064005,-0.6902115696555629,0.2688399878093229,0.0,0.0,0.0,0.0,13.051513783274212
0.4267689195302273,0.5796543605064005,-0.6855316146162611,0.5074373415174769,0.0,0.0,0.0,0.0,12.709574515966183
-0.5955657864760784,0.5946200488036583,-0.6761717045376644,1.064164500169836,0.0,0.0,0.0,0.0,12.109016442313738
-0.4552504657909081,0.5946200488036583,-0.6808516595769627,0.9050995976977334,0.0,0.0,0.0,0.0,12.158986279072735
-0.9058080876181588,0.5946200488036583,-0.6808516595769627,-0.12882226837093372,0.0,0.0,0.0,0.0,12.015523333397592
-0.7309109522525642,0.5946200488036583,-0.6808516595769627,-0.3674196220790877,0.0,0.0,0.0,0.0,12.206077645517674
-0.5521946452202967,0.5946200488036583,-0.6855316146162611,0.3483724390453742,0.0,0.0,0.0,0.0,12.38212878217386
-0.11508260035653949,0.5896314860379033,-0.6855316146162611,0.9050995976977334,0.0,0.0,0.0,0.0,12.312237337751334
-0.47267216668134876,0.599608611569406,-0.6808516595769627,0.5869697927535281,0.0,0.0,0.0,0.0,12.155836686703159
-0.2513694796946709,0.599608611569406,-0.6808516595769627,1.064164500169836,0.0,0.0,0.0,0.0,12.091789104493502
-0.294949890630818,0.5946200488036583,-0.6808516595769627,1.2232294026419388,0.0,0.0,0.0,0.0,12.135655546026104
-0.9886265636228658,0.5946200488036583,-0.6761717045376644,0.10977508533722025,0.0,0.0,0.0,0.0,12.086167985820309
-0.6884815245584283,0.5946200488036583,-0.6808516595769627,0.2688399878093229,0.0,0.0,0.0,0.0,12.067965083912192
-0.8217339935312575,0.604597174335161,-0.6808516595769627,0.18930753657327157,0.0,0.0,0.0,0.0,12.206077645517674
-0.7077866525721596,0.604597174335161,-0.6855316146162611,0.18930753657327157,0.0,0.0,0.0,0.0,12.20357452783082
-0.3226258058591757,0.599608611569406,-0.6855316146162611,1.064164500169836,0.0,0.0,0.0,0.0,12.164213655182222
0.014403014369708231,0.5796543605064005,-0.6808516595769627,0.5074373415174769,0.0,0.0,0.0,0.0,12.528522019787818
-0.0006644026166187388,0.5796543605064005,-0.6855316146162611,-0.12882226837093372,0.0,0.0,0.0,0.0,12.810664530598725
0.2609226978404473,0.5796543605064005,-0.6808516595769627,0.5074373415174769,0.0,0.0,0.0,0.0,12.583484584029573
-0.2256816264297869,0.5696772349748905,-0.6855316146162611,0.2688399878093229,0.0,0.0,0.0,0.0,12.587589946944513
0.8238581380240532,0.5696772349748905,-0.6855316146162611,0.5074373415174769,0.0,0.0,0.0,0.0,12.741983975346884
1.0731506447596375,0.5696772349748905,-0.6855316146162611,0.6665022439895795,0.0,0.0,0.0,0.0,12.727544397630073
0.08288651726936813,0.5696772349748905,-0.6902115696555629,0.42790489028142553,0.0,0.0,0.0,0.0,12.775924437795926
-0.23829012467181762,0.5696772349748905,-0.6902115696555629,0.9846320489337848,0.0,0.0,0.0,0.0,12.746654139497183
0.3624184928177889,0.5696772349748905,-0.6902115696555629,0.9050995976977334,0.0,0.0,0.0,0.0,12.718599820835916
0.6661734338685342,0.5746657977406455,-0.6948915246948613,-0.12882226837093372,0.0,0.0,0.0,0.0,12.807655372286902
1.1821801482301426,0.5746657977406455,-0.6855316146162611,0.18930753657327157,0.0,0.0,0.0,0.0,12.793028409774374
0.013879840168794157,0.5746657977406455,-0.6902115696555629,-0.04928981713488239,0.0,0.0,0.0,0.0,12.815569159219098
0.16282753516904752,0.5796543605064005,-0.6902115696555629,-1.1627441344396008,0.0,0.0,0.0,0.0,12.524530013005734
-0.11100184158940923,0.5746657977406455,-0.6902115696555629,-0.28788717084303633,0.0,0.0,0.0,0.0,12.863854272251563
-0.8428702312481885,0.5846429232721483,-0.6855316146162611,-0.3674196220790877,0.0,0.0,0.0,0.0,12.503213591456063
-0.2729765741924246,0.5846429232721483,-0.6855316146162611,-0.3674196220790877,0.0,0.0,0.0,0.0,12.308182383129823
-0.3510864823889044,0.5896314860379033,-0.6855316146162611,-0.04928981713488239,0.0,0.0,0.0,0.0,12.555323599726982
-0.3575215250601483,0.5896314860379033,-0.6855316146162611,-0.20835471960698504,0.0,0.0,0.0,0.0,12.4882433080258
0.649065637498642,0.5896314860379033,-0.6902115696555629,1.3822943051140413,0.0,0.0,0.0,0.0,12.934348041772452
0.6707773668365785,0.5896314860379033,-0.6902115696555629,0.6665022439895795,0.0,0.0,0.0,0.0,13.005157425203253
-0.5783533552660034,0.5946200488036583,-0.6855316146162611,0.10977508533722025,0.0,0.0,0.0,0.0,12.166817131771358
-0.2922293847860646,0.5946200488036583,-0.6902115696555629,1.3822943051140413,0.0,0.0,0.0,0.0,12.642393449177936
-0.075896852708071,0.5946200488036583,-0.6902115696555629,0.18930753657327157,0.0,0.0,0.0,0.0,12.67420264562853
-0.7801416445585841,0.604597174335161,-0.6855316146162611,1.2232294026419388,0.0,0.0,0.0,0.0,12.176133921127343
-0.7836469117047088,0.599608611569406,-0.6855316146162611,-1.0832116832035494,0.0,0.0,0.0,0.0,12.130276325842603
-0.7667483850151824,0.599608611569406,-0.6855316146162611,1.064164500169836,0.0,0.0,0.0,0.0,12.124868013083418
-0.8374292195586817,0.599608611569406,-0.6855316146162611,-1.4808739393838062,0.0,0.0,0.0,0.0,12.307730815958307
-1.599066221249475,0.599608611569406,-0.6855316146162611,-1.7990037443280114,0.0,0.0,0.0,0.0,12.691583538230217
-0.6033087646496075,0.599608611569406,-0.6902115696555629,-1.7990037443280114,0.0,0.0,0.0,0.0,12.429220196836383
-0.13784067809630415,0.599608611569406,-0.6902115696555629,-1.4808739393838062,0.0,0.0,0.0,0.0,12.323860125621126
-0.12491827533372502,0.599608611569406,-0.6902115696555629,-0.28788717084303633,0.0,0.0,0.0,0.0,12.47801017053037
0.28038477811445317,0.599608611569406,-0.6902115696555629,0.9050995976977334,0.0,0.0,0.0,0.0,12.55072915656616
-0.7286613031886336,0.604597174335161,-0.6902115696555629,1.1436969514058875,0.0,0.0,0.0,0.0,12.521981322562505
0.10470288144748724,0.604597174335161,-0.6902115696555629,0.2688399878093229,0.0,0.0,0.0,0.0,12.691583538230217
-0.19418653953475615,0.599608611569406,-0.6902115696555629,-0.9241467807314468,0.0,0.0,0.0,0.0,12.356219606876625
-0.4005787617953814,0.599608611569406,-0.6902115696555629,-1.4013414881477548,0.0,0.0,0.0,0.0,12.252006352956359
0.6623542622018607,0.604597174335161,-0.6902115696555629,1.30276185387799,0.0,0.0,0.0,0.0,12.685101053675606
0.25004067446143313,0.604597174335161,-0.6902115696555629,1.064164500169836,0.0,0.0,0.0,0.0,12.94299984135011
0.1455104691187897,0.609585737100916,-0.6948915246948613,0.5074373415174769,0.0,0.0,0.0,0.0,13.122367377396328
-0.5772023720239922,0.5696772349748905,-0.6714917494983627,-0.6855494270232929,0.0,0.0,0.0,0.0,11.852969885168331
0.13012914761191427,0.5696772349748905,-0.6668117944590642,-0.20835471960698504,0.0,0.0,0.0,0.0,12.330504638906516
-0.49930173350787804,0.5646886722091427,-0.6714917494983627,-0.04928981713488239,0.0,0.0,0.0,0.0,12.39380039582335
-0.3303687840327047,0.5646886722091427,-0.6668117944590642,-0.6855494270232929,0.0,0.0,0.0,0.0,12.306827069415759
-0.8828407401980282,0.5597001094433878,-0.6668117944590642,0.10977508533722025,0.0,0.0,0.0,0.0,12.183832149044223
-0.4747648634850053,0.5597001094433878,-0.6714917494983627,-0.7650818782593443,0.0,0.0,0.0,0.0,12.216522851424992
-0.18351378583610786,0.5547115466776399,-0.6714917494983627,-1.2422765856756521,0.0,0.0,0.0,0.0,12.219487265827034
-0.19685472795941827,0.5547115466776399,-0.6668117944590642,-1.71947129309196,0.0,0.0,0.0,0.0,12.138334343884129
-0.4723059447407088,0.5497229839118849,-0.6668117944590642,0.42790489028142553,0.0,0.0,0.0,0.0,12.301387370778713
-0.5094513130056123,0.5497229839118849,-0.6714917494983627,-0.6855494270232929,0.0,0.0,0.0,0.0,12.341918233338216
-0.25628731718326364,0.54473442114613,-0.6668117944590642,-0.28788717084303633,0.0,0.0,0.0,0.0,12.192992471824816
-0.5121195014302742,0.54473442114613,-0.6714917494983627,-0.20835471960698504,0.0,0.0,0.0,0.0,12.15425816271595
-0.8783414420701667,0.54473442114613,-0.6621318394197658,-0.5264845245511903,0.0,0.0,0.0,0.0,11.448930795918299
-1.3182786276188603,0.5397458583803821,-0.6668117944590642,-0.28788717084303633,0.0,0.0,0.0,0.0,12.323860125621126
-0.37122868912409845,0.5397458583803821,-0.6761717045376644,-0.446952073315139,0.0,0.0,0.0,0.0,12.216027926866138
0.6987148691653932,0.5397458583803821,-0.6714917494983627,0.5074373415174769,0.0,0.0,0.0,0.0,12.282111965715732
0.020262565419946563,0.5347572956146271,-0.6714917494983627,0.42790489028142553,0.0,0.0,0.0,0.0,12.290877840689351
-0.7527273164306836,0.54473442114613,-0.6714917494983627,-1.3218090369117035,0.0,0.0,0.0,0.0,12.450590137999692
-0.6176437377546546,0.54473442114613,-0.6714917494983627,-0.446952073315139,0.0,0.0,0.0,0.0,12.16369214550422
-0.5292796152202579,0.54473442114613,-0.6761717045376644,-0.6855494270232929,0.0,0.0,0.0,0.0,12.306374889675654
0.00367794325096866,0.54473442114613,-0.6761717045376644,0.5869697927535281,0.0,0.0,0.0,0.0,12.256770512686108
-0.609220633119937,0.5497229839118849,-0.6714917494983627,-0.28788717084303633,0.0,0.0,0.0,0.0,12.548601503733918
0.008229558798921456,0.5497229839118849,-0.6761717045376644,0.3483724390453742,0.0,0.0,0.0,0.0,12.587589946944513
-0.6906265387821761,0.5597001094433878,-0.6714917494983627,-0.12882226837093372,0.0,0.0,0.0,0.0,12.157412722878947
-0.6759776611565804,0.5597001094433878,-0.6714917494983627,-0.8446143294953956,0.0,0.0,0.0,0.0,12.349311146362329
-0.4117223722748522,0.5547115466776399,-0.6714917494983627,-0.5264845245511903,0.0,0.0,0.0,0.0,12.233692676364548
-0.737450629763991,0.5597001094433878,-0.6761717045376644,0.6665022439895795,0.0,0.0,0.0,0.0,12.166296978418426
-0.602994860129059,0.5547115466776399,-0.6761717045376644,-0.6855494270232929,0.0,0.0,0.0,0.0,12.360941638737165
1.170827268070306,0.5547115466776399,-0.6761717045376644,0.5074373415174769,0.0,0.0,0.0,0.0,12.454107814022272
-0.3999509527542843,0.5696772349748905,-0.6714917494983627,0.03024263410116893,0.0,0.0,0.0,0.0,12.380450232382136
-0.5957750561564441,0.5646886722091427,-0.6714917494983627,0.5869697927535281,0.0,0.0,0.0,0.0,12.366919427768636
-0.709722397115542,0.5646886722091427,-0.6714917494983627,0.5074373415174769,0.0,0.0,0.0,0.0,12.32652323122033
-0.4919249772749888,0.5646886722091427,-0.6714917494983627,-0.9241467807314468,0.0,0.0,0.0,0.0,12.356649805075568
0.13012914761191427,0.5696772349748905,-0.6761717045376644,-0.12882226837093372,0.0,0.0,0.0,0.0,12.411056299528171
0.5879065734117799,0.5646886722091427,-0.6761717045376644,0.6665022439895795,0.0,0.0,0.0,0.0,12.403286919899765
-0.6306184579373252,0.5646886722091427,-0.6761717045376644,-0.7650818782593443,0.0,0.0,0.0,0.0,12.280720828886404
-0.7418452930516697,0.5646886722091427,-0.6761717045376644,0.03024263410116893,0.0,0.0,0.0,0.0,12.201567512641383
-0.6486679678688627,0.5696772349748905,-0.6808516595769627,-0.5264845245511903,0.0,0.0,0.0,0.0,12.510246724155719
-0.8599257101979891,0.5646886722091427,-0.6808516595769627,0.5869697927535281,0.0,0.0,0.0,0.0,12.30592250537653
-0.5154678163161247,0.5646886722091427,-0.6761717045376644,-1.4013414881477548,0.0,0.0,0.0,0.0,12.090106084085123
-0.8781844898098924,0.5646886722091427,-0.6808516595769627,-0.9241467807314468,0.0,0.0,0.0,0.0,11.946012225174645
-0.8631693902436569,0.5597001094433878,-0.6761717045376644,-1.4013414881477548,0.0,0.0,0.0,0.0,12.107913912447533
-0.971571084673065,0.5597001094433878,-0.6808516595769627,-0.5264845245511903,0.0,0.0,0.0,0.0,11.972253562968545
-0.41255945099631497,0.5547115466776399,-0.6808516595769627,-0.12882226837093372,0.0,0.0,0.0,0.0,12.067965083912192
0.6365094566767028,0.5497229839118849,-0.6761717045376644,0.9846320489337848,0.0,0.0,0.0,0.0,12.323860125621126
-0.08327360894096027,0.5597001094433878,-0.6808516595769627,0.8255671464616822,0.0,0.0,0.0,0.0,12.3406079091076
-0.0987595652880185,0.5597001094433878,-0.6808516595769627,0.42790489028142553,0.0,0.0,0.0,0.0,12.414715569074824
-0.2186710921375376,0.5547115466776399,-0.6808516595769627,0.5074373415174769,0.0,0.0,0.0,0.0,12.441938918691436
-0.8528628584856484,0.5646886722091427,-0.6808516595769627,0.5074373415174769,0.0,0.0,0.0,0.0,12.278397958261774
-0.03566475665777415,0.5646886722091427,-0.6855316146162611,-0.28788717084303633,0.0,0.0,0.0,0.0,12.566195139831894
-0.14354327688626817,0.5597001094433878,-0.6808516595769627,0.3483724390453742,0.0,0.0,0.0,0.0,12.323860125621126
0.2609226978404473,0.5646886722091427,-0.6808516595769627,0.3483724390453742,0.0,0.0,0.0,0.0,12.564100174313463
-0.6164927545126435,0.5696772349748905,-0.6855316146162611,0.3483724390453742,0.0,0.0,0.0,0.0,12.491255347155265
0.29827733578571614,0.5696772349748905,-0.6855316146162611,0.42790489028142553,0.0,0.0,0.0,0.0,12.774509413971375
3.8364521391479003,0.5696772349748905,-0.6855316146162611,1.064164500169836,0.0,0.0,0.0,0.0,13.122367377396328
-0.3138887967039096,0.5646886722091427,-0.6855316146162611,0.03024263410116893,0.0,0.0,0.0,0.0,12.54040330489666
0.08953082962097746,0.5696772349748905,-0.6902115696555629,0.42790489028142553,0.0,0.0,0.0,0.0,12.847139379874577
0.12845499016898923,0.5646886722091427,-0.6902115696555629,0.5074373415174769,0.0,0.0,0.0,0.0,12.7022951610422
0.08518848375339053,0.5646886722091427,-0.6902115696555629,0.3483724390453742,0.0,0.0,0.0,0.0,12.729323752253295
-0.0867265586669934,0.5597001094433878,-0.6902115696555629,-0.5264845245511903,0.0,0.0,0.0,0.0,12.515764466616417
-0.3336124640783724,0.5597001094433878,-0.6855316146162611,-0.6060169757872417,0.0,0.0,0.0,0.0,12.532858837800037
0.2391063336623282,0.5597001094433878,-0.6855316146162611,0.3483724390453742,0.0,0.0,0.0,0.0,12.473428278520133
0.16282753516904752,0.5547115466776399,-0.6855316146162611,-0.3674196220790877,0.0,0.0,0.0,0.0,12.64207019177495
-0.3811166815213755,0.5547115466776399,-0.6855316146162611,-0.5264845245511903,0.0,0.0,0.0,0.0,12.519791548657462
0.3132401179318603,0.5597001094433878,-0.6902115696555629,0.3483724390453742,0.0,0.0,0.0,0.0,12.659695972140415
0.29613232156196856,0.5547115466776399,-0.6902115696555629,-0.04928981713488239,0.0,0.0,0.0,0.0,12.543976000470021
0.2655789482285829,0.5547115466776399,-0.6902115696555629,-0.20835471960698504,0.0,0.0,0.0,0.0,12.608536587975873
-0.5238386035307508,0.5148030445516144,-0.6668117944590642,-0.5264845245511903,0.0,0.0,0.0,0.0,12.333150131430498
0.05876818660722662,0.5148030445516144,-0.6668117944590642,0.2688399878093229,0.0,0.0,0.0,0.0,12.202069644200355
0.41688092713294994,0.5148030445516144,-0.6621318394197658,0.5074373415174769,0.0,0.0,0.0,0.0,12.319852122072682
0.13373904959822175,0.5148030445516144,-0.6761717045376644,0.3483724390453742,0.0,0.0,0.0,0.0,12.224408511383015
0.2458552808541201,0.5297687328488723,-0.6621318394197658,0.5869697927535281,0.0,0.0,0.0,0.0,12.310887512348744
0.5692292544391452,0.5347572956146271,-0.6668117944590642,0.5869697927535281,0.0,0.0,0.0,0.0,12.37201495855807
0.8848079324305498,0.5347572956146271,-0.6668117944590642,0.5869697927535281,0.0,0.0,0.0,0.0,12.282575248266141
0.161519599666762,0.5297687328488723,-0.6621318394197658,0.5869697927535281,0.0,0.0,0.0,0.0,12.251050791276203
0.4309543131375403,0.5297687328488723,-0.6668117944590642,0.5869697927535281,0.0,0.0,0.0,0.0,12.317618492524995
0.5170687866080065,0.5297687328488723,-0.6621318394197658,0.5869697927535281,0.0,0.0,0.0,0.0,12.269990661694345
0.6026600858775584,0.5247801700831244,-0.6621318394197658,0.5074373415174769,0.0,0.0,0.0,0.0,12.182809136284991
0.8604280146679513,0.5247801700831244,-0.6621318394197658,0.5074373415174769,0.0,0.0,0.0,0.0,12.222442918443495
0.6540881098274176,0.5247801700831244,-0.6668117944590642,0.42790489028142553,0.0,0.0,0.0,0.0,12.259618151783465
0.410393567041615,0.5197916073173694,-0.6621318394197658,0.03024263410116893,0.0,0.0,0.0,0.0,12.20507715018907
-0.4904077720923378,0.5197916073173694,-0.6668117944590642,-0.8446143294953956,0.0,0.0,0.0,0.0,12.269990661694345
0.6205003261287301,0.5098144817858666,-0.6668117944590642,0.5074373415174769,0.0,0.0,0.0,0.0,12.414715569074824
-0.17943302706897762,0.5048259190201116,-0.6668117944590642,0.5869697927535281,0.0,0.0,0.0,0.0,12.189948344888194
0.2318342122696215,0.5048259190201116,-0.6621318394197658,0.42790489028142553,0.0,0.0,0.0,0.0,12.190964083849375
-0.02698006492259959,0.5098144817858666,-0.6668117944590642,0.3483724390453742,0.0,0.0,0.0,0.0,12.248657884620656
-0.07584453528797948,0.5048259190201116,-0.6668117944590642,-1.2422765856756521,0.0,0.0,0.0,0.0,12.153731433847984
0.2515578796440843,0.5247801700831244,-0.6714917494983627,0.5074373415174769,0.0,0.0,0.0,0.0,12.20507715018907
-0.3407276332108045,0.5197916073173694,-0.6714917494983627,0.3483724390453742,0.0,0.0,0.0,0.0,12.232232473915767
0.33285915046614056,0.5347572956146271,-0.6668117944590642,0.5074373415174769,0.0,0.0,0.0,0.0,12.20757651415268
0.15921763318274007,0.5297687328488723,-0.6714917494983627,0.5074373415174769,0.0,0.0,0.0,0.0,12.250094315624496
0.11307366866211337,0.5297687328488723,-0.6714917494983627,0.6665022439895795,0.0,0.0,0.0,0.0,12.14632794896594
0.1873644051919203,0.5297687328488723,-0.6714917494983627,0.3483724390453742,0.0,0.0,0.0,0.0,12.47801017053037
-0.08965633419211268,0.5297687328488723,-0.6714917494983627,0.42790489028142553,0.0,0.0,0.0,0.0,12.334909912967877
0.7463237214485793,0.5297687328488723,-0.6761717045376644,0.5074373415174769,0.0,0.0,0.0,0.0,12.342354626814949
0.2146217810595467,0.5297687328488723,-0.6761717045376644,0.7460346952256308,0.0,0.0,0.0,0.0,12.306374889675654
0.6295512398045449,0.5347572956146271,-0.6761717045376644,0.5074373415174769,0.0,0.0,0.0,0.0,12.338420212709783
0.06473237249764777,0.5347572956146271,-0.6761717045376644,-0.20835471960698504,0.0,0.0,0.0,0.0,12.3225259085418
-0.6448487962021896,0.5247801700831244,-0.6714917494983627,-0.7650818782593443,0.0,0.0,0.0,0.0,12.180759965737863
0.5409255301696906,0.5247801700831244,-0.6714917494983627,0.6665022439895795,0.0,0.0,0.0,0.0,12.241444615610645
-0.5264021571152301,0.5197916073173694,-0.6714917494983627,-0.20835471960698504,0.0,0.0,0.0,0.0,12.160557363077048
-0.09719004268527605,0.5098144817858666,-0.6714917494983627,-0.6060169757872417,0.0,0.0,0.0,0.0,12.099605962739451
-0.4005787617953814,0.5098144817858666,-0.6761717045376644,-0.8446143294953956,0.0,0.0,0.0,0.0,12.04708277568725
-0.180479375470806,0.5098144817858666,-0.6714917494983627,0.18930753657327157,0.0,0.0,0.0,0.0,12.263402433573614
-0.48402504684118547,0.5247801700831244,-0.6761717045376644,1.064164500169836,0.0,0.0,0.0,0.0,12.225389860915405
-0.012906678918009475,0.5247801700831244,-0.6761717045376644,0.6665022439895795,0.0,0.0,0.0,0.0,12.239995696974733
0.4987053721559205,0.5247801700831244,-0.6761717045376644,0.6665022439895795,0.0,0.0,0.0,0.0,12.26481785529885
-0.6546321537592839,0.5197916073173694,-0.6761717045376644,0.2688399878093229,0.0,0.0,0.0,0.0,12.166817131771358
0.17684860375354614,0.5247801700831244,-0.6808516595769627,0.42790489028142553,0.0,0.0,0.0,0.0,12.41064888623027
0.17370955854806167,0.5197916073173694,-0.6808516595769627,-0.20835471960698504,0.0,0.0,0.0,0.0,12.389647583180738
0.1562878576576208,0.5048259190201116,-0.6714917494983627,0.5869697927535281,0.0,0.0,0.0,0.0,12.159510248044802
0.825846199987527,0.5048259190201116,-0.6761717045376644,0.5074373415174769,0.0,0.0,0.0,0.0,12.21305322449757
0.0445901657624537,0.5048259190201116,-0.6761717045376644,0.42790489028142553,0.0,0.0,0.0,0.0,12.120520203776788
0.29126680149346684,0.5048259190201116,-0.6761717045376644,0.42790489028142553,0.0,0.0,0.0,0.0,12.36777048802826
0.4970835321330863,0.5048259190201116,-0.6808516595769627,0.5869697927535281,0.0,0.0,0.0,0.0,12.433212202169729
-0.6813663554259959,0.5148030445516144,-0.6761717045376644,-0.5264845245511903,0.0,0.0,0.0,0.0,12.385059481651881
0.04547956190400774,0.5148030445516144,-0.6808516595769627,-0.28788717084303633,0.0,0.0,0.0,0.0,12.389647583180738
0.41787495811468683,0.5098144817858666,-0.6761717045376644,0.5869697927535281,0.0,0.0,0.0,0.0,12.312686874960354
0.25590022551167174,0.5098144817858666,-0.6761717045376644,0.18930753657327157,0.0,0.0,0.0,0.0,12.318512543125225
-0.45980208133886113,0.4898602307228539,-0.6668117944590642,-0.20835471960698504,0.0,0.0,0.0,0.0,12.094028734547074
0.7003367091882269,0.4898602307228539,-0.6714917494983627,-0.8446143294953956,0.0,0.0,0.0,0.0,12.215532757235666
0.5957541864254916,0.49484879348860883,-0.6714917494983627,0.6665022439895795,0.0,0.0,0.0,0.0,12.305469916333227
-0.050470586543644204,0.49983735625436376,-0.6621318394197658,-0.12882226837093372,0.0,0.0,0.0,0.0,12.462267920852137
1.0481952353760333,0.49983735625436376,-0.6668117944590642,-0.446952073315139,0.0,0.0,0.0,0.0,12.508031074119511
0.1358317464018785,0.49983735625436376,-0.6621318394197658,-0.9241467807314468,0.0,0.0,0.0,0.0,12.449806748940393
0.08110772498626004,0.49484879348860883,-0.6668117944590642,-1.2422765856756521,0.0,0.0,0.0,0.0,12.60920503496451
0.9198606038917967,0.49484879348860883,-0.6621318394197658,0.5074373415174769,0.0,0.0,0.0,0.0,12.337982098521458
0.6120772214940127,0.4898602307228539,-0.6668117944590642,0.42790489028142553,0.0,0.0,0.0,0.0,12.33578864378571
0.5006934341193943,0.4898602307228539,-0.6668117944590642,0.42790489028142553,0.0,0.0,0.0,0.0,12.325636317135203
-0.5610362892157456,0.484871667957106,-0.6668117944590642,-0.6060169757872417,0.0,0.0,0.0,0.0,12.334909912967877
0.9231042839374641,0.4798831051913511,-0.6668117944590642,0.42790489028142553,0.0,0.0,0.0,0.0,12.435202244657168
0.9204360955128023,0.47489454242559614,-0.6621318394197658,0.3483724390453742,0.0,0.0,0.0,0.0,12.39380039582335
1.1672696835040899,0.47489454242559614,-0.6668117944590642,-0.20835471960698504,0.0,0.0,0.0,0.0,12.463041612288443
-0.27355206581342995,0.4798831051913511,-0.6668117944590642,0.9846320489337848,0.0,0.0,0.0,0.0,12.103491596905931
-0.1290513515209468,0.4798831051913511,-0.6714917494983627,-1.0036792319674983,0.0,0.0,0.0,0.0,11.98854454800156
0.8247475341656075,0.4798831051913511,-0.6668117944590642,0.3483724390453742,0.0,0.0,0.0,0.0,12.333150131430498
0.8865867247136578,0.46990597965984826,-0.6668117944590642,0.18930753657327157,0.0,0.0,0.0,0.0,12.408200914579284
2.3896138865198675,0.4649174168940933,-0.6621318394197658,-1.0036792319674983,0.0,0.0,0.0,0.0,12.873904582205107
3.018835497959294,0.45992885412833834,-0.6668117944590642,-1.8785361955640627,0.0,0.0,0.0,0.0,13.122367377396328
1.5936043398290158,0.45992885412833834,-0.6714917494983627,-0.446952073315139,0.0,0.0,0.0,0.0,12.731986861792581
0.5892145089140653,0.47489454242559614,-0.6714917494983627,0.2688399878093229,0.0,0.0,0.0,0.0,12.366919427768636
1.5183718897375638,0.46990597965984826,-0.6714917494983627,-0.7650818782593443,0.0,0.0,0.0,0.0,12.72516698901374
-0.678331945060694,0.4898602307228539,-0.6668117944590642,-0.9241467807314468,0.0,0.0,0.0,0.0,12.119975396053194
-0.5871426818413608,0.4898602307228539,-0.6714917494983627,-0.6060169757872417,0.0,0.0,0.0,0.0,12.099605962739451
-0.33826871446650825,0.484871667957106,-0.6714917494983627,-1.4808739393838062,0.0,0.0,0.0,0.0,11.918397239722838
-0.6593930389876025,0.484871667957106,-0.6668117944590642,-0.7650818782593443,0.0,0.0,0.0,0.0,12.11341444611523
0.6131758873159325,0.5048259190201116,-0.6714917494983627,0.5074373415174769,0.0,0.0,0.0,0.0,12.30592250537653
0.12651924562560682,0.49983735625436376,-0.6668117944590642,0.5869697927535281,0.0,0.0,0.0,0.0,12.15688765342645
-0.36332875869029513,0.49983735625436376,-0.6714917494983627,-0.8446143294953956,0.0,0.0,0.0,0.0,12.245298166364206
-0.19685472795941827,0.49484879348860883,-0.6714917494983627,-0.6060169757872417,0.0,0.0,0.0,0.0,12.318065617740915
0.12285702621920806,0.5048259190201116,-0.6761717045376644,0.5869697927535281,0.0,0.0,0.0,0.0,12.281184756225146
0.35603576756663646,0.49983735625436376,-0.6714917494983627,0.5869697927535281,0.0,0.0,0.0,0.0,12.213549623135716
0.7045744202156312,0.49983735625436376,-0.6714917494983627,0.3483724390453742,0.0,0.0,0.0,0.0,12.251050791276203
0.6644469590055174,0.49484879348860883,-0.6714917494983627,0.5074373415174769,0.0,0.0,0.0,0.0,12.302296044586472
0.18663196131064036,0.49484879348860883,-0.6714917494983627,0.5074373415174769,0.0,0.0,0.0,0.0,12.307279044781756
0.4898114107403801,0.5048259190201116,-0.6761717045376644,0.42790489028142553,0.0,0.0,0.0,0.0,12.493883459694384
0.003991847771517104,0.49484879348860883,-0.6761717045376644,0.5074373415174769,0.0,0.0,0.0,0.0,12.323415584358154
-0.294949890630818,0.49484879348860883,-0.6761717045376644,-0.12882226837093372,0.0,0.0,0.0,0.0,12.314034275355535
-0.536917958553604,0.49484879348860883,-0.6761717045376644,-1.0832116832035494,0.0,0.0,0.0,0.0,12.141539457711714
0.9101295637547937,0.49484879348860883,-0.6808516595769627,-0.04928981713488239,0.0,0.0,0.0,0.0,12.738173341424954
0.6040726562200265,0.47489454242559614,-0.6714917494983627,0.03024263410116893,0.0,0.0,0.0,0.0,12.408200914579284
1.3226524211755868,0.47489454242559614,-0.6808516595769627,-0.28788717084303633,0.0,0.0,0.0,0.0,12.716201026278735
0.8547777332980788,0.47489454242559614,-0.6761717045376644,0.5074373415174769,0.0,0.0,0.0,0.0,12.496504683358769
0.1251066752831387,0.4798831051913511,-0.6761717045376644,-0.04928981713488239,0.0,0.0,0.0,0.0,12.414715569074824
0.22822431028331405,0.4798831051913511,-0.6761717045376644,0.42790489028142553,0.0,0.0,0.0,0.0,12.255343646460032
-0.5467536335307899,0.484871667957106,-0.6761717045376644,-1.0036792319674983,0.0,0.0,0.0,0.0,12.273268570141383
0.6678999087315506,0.46990597965984826,-0.6761717045376644,0.2688399878093229,0.0,0.0,0.0,0.0,12.466901115884776
1.4610319973173747,0.46990597965984826,-0.6808516595769627,0.2688399878093229,0.0,0.0,0.0,0.0,12.978495316450783
1.1159986118145049,0.4649174168940933,-0.6761717045376644,0.10977508533722025,0.0,0.0,0.0,0.0,12.411463546908074
0.9103388334351593,0.4649174168940933,-0.6761717045376644,0.3483724390453742,0.0,0.0,0.0,0.0,12.422799654798252
0.6737594597817891,0.4649174168940933,-0.6808516595769627,0.3483724390453742,0.0,0.0,0.0,0.0,12.481432864791325
0.2827390620185664,0.4649174168940933,-0.6761717045376644,-0.04928981713488239,0.0,0.0,0.0,0.0,12.418361497172986
0.5486685083432198,0.45992885412833834,-0.6808516595769627,-0.12882226837093372,0.0,0.0,0.0,0.0,12.389647583180738
0.6933784923160689,0.45992885412833834,-0.6761717045376644,-0.12882226837093372,0.0,0.0,0.0,0.0,12.400820837540556
1.970132812226917,0.4549402913625905,-0.6761717045376644,-0.446952073315139,0.0,0.0,0.0,0.0,12.834417270098413
0.8912429751017934,0.46990597965984826,-0.6855316146162611,0.3483724390453742,0.0,0.0,0.0,0.0,12.731395672272523
2.044737453277272,0.4649174168940933,-0.6855316146162611,-0.20835471960698504,0.0,0.0,0.0,0.0,12.921472880009725
1.3885723704907678,0.49983735625436376,-0.6808516595769627,0.5869697927535281,0.0,0.0,0.0,0.0,12.994077630861014
1.1596313401707437,0.49983735625436376,-0.6855316146162611,0.5074373415174769,0.0,0.0,0.0,0.0,12.698635515785552
1.2190639293945889,0.49484879348860883,-0.6855316146162611,0.03024263410116893,0.0,0.0,0.0,0.0,12.721590244743798
0.16983806946129681,0.4898602307228539,-0.6808516595769627,-1.71947129309196,0.0,0.0,0.0,0.0,12.510984184596735
0.0029454993696887235,0.4798831051913511,-0.6855316146162611,-0.7650818782593443,0.0,0.0,0.0,0.0,12.70351207261035
-0.4373055906995534,0.47489454242559614,-0.6855316146162611,0.2688399878093229,0.0,0.0,0.0,0.0,12.47915237076039
1.5548371315412788,0.47489454242559614,-0.6855316146162611,0.42790489028142553,0.0,0.0,0.0,0.0,12.638831857462883
1.528416834395115,0.46990597965984826,-0.6808516595769627,0.3483724390453742,0.0,0.0,0.0,0.0,12.873135057399978
1.891552047249614,0.45992885412833834,-0.6808516595769627,-0.20835471960698504,0.0,0.0,0.0,0.0,12.814753389808173
2.362094923551784,0.4549402913625905,-0.6808516595769627,-0.28788717084303633,0.0,0.0,0.0,0.0,12.945628585536271
0.06473237249764777,0.4798831051913511,-0.6855316146162611,0.18930753657327157,0.0,0.0,0.0,0.0,12.537176929007302
0.5409255301696906,0.4798831051913511,-0.6948915246948613,0.2688399878093229,0.0,0.0,0.0,0.0,12.673262946075276
1.1211257189834631,0.46990597965984826,-0.6902115696555629,0.3483724390453742,0.0,0.0,0.0,0.0,12.759098194034383
1.8733455850578022,0.46990597965984826,-0.6902115696555629,0.10977508533722025,0.0,0.0,0.0,0.0,12.880803787035994
2.147698136017173,0.47489454242559614,-0.6948915246948613,-0.20835471960698504,0.0,0.0,0.0,0.0,12.923670946108873
-0.36034666574508456,0.49983735625436376,-0.6855316146162611,0.18930753657327157,0.0,0.0,0.0,0.0,13.122367377396328
0.9189188903301511,0.49484879348860883,-0.6855316146162611,-0.8446143294953956,0.0,0.0,0.0,0.0,13.122367377396328
0.8414891085948597,0.4898602307228539,-0.6855316146162611,0.5869697927535281,0.0,0.0,0.0,0.0,12.598118111678868
0.15137002016902826,0.484871667957106,-0.6902115696555629,0.6665022439895795,0.0,0.0,0.0,0.0,12.65428110117717
1.152620805878494,0.484871667957106,-0.6902115696555629,0.2688399878093229,0.0,0.0,0.0,0.0,12.732282325539853
3.685150160243533,0.49983735625436376,-0.6948915246948613,-0.5264845245511903,0.0,0.0,0.0,0.0,13.122367377396328
2.376953070857746,0.49484879348860883,-0.6948915246948613,-0.6060169757872417,0.0,0.0,0.0,0.0,13.018559427447078
1.5136110045092452,0.4898602307228539,-0.6948915246948613,0.03024263410116893,0.0,0.0,0.0,0.0,12.820449849816926
1.1843251624538902,0.484871667957106,-0.6948915246948613,-0.04928981713488239,0.0,0.0,0.0,0.0,12.799125972742269
0.5347520745989038,0.5397458583803821,-0.6808516595769627,0.18930753657327157,0.0,0.0,0.0,0.0,12.649799673963308
0.4851551603522445,0.5297687328488723,-0.6808516595769627,0.6665022439895795,0.0,0.0,0.0,0.0,12.595750454113006
-0.3598234915441705,0.5297687328488723,-0.6855316146162611,0.18930753657327157,0.0,0.0,0.0,0.0,12.296831574998258
-0.10529924279944525,0.5247801700831244,-0.6808516595769627,1.1436969514058875,0.0,0.0,0.0,0.0,12.269521510708264
-0.11659980553919042,0.5247801700831244,-0.6808516595769627,1.3822943051140413,0.0,0.0,0.0,0.0,12.283038316285214
-0.35783542958069675,0.5247801700831244,-0.6808516595769627,1.064164500169836,0.0,0.0,0.0,0.0,12.309535862454515
-0.01112788663490139,0.5197916073173694,-0.6855316146162611,-0.8446143294953956,0.0,0.0,0.0,0.0,12.40410759774362
1.1777331675223721,0.5148030445516144,-0.6855316146162611,-1.4013414881477548,0.0,0.0,0.0,0.0,12.663184152343888
0.619558612567085,0.5098144817858666,-0.6808516595769627,0.2688399878093229,0.0,0.0,0.0,0.0,12.647551406590285
0.8017801867454771,0.5048259190201116,-0.6808516595769627,0.8255671464616822,0.0,0.0,0.0,0.0,13.03309709639206
-0.40910650127028164,0.5148030445516144,-0.6808516595769627,-0.9241467807314468,0.0,0.0,0.0,0.0,12.069685751267224
-0.3597188567039876,0.5197916073173694,-0.6808516595769627,-1.0036792319674983,0.0,0.0,0.0,0.0,12.15109361980364
0.940421349987722,0.5148030445516144,-0.6855316146162611,0.42790489028142553,0.0,0.0,0.0,0.0,13.002680788738946
-0.5354530707910446,0.5148030445516144,-0.6855316146162611,-0.28788717084303633,0.0,0.0,0.0,0.0,12.959846800844963
2.0733027646471838,0.5098144817858666,-0.6855316146162611,0.5869697927535281,0.0,0.0,0.0,0.0,13.122367377396328
1.7034186046008923,0.5048259190201116,-0.6855316146162611,0.5074373415174769,0.0,0.0,0.0,0.0,13.122367377396328
-0.34575010553958035,0.5247801700831244,-0.6855316146162611,-0.6855494270232929,0.0,0.0,0.0,0.0,12.466901115884776
0.6768461875671823,0.5247801700831244,-0.6902115696555629,0.8255671464616822,0.0,0.0,0.0,0.0,12.72308210988141
-0.13716055163511576,0.5197916073173694,-0.6902115696555629,0.2688399878093229,0.0,0.0,0.0,0.0,12.579706471268628
0.8290375626131031,0.5297687328488723,-0.6902115696555629,-0.446952073315139,0.0,0.0,0.0,0.0,13.122367377396328
2.5326497130497914,0.54473442114613,-0.6902115696555629,0.2688399878093229,0.0,0.0,0.0,0.0,13.122367377396328
1.7069761891671085,0.5347572956146271,-0.6902115696555629,0.42790489028142553,0.0,0.0,0.0,0.0,12.95749109270188
4.992824075428406,0.5347572956146271,-0.6948915246948613,0.3483724390453742,0.0,0.0,0.0,0.0,13.122367377396328
0.13949396580827725,0.5347572956146271,-0.6855316146162611,0.6665022439895795,0.0,0.0,0.0,0.0,12.62346961830583
3.5593267649236844,0.5397458583803821,-0.6995714797341596,-0.04928981713488239,0.0,0.0,0.0,0.0,13.122367377396328
3.882805373348892,0.5397458583803821,-0.704251434773458,-0.3674196220790877,0.0,0.0,0.0,0.0,13.122367377396328
4.714652352802362,0.5297687328488723,-0.6995714797341596,-0.04928981713488239,0.0,0.0,0.0,0.0,13.122367377396328
2.7951262096484113,0.5197916073173694,-0.6995714797341596,-0.04928981713488239,0.0,0.0,0.0,0.0,13.122367377396328
3.3236891048319595,0.5148030445516144,-0.6948915246948613,-0.20835471960698504,0.0,0.0,0.0,0.0,13.122367377396328
-0.34119848999162733,0.5696772349748905,-0.6948915246948613,-0.04928981713488239,0.0,0.0,0.0,0.0,12.597442209915732
1.9858280382543405,0.5696772349748905,-0.6948915246948613,1.064164500169836,0.0,0.0,0.0,0.0,13.055370647157746
-0.08568021026516524,0.5696772349748905,-0.6948915246948613,-0.20835471960698504,0.0,0.0,0.0,0.0,13.011210563172012
-0.5396384643983575,0.5696772349748905,-0.6948915246948613,0.18930753657327157,0.0,0.0,0.0,0.0,12.79552736290336
-0.24132453503711948,0.5646886722091427,-0.6948915246948613,0.03024263410116893,0.0,0.0,0.0,0.0,12.854486546624395
3.2324998416126256,0.5646886722091427,-0.6948915246948613,1.2232294026419388,0.0,0.0,0.0,0.0,13.122367377396328
0.39825592558040707,0.5646886722091427,-0.6948915246948613,-1.0832116832035494,0.0,0.0,0.0,0.0,12.791358964949923
-0.311272925699339,0.5646886722091427,-0.6948915246948613,0.6665022439895795,0.0,0.0,0.0,0.0,12.617191739692538
-0.49234351663572,0.5646886722091427,-0.6948915246948613,0.7460346952256308,0.0,0.0,0.0,0.0,12.626429650198945
-0.1355910290323733,0.5597001094433878,-0.6902115696555629,-0.5264845245511903,0.0,0.0,0.0,0.0,12.670752754955478
0.3606397005346808,0.5597001094433878,-0.6948915246948613,-0.6855494270232929,0.0,0.0,0.0,0.0,13.078204571917377
-0.21265458882702493,0.5547115466776399,-0.6902115696555629,0.7460346952256308,0.0,0.0,0.0,0.0,12.48899716877066
-0.02561981200022276,0.5547115466776399,-0.6902115696555629,-1.0036792319674983,0.0,0.0,0.0,0.0,12.721590244743798
0.40061020948452075,0.5497229839118849,-0.6948915246948613,-1.71947129309196,0.0,0.0,0.0,0.0,13.03309709639206
0.3786368930461268,0.5497229839118849,-0.6902115696555629,0.10977508533722025,0.0,0.0,0.0,0.0,12.880294363972055
2.276137402341593,0.5497229839118849,-0.6948915246948613,1.1436969514058875,0.0,0.0,0.0,0.0,13.122367377396328
0.828095849051458,0.54473442114613,-0.6948915246948613,0.18930753657327157,0.0,0.0,0.0,0.0,13.113324650913615
1.4815927434133,0.54473442114613,-0.6902115696555629,0.10977508533722025,0.0,0.0,0.0,0.0,13.122367377396328
2.581985040195994,0.5547115466776399,-0.6995714797341596,0.42790489028142553,0.0,0.0,0.0,0.0,13.122367377396328
2.2374748288940385,0.5497229839118849,-0.6995714797341596,0.5869697927535281,0.0,0.0,0.0,0.0,13.122367377396328
1.9633315476150328,0.5497229839118849,-0.6995714797341596,0.42790489028142553,0.0,0.0,0.0,0.0,13.122367377396328
3.6870335873668236,0.5696772349748905,-0.6995714797341596,1.2232294026419388,0.0,0.0,0.0,0.0,13.122367377396328
2.311974835104211,0.5696772349748905,-0.704251434773458,0.6665022439895795,0.0,0.0,0.0,0.0,13.122367377396328
2.7025766935067015,0.609585737100916,-0.6948915246948613,1.8594890125303492,0.0,0.0,0.0,0.0,13.122367377396328
0.2216846327718873,0.604597174335161,-0.6948915246948613,0.9846320489337848,0.0,0.0,0.0,0.0,13.122367377396328
-0.13396918900953955,0.604597174335161,-0.6948915246948613,0.42790489028142553,0.0,0.0,0.0,0.0,12.810664530598725
-0.3866100106309739,0.599608611569406,-0.6948915246948613,-0.446952073315139,0.0,0.0,0.0,0.0,12.480293267857345
-0.26648921410108933,0.599608611569406,-0.6948915246948613,0.03024263410116893,0.0,0.0,0.0,0.0,12.837613003322215
-0.3910046739186528,0.5946200488036583,-0.6902115696555629,1.064164500169836,0.0,0.0,0.0,0.0,12.677952638304316
0.22356805989517842,0.5946200488036583,-0.6948915246948613,0.5869697927535281,0.0,0.0,0.0,0.0,12.81011808399072
0.17098905270330803,0.5896314860379033,-0.6948915246948613,0.03024263410116893,0.0,0.0,0.0,0.0,12.88512343720436
-0.2171538869548867,0.5896314860379033,-0.6948915246948613,0.03024263410116893,0.0,0.0,0.0,0.0,12.959846800844963
-0.3335078292381896,0.5896314860379033,-0.6902115696555629,-0.6855494270232929,0.0,0.0,0.0,0.0,12.454107814022272
-0.4376194952201018,0.5846429232721483,-0.6948915246948613,0.18930753657327157,0.0,0.0,0.0,0.0,12.818825598307294
0.24616918537466878,0.5796543605064005,-0.6948915246948613,0.3483724390453742,0.0,0.0,0.0,0.0,12.961962203877555
0.3864845060598391,0.5746657977406455,-0.6948915246948613,1.541359207586144,0.0,0.0,0.0,0.0,12.825037620411926
0.23288056067144966,0.5746657977406455,-0.6948915246948613,-0.8446143294953956,0.0,0.0,0.0,0.0,12.82745794586311
0.7371681729325819,0.5746657977406455,-0.6948915246948613,0.18930753657327157,0.0,0.0,0.0,0.0,12.782407881272364
0.07561439587666191,0.5746657977406455,-0.6902115696555629,-0.9241467807314468,0.0,0.0,0.0,0.0,12.741691364642852
-1.7475430594689056,0.5746657977406455,-0.6902115696555629,1.3822943051140413,0.0,0.0,0.0,0.0,12.834683971615659
0.2681948192331535,0.5846429232721483,-0.6948915246948613,0.9846320489337848,0.0,0.0,0.0,0.0,12.848981238461693
0.6273539081607055,0.5846429232721483,-0.6948915246948613,1.2232294026419388,0.0,0.0,0.0,0.0,12.833349752162816
0.15137002016902826,0.5796543605064005,-0.6948915246948613,-0.3674196220790877,0.0,0.0,0.0,0.0,12.806833118772722
1.154504233001785,0.5796543605064005,-0.6948915246948613,1.3822943051140413,0.0,0.0,0.0,0.0,12.95749109270188
-0.10148007113277192,0.604597174335161,-0.6995714797341596,0.10977508533722025,0.0,0.0,0.0,0.0,12.595411759236592
-0.15950009001414917,0.599608611569406,-0.6995714797341596,-1.6399388418559087,0.0,0.0,0.0,0.0,12.19552218463499
-0.04063491156645844,0.599608611569406,-0.6995714797341596,-0.6060169757872417,0.0,0.0,0.0,0.0,12.815025386894042
2.0063364669301746,0.5946200488036583,-0.6995714797341596,1.064164500169836,0.0,0.0,0.0,0.0,12.865407063576011
0.885226471791281,0.5896314860379033,-0.6995714797341596,-0.7650818782593443,0.0,0.0,0.0,0.0,12.641746829842827
-0.39848606499172484,0.5896314860379033,-0.6948915246948613,0.5869697927535281,0.0,0.0,0.0,0.0,12.830675960927596
0.1910789420184108,0.6145742998666639,-0.7089313898127597,0.9846320489337848,0.0,0.0,0.0,0.0,12.922938794110705
2.1835355687797904,0.604597174335161,-0.704251434773458,0.5869697927535281,0.0,0.0,0.0,0.0,13.113526446491344
-0.19183225563064268,0.599608611569406,-0.6995714797341596,-0.446952073315139,0.0,0.0,0.0,0.0,12.890181604139126
2.4544351700131286,0.599608611569406,-0.704251434773458,-0.04928981713488239,0.0,0.0,0.0,0.0,13.122367377396328
1.4005530596917013,0.5896314860379033,-0.6995714797341596,0.42790489028142553,0.0,0.0,0.0,0.0,13.122367377396328
1.15691083432599,0.5946200488036583,-0.6995714797341596,0.9050995976977334,0.0,0.0,0.0,0.0,13.08942894412575
3.4954471949920682,0.5846429232721483,-0.704251434773458,0.2688399878093229,0.0,0.0,0.0,0.0,13.122367377396328
1.14655198514789,0.5846429232721483,-0.6995714797341596,1.8594890125303492,0.0,0.0,0.0,0.0,12.897470797430847
0.6599476608776557,0.5846429232721483,-0.6995714797341596,1.30276185387799,0.0,0.0,0.0,0.0,12.795804639274813
0.9740091336864095,0.5796543605064005,-0.6995714797341596,0.3483724390453742,0.0,0.0,0.0,0.0,13.11755383005139
0.08769971991777807,0.5746657977406455,-0.6995714797341596,-0.12882226837093372,0.0,0.0,0.0,0.0,13.122367377396328
4.659405157185829,0.5746657977406455,-0.704251434773458,0.7460346952256308,0.0,0.0,0.0,0.0,13.122367377396328
0.864718043115447,0.6744370530556949,-0.6995714797341596,1.8594890125303492,0.0,0.0,0.0,0.0,12.523074413969974
-0.07108365005966083,0.6744370530556949,-0.6995714797341596,1.8594890125303492,0.0,0.0,0.0,0.0,12.419977652611005
0.8769080019967461,0.6844141785871977,-0.6995714797341596,1.8594890125303492,0.0,0.0,0.0,0.0,12.590998254919084
-0.14150289750270315,0.6894027413529527,-0.6995714797341596,1.3822943051140413,0.0,0.0,0.0,0.0,12.460331069333806
0.7428707717225457,0.6894027413529527,-0.6995714797341596,0.7460346952256308,0.0,0.0,0.0,0.0,12.582798715298532
-0.774543680608803,0.6694484902899399,-0.6995714797341596,0.8255671464616822,0.0,0.0,0.0,0.0,12.07254696717504
0.8733504174305304,0.6744370530556949,-0.6995714797341596,1.7004241100582467,0.0,0.0,0.0,0.0,12.46110626016646
0.9956685456042543,0.6744370530556949,-0.704251434773458,0.5074373415174769,0.0,0.0,0.0,0.0,12.51503052432271
0.1122889073607426,0.6844141785871977,-0.6995714797341596,1.8594890125303492,0.0,0.0,0.0,0.0,12.226860081860359
-0.34219252097336417,0.6794256158214499,-0.6995714797341596,1.2232294026419388,0.0,0.0,0.0,0.0,12.136191879981927
-0.8630124379833826,0.6794256158214499,-0.6995714797341596,-0.28788717084303633,0.0,0.0,0.0,0.0,12.153731433847984
0.032033984940514515,0.6844141785871977,-0.6995714797341596,1.779956561294298,0.0,0.0,0.0,0.0,12.28765724080691
0.24046658658470454,0.6894027413529527,-0.6995714797341596,1.4618267563500926,0.0,0.0,0.0,0.0,12.251050791276203
0.025494307429087773,0.6894027413529527,-0.704251434773458,1.8594890125303492,0.0,0.0,0.0,0.0,12.102937429832547
-0.1785959483475151,0.6844141785871977,-0.704251434773458,1.8594890125303492,0.0,0.0,0.0,0.0,12.17355461910053
-0.3276482781879513,0.6794256158214499,-0.704251434773458,1.8594890125303492,0.0,0.0,0.0,0.0,12.274670105518968
-0.6102669815217654,0.6744370530556949,-0.704251434773458,1.4618267563500926,0.0,0.0,0.0,0.0,12.065666245536807
-0.27313352645269867,0.6744370530556949,-0.704251434773458,1.8594890125303492,0.0,0.0,0.0,0.0,12.090106084085123
-1.02247593442201,0.6943913041187005,-0.7089313898127597,1.8594890125303492,0.0,0.0,0.0,0.0,12.014312686825066
0.17459895468961548,0.6943913041187005,-0.7089313898127597,1.30276185387799,0.0,0.0,0.0,0.0,12.031129798974042
-0.5027023658138199,0.6993798668844555,-0.7089313898127597,0.5074373415174769,0.0,0.0,0.0,0.0,12.03884263630228
-0.7885647491933016,0.6943913041187005,-0.7089313898127597,0.03024263410116893,0.0,0.0,0.0,0.0,12.063362110324636
-0.049685825242272975,0.6993798668844555,-0.7089313898127597,0.10977508533722025,0.0,0.0,0.0,0.0,12.354496960983985
-0.3911093087588356,0.6894027413529527,-0.704251434773458,1.7004241100582467,0.0,0.0,0.0,0.0,12.19602736016897
0.1873644051919203,0.6894027413529527,-0.7089313898127597,1.8594890125303492,0.0,0.0,0.0,0.0,11.998439434579149
-0.8209492322298864,0.6894027413529527,-0.7089313898127597,0.9846320489337848,0.0,0.0,0.0,0.0,11.894104711087113
0.08654873667576689,0.6894027413529527,-0.7089313898127597,1.2232294026419388,0.0,0.0,0.0,0.0,12.04708277568725
-0.6147662796496269,0.6894027413529527,-0.7089313898127597,0.5869697927535281,0.0,0.0,0.0,0.0,12.055836792757997
0.06745287834240142,0.6844141785871977,-0.704251434773458,0.10977508533722025,0.0,0.0,0.0,0.0,12.187913766539234
-0.27857453814220573,0.6844141785871977,-0.704251434773458,1.7004241100582467,0.0,0.0,0.0,0.0,12.06451484156046
-0.28443408919244406,0.6844141785871977,-0.7089313898127597,1.8594890125303492,0.0,0.0,0.0,0.0,12.029341433599432
-0.5006096690101633,0.6844141785871977,-0.7089313898127597,0.9846320489337848,0.0,0.0,0.0,0.0,11.995357787034976
-0.21647376049369826,0.6794256158214499,-0.7089313898127597,1.8594890125303492,0.0,0.0,0.0,0.0,12.066241450757124
-0.10032908789076096,0.6794256158214499,-0.7089313898127597,0.9846320489337848,0.0,0.0,0.0,0.0,12.077107952499174
-0.7127568074808439,0.6794256158214499,-0.7089313898127597,1.8594890125303492,0.0,0.0,0.0,0.0,12.154784614286667
0.09743076005478102,0.6844141785871977,-0.7136113448520581,1.8594890125303492,0.0,0.0,0.0,0.0,12.051177522006789
-0.7089899532342621,0.6844141785871977,-0.7136113448520581,1.3822943051140413,0.0,0.0,0.0,0.0,12.000897933306716
-0.4584418284164843,0.6844141785871977,-0.7136113448520581,1.8594890125303492,0.0,0.0,0.0,0.0,11.9601785009348
-0.556536991087884,0.6844141785871977,-0.7089313898127597,1.2232294026419388,0.0,0.0,0.0,0.0,11.955050317440996
-0.46524309302836797,0.6894027413529527,-0.7089313898127597,1.3822943051140413,0.0,0.0,0.0,0.0,12.083345533043149
-0.8944028900382305,0.6894027413529527,-0.7136113448520581,0.9050995976977334,0.0,0.0,0.0,0.0,11.918397239722838
-0.7235865134397665,0.6894027413529527,-0.7089313898127597,0.5074373415174769,0.0,0.0,0.0,0.0,12.02993791082274
-0.6367919135081119,0.6943913041187005,-0.7136113448520581,0.3483724390453742,0.0,0.0,0.0,0.0,12.121608929585332
-0.7731834276864261,0.6943913041187005,-0.7136113448520581,1.2232294026419388,0.0,0.0,0.0,0.0,11.932957294690372
-0.23729609369008076,0.6894027413529527,-0.7136113448520581,-0.20835471960698504,0.0,0.0,0.0,0.0,11.876185678347824
-0.34747658040259694,0.6894027413529527,-0.7182912998913565,1.064164500169836,0.0,0.0,0.0,0.0,11.944064817531656
-0.8878108951067125,0.6844141785871977,-0.7136113448520581,0.5869697927535281,0.0,0.0,0.0,0.0,12.131893132355916
-1.015360765289578,0.6844141785871977,-0.7136113448520581,0.6665022439895795,0.0,0.0,0.0,0.0,12.021554678392043
-0.9449938352666272,0.6844141785871977,-0.7182912998913565,0.10977508533722025,0.0,0.0,0.0,0.0,11.947955847790901
0.2641663778861148,0.6794256158214499,-0.7136113448520581,0.2688399878093229,0.0,0.0,0.0,0.0,12.337982098521458
0.7303669083206982,0.6794256158214499,-0.7182912998913565,0.9050995976977334,0.0,0.0,0.0,0.0,12.293630123379582
-0.4387181610420215,0.6794256158214499,-0.7182912998913565,1.4618267563500926,0.0,0.0,0.0,0.0,12.137799158081608
0.12819340306853186,0.6744370530556949,-0.7182912998913565,0.5074373415174769,0.0,0.0,0.0,0.0,12.437585079848033
-0.8357550621157563,0.6694484902899399,-0.7182912998913565,1.3822943051140413,0.0,0.0,0.0,0.0,11.937545932118134
-0.06935717519664426,0.6794256158214499,-0.7182912998913565,0.5869697927535281,0.0,0.0,0.0,0.0,12.39545670404338
-0.5783533552660034,0.6794256158214499,-0.7229712549306548,0.42790489028142553,0.0,0.0,0.0,0.0,11.906324739459684
0.08926924252052053,0.6744370530556949,-0.7182912998913565,0.3483724390453742,0.0,0.0,0.0,0.0,12.188931573152257
-0.8933565416364023,0.6694484902899399,-0.7182912998913565,0.9846320489337848,0.0,0.0,0.0,0.0,11.964007453736912
-0.7088853183940793,0.6744370530556949,-0.7229712549306548,1.064164500169836,0.0,0.0,0.0,0.0,11.916395250412128
-0.730492412891833,0.6744370530556949,-0.7229712549306548,0.5869697927535281,0.0,0.0,0.0,0.0,11.841516728140565
-0.5529270891015766,0.6744370530556949,-0.7229712549306548,1.30276185387799,0.0,0.0,0.0,0.0,12.013706813470414
-0.9567129373671036,0.6694484902899399,-0.7229712549306548,0.9846320489337848,0.0,0.0,0.0,0.0,12.107913912447533
0.4062604908543932,0.6694484902899399,-0.704251434773458,1.4618267563500926,0.0,0.0,0.0,0.0,12.406565597924235
-0.1501352718177862,0.6694484902899399,-0.704251434773458,1.541359207586144,0.0,0.0,0.0,0.0,12.26670197321789
0.4963510882518068,0.6744370530556949,-0.704251434773458,0.9050995976977334,0.0,0.0,0.0,0.0,12.234664961456772
0.36639461674473633,0.6694484902899399,-0.704251434773458,0.42790489028142553,0.0,0.0,0.0,0.0,12.132431487478716
0.21598203398192353,0.6694484902899399,-0.704251434773458,1.541359207586144,0.0,0.0,0.0,0.0,12.277467297099491
-0.4715211834393376,0.6694484902899399,-0.704251434773458,0.6665022439895795,0.0,0.0,0.0,0.0,12.40697467786825
-0.41036211935247563,0.6744370530556949,-0.7089313898127597,-0.04928981713488239,0.0,0.0,0.0,0.0,12.130276325842603
-0.1634762139410966,0.6794256158214499,-0.7089313898127597,0.5074373415174769,0.0,0.0,0.0,0.0,12.046496440791149
0.6968837594621937,0.6744370530556949,-0.7136113448520581,0.5869697927535281,0.0,0.0,0.0,0.0,12.305469916333227
0.6951049671790857,0.6744370530556949,-0.7089313898127597,0.6665022439895795,0.0,0.0,0.0,0.0,12.3917261452321
-0.8328776040107286,0.6694484902899399,-0.7089313898127597,-0.04928981713488239,0.0,0.0,0.0,0.0,12.121608929585332
-0.363956567731392,0.6644599275241921,-0.7089313898127597,0.9846320489337848,0.0,0.0,0.0,0.0,12.226860081860359
0.3309757233428494,0.6694484902899399,-0.7089313898127597,0.2688399878093229,0.0,0.0,0.0,0.0,12.306374889675654
0.8521618622935078,0.6694484902899399,-0.7136113448520581,0.18930753657327157,0.0,0.0,0.0,0.0,12.317171167298682
-0.28113809172668486,0.6694484902899399,-0.7136113448520581,0.5074373415174769,0.0,0.0,0.0,0.0,12.139403856983334
-0.5165664821380443,0.6594713647584372,-0.7089313898127597,-1.4013414881477548,0.0,0.0,0.0,0.0,11.938853113303086
-0.6619042751519902,0.6644599275241921,-0.7089313898127597,0.03024263410116893,0.0,0.0,0.0,0.0,12.036475785297062
-1.5619731704046629,0.6644599275241921,-0.7089313898127597,0.42790489028142553,0.0,0.0,0.0,0.0,11.946012225174645
-0.5798705604486544,0.6644599275241921,-0.7136113448520581,1.7004241100582467,0.0,0.0,0.0,0.0,12.094028734547074
-0.868244179992524,0.6644599275241921,-0.7136113448520581,0.8255671464616822,0.0,0.0,0.0,0.0,12.082214317601338
-0.3888596596949047,0.6694484902899399,-0.7136113448520581,0.3483724390453742,0.0,0.0,0.0,0.0,11.957617696467539
-0.10964158866703241,0.6544828019926822,-0.7136113448520581,1.4618267563500926,0.0,0.0,0.0,0.0,12.259144108039314
-0.5281809493983382,0.6594713647584372,-0.7136113448520581,1.1436969514058875,0.0,0.0,0.0,0.0,12.291337080838684
-0.5910141709281254,0.6594713647584372,-0.7136113448520581,1.1436969514058875,0.0,0.0,0.0,0.0,12.249615734512616
-0.4505942154027723,0.6594713647584372,-0.7136113448520581,0.8255671464616822,0.0,0.0,0.0,0.0,11.959538914341756
-0.3699730710419047,0.6644599275241921,-0.7182912998913565,1.064164500169836,0.0,0.0,0.0,0.0,11.85864764578841
-0.6546321537592839,0.6594713647584372,-0.7182912998913565,1.064164500169836,0.0,0.0,0.0,0.0,12.009455390434104
-0.08259348247977186,0.6594713647584372,-0.7182912998913565,1.064164500169836,0.0,0.0,0.0,0.0,12.532858837800037
-0.1616451042378972,0.6544828019926822,-0.7136113448520581,1.8594890125303492,0.0,0.0,0.0,0.0,12.508770169721908
-0.5795566559281059,0.6494942392269343,-0.6995714797341596,0.03024263410116893,0.0,0.0,0.0,0.0,12.228328144428588
-0.9255840724127128,0.6494942392269343,-0.704251434773458,1.4618267563500926,0.0,0.0,0.0,0.0,12.249615734512616
-0.49025081983206353,0.6494942392269343,-0.704251434773458,1.3822943051140413,0.0,0.0,0.0,0.0,12.347142427961746
-0.4311844525488581,0.6494942392269343,-0.7136113448520581,0.5869697927535281,0.0,0.0,0.0,0.0,12.530331313535255
0.2789198903518933,0.6494942392269343,-0.7136113448520581,0.8255671464616822,0.0,0.0,0.0,0.0,12.773092385016758
-0.13506785483145922,0.6445056764611794,-0.7136113448520581,0.7460346952256308,0.0,0.0,0.0,0.0,13.113526446491344
-0.3828431563843923,0.6445056764611794,-0.7136113448520581,1.30276185387799,0.0,0.0,0.0,0.0,12.990661167946621
4.708583532071758,0.6445056764611794,-0.7089313898127597,1.7004241100582467,0.0,0.0,0.0,0.0,13.122367377396328
-0.5971876264989122,0.6544828019926822,-0.7089313898127597,1.8594890125303492,0.0,0.0,0.0,0.0,12.250572667806054
-0.01934172158925317,0.6544828019926822,-0.7089313898127597,1.8594890125303492,0.0,0.0,0.0,0.0,12.380870134047337
0.742766136882363,0.6395171136954244,-0.7136113448520581,0.10977508533722025,0.0,0.0,0.0,0.0,13.122367377396328
-0.4343234977543428,0.6395171136954244,-0.7136113448520581,0.9050995976977334,0.0,0.0,0.0,0.0,12.484843884164489
-0.4889428843297782,0.6395171136954244,-0.7182912998913565,0.8255671464616822,0.0,0.0,0.0,0.0,12.44588057164006
-0.18785613170369525,0.6395171136954244,-0.7182912998913565,1.1436969514058875,0.0,0.0,0.0,0.0,12.48937388613538
-0.7833853246042518,0.6395171136954244,-0.7136113448520581,-0.3674196220790877,0.0,0.0,0.0,0.0,12.493883459694384
4.751902355907448,0.6395171136954244,-0.7136113448520581,1.6208916588221953,0.0,0.0,0.0,0.0,13.122367377396328
-0.3363852873432174,0.6395171136954244,-0.7136113448520581,1.541359207586144,0.0,0.0,0.0,0.0,12.986316824414137
-0.1546868873657392,0.6345285509296765,-0.7136113448520581,1.8594890125303492,0.0,0.0,0.0,0.0,12.878764535855812
-0.9464587230291867,0.6345285509296765,-0.7182912998913565,0.6665022439895795,0.0,0.0,0.0,0.0,12.554265215639417
2.3870503329353885,0.6345285509296765,-0.7136113448520581,-0.28788717084303633,0.0,0.0,0.0,0.0,13.122367377396328
1.6023936664043732,0.6345285509296765,-0.7136113448520581,1.8594890125303492,0.0,0.0,0.0,0.0,13.122367377396328
1.0409231139833268,0.6295399881639216,-0.7136113448520581,1.8594890125303492,0.0,0.0,0.0,0.0,12.979187915595174
2.1612483478208495,0.6295399881639216,-0.7089313898127597,0.8255671464616822,0.0,0.0,0.0,0.0,13.122367377396328
1.775093470126128,0.6295399881639216,-0.704251434773458,0.9050995976977334,0.0,0.0,0.0,0.0,13.119761996745758
0.14320850263476775,0.6245514253981738,-0.7089313898127597,1.8594890125303492,0.0,0.0,0.0,0.0,12.882838888132428
0.10831278343379516,0.6245514253981738,-0.7136113448520581,1.064164500169836,0.0,0.0,0.0,0.0,12.981723349624996
-0.329636340151425,0.6245514253981738,-0.7136113448520581,0.3483724390453742,0.0,0.0,0.0,0.0,12.984711507260117
-0.7737066018873402,0.6245514253981738,-0.7136113448520581,1.541359207586144,0.0,0.0,0.0,0.0,12.925620734808986
-0.8692382109742609,0.6195628626324188,-0.7136113448520581,0.7460346952256308,0.0,0.0,0.0,0.0,12.990661167946621
-0.424854044717797,0.6195628626324188,-0.7136113448520581,1.541359207586144,0.0,0.0,0.0,0.0,12.745197054748889
2.2795903520676255,0.6195628626324188,-0.7136113448520581,0.6665022439895795,0.0,0.0,0.0,0.0,12.972007820313298
0.10831278343379516,0.6245514253981738,-0.704251434773458,0.42790489028142553,0.0,0.0,0.0,0.0,13.122367377396328
1.1294965061980893,0.6195628626324188,-0.7089313898127597,-0.446952073315139,0.0,0.0,0.0,0.0,13.122367377396328
1.4636478683219454,0.6145742998666639,-0.704251434773458,1.30276185387799,0.0,0.0,0.0,0.0,13.122367377396328
0.11521868288586141,0.6245514253981738,-0.6995714797341596,-0.446952073315139,0.0,0.0,0.0,0.0,13.122367377396328
-0.09358014069896858,0.6145742998666639,-0.7136113448520581,0.9050995976977334,0.0,0.0,0.0,0.0,13.122367377396328
-0.27114546448922494,0.609585737100916,-0.7182912998913565,-0.20835471960698504,0.0,0.0,0.0,0.0,12.806284573911311
-0.4709980092384235,0.604597174335161,-0.7182912998913565,1.8594890125303492,0.0,0.0,0.0,0.0,12.911891697714024
-0.4490770102201213,0.604597174335161,-0.7182912998913565,1.8594890125303492,0.0,0.0,0.0,0.0,13.122367377396328
-0.5611932414760199,0.609585737100916,-0.7182912998913565,-0.8446143294953956,0.0,0.0,0.0,0.0,12.323860125621126
-0.64375013038027,0.609585737100916,-0.7182912998913565,-1.0036792319674983,0.0,0.0,0.0,0.0,12.827189309914244
0.014716918890256676,0.609585737100916,-0.7182912998913565,-0.6855494270232929,0.0,0.0,0.0,0.0,12.986316824414137
-0.8115844140335233,0.609585737100916,-0.7182912998913565,-0.8446143294953956,0.0,0.0,0.0,0.0,12.429220196836383
-1.0627080304723067,0.609585737100916,-0.7182912998913565,-0.3674196220790877,0.0,0.0,0.0,0.0,12.377927112974284
0.2515578796440843,0.6145742998666639,-0.7136113448520581,1.779956561294298,0.0,0.0,0.0,0.0,13.057933650348467
-1.0753165287143374,0.6145742998666639,-0.7182912998913565,0.03024263410116893,0.0,0.0,0.0,0.0,13.122367377396328
-1.2207589565684662,0.6145742998666639,-0.7182912998913565,-0.3674196220790877,0.0,0.0,0.0,0.0,12.691583538230217
-0.697323168553877,0.6145742998666639,-0.7182912998913565,-0.04928981713488239,0.0,0.0,0.0,0.0,12.354927900740968
-1.237971387778541,0.6195628626324188,-0.7182912998913565,0.10977508533722025,0.0,0.0,0.0,0.0,12.141539457711714
-1.3396241350161568,0.6195628626324188,-0.7182912998913565,1.1436969514058875,0.0,0.0,0.0,0.0,12.71680126459136
-1.143643079353723,0.6295399881639216,-0.7182912998913565,0.9050995976977334,0.0,0.0,0.0,0.0,12.765691290604371
-1.1225591590568835,0.6245514253981738,-0.7182912998913565,-0.04928981713488239,0.0,0.0,0.0,0.0,13.017005083966255
-1.0154130827096692,0.6345285509296765,-0.7182912998913565,0.5074373415174769,0.0,0.0,0.0,0.0,12.73670383776449
-1.1850261586460311,0.6345285509296765,-0.7182912998913565,-0.28788717084303633,0.0,0.0,0.0,0.0,12.47801017053037
-1.226043015997699,0.6295399881639216,-0.7182912998913565,0.5869697927535281,0.0,0.0,0.0,0.0,12.429220196836383
-1.1359524186002854,0.6295399881639216,-0.7182912998913565,0.3483724390453742,0.0,0.0,0.0,0.0,12.765691290604371
-1.1778063546734159,0.6195628626324188,-0.7182912998913565,1.541359207586144,0.0,0.0,0.0,0.0,12.377927112974284
-0.9351581602894414,0.6195628626324188,-0.7182912998913565,1.30276185387799,0.0,0.0,0.0,0.0,12.377927112974284
-1.2952589627786386,0.6245514253981738,-0.7182912998913565,1.1436969514058875,0.0,0.0,0.0,0.0,12.174587138384211
-1.1735686436460113,0.6245514253981738,-0.7229712549306548,0.42790489028142553,0.0,0.0,0.0,0.0,11.998439434579149
-0.9082146889423637,0.6195628626324188,-0.7229712549306548,0.10977508533722025,0.0,0.0,0.0,0.0,12.206077645517674
-0.8839917234400394,0.6195628626324188,-0.7182912998913565,0.03024263410116893,0.0,0.0,0.0,0.0,12.429220196836383
-1.1778063546734159,0.6295399881639216,-0.7182912998913565,0.42790489028142553,0.0,0.0,0.0,0.0,11.119897691565697
-1.0750549416138804,0.6295399881639216,-0.7229712549306548,0.42790489028142553,0.0,0.0,0.0,0.0,12.260091970916617
-1.0351367500841322,0.6295399881639216,-0.7229712549306548,-0.04928981713488239,0.0,0.0,0.0,0.0,11.51293546492023
-1.0561160355407888,0.6295399881639216,-0.7229712549306548,0.6665022439895795,0.0,0.0,0.0,0.0,12.174587138384211
-0.9637757890794445,0.6245514253981738,-0.7229712549306548,0.2688399878093229,0.0,0.0,0.0,0.0,12.429220196836383
-0.6909404433027245,0.6245514253981738,-0.7229712549306548,-0.12882226837093372,0.0,0.0,0.0,0.0,12.07254696717504
-1.1215651280751466,0.6245514253981738,-0.7182912998913565,0.5869697927535281,0.0,0.0,0.0,0.0,12.309986615445005
-0.9524752263396993,0.6245514253981738,-0.7229712549306548,0.42790489028142553,0.0,0.0,0.0,0.0,12.323860125621126
-1.228344982481721,0.6245514253981738,-0.7182912998913565,0.18930753657327157,0.0,0.0,0.0,0.0,12.206077645517674
-1.0717589441481212,0.6245514253981738,-0.7182912998913565,0.10977508533722025,0.0,0.0,0.0,0.0,11.83138646878959
-0.8607104714993604,0.6245514253981738,-0.7182912998913565,1.8594890125303492,0.0,0.0,0.0,0.0,12.237091546357338
-1.1342259437372688,0.6345285509296765,-0.7182912998913565,0.03024263410116893,0.0,0.0,0.0,0.0,12.023957067521133
-1.078089351979182,0.6345285509296765,-0.7229712549306548,0.9050995976977334,0.0,0.0,0.0,0.0,12.295917919903431
-1.3786006129842598,0.6295399881639216,-0.7229712549306548,0.5869697927535281,0.0,0.0,0.0,0.0,12.286273802188468
-1.10503282332626,0.6345285509296765,-0.7182912998913565,0.7460346952256308,0.0,0.0,0.0,0.0,12.429220196836383
-1.01839517565488,0.6345285509296765,-0.7182912998913565,0.5869697927535281,0.0,0.0,0.0,0.0,12.222442918443495
-1.1116771356778696,0.6395171136954244,-0.7229712549306548,0.42790489028142553,0.0,0.0,0.0,0.0,12.141539457711714
-0.844962928051845,0.6345285509296765,-0.7229712549306548,0.5869697927535281,0.0,0.0,0.0,0.0,12.347576548072231
-0.6125689480057875,0.6395171136954244,-0.7182912998913565,0.8255671464616822,0.0,0.0,0.0,0.0,11.998439434579149
-0.8080791468873987,0.6395171136954244,-0.7229712549306548,0.03024263410116893,0.0,0.0,0.0,0.0,12.058158312538197
-0.43976450944384987,0.6445056764611794,-0.7229712549306548,0.7460346952256308,0.0,0.0,0.0,0.0,12.07254696717504
-0.9902484036456995,0.6395171136954244,-0.7229712549306548,1.1436969514058875,0.0,0.0,0.0,0.0,12.323860125621126
-0.993858305632007,0.6395171136954244,-0.7229712549306548,-0.04928981713488239,0.0,0.0,0.0,0.0,11.630717389475995
-0.9571837941479264,0.6395171136954244,-0.7229712549306548,0.5074373415174769,0.0,0.0,0.0,0.0,11.972253562968545
-0.9747101298785499,0.6395171136954244,-0.7229712549306548,0.5074373415174769,0.0,0.0,0.0,0.0,12.198045514142787
-1.0833210939883235,0.6395171136954244,-0.7229712549306548,0.8255671464616822,0.0,0.0,0.0,0.0,12.47801017053037
-1.0306374519562704,0.6395171136954244,-0.7229712549306548,1.8594890125303492,0.0,0.0,0.0,0.0,12.474575721187843
-0.8808003608144632,0.6345285509296765,-0.7229712549306548,0.03024263410116893,0.0,0.0,0.0,0.0,12.442333783869854
-1.2695187920936633,0.6345285509296765,-0.7229712549306548,-0.28788717084303633,0.0,0.0,0.0,0.0,12.233692676364548
-0.9655545813625526,0.6345285509296765,-0.7229712549306548,0.2688399878093229,0.0,0.0,0.0,0.0,12.331387247601905
-0.9018842811113026,0.6295399881639216,-0.7229712549306548,0.5869697927535281,0.0,0.0,0.0,0.0,12.141539457711714
-0.9816160293306163,0.6295399881639216,-0.7229712549306548,0.10977508533722025,0.0,0.0,0.0,0.0,12.390895238790055
-1.2330012328698567,0.6295399881639216,-0.7229712549306548,1.064164500169836,0.0,0.0,0.0,0.0,12.293171935322027
-1.1511244704267953,0.6245514253981738,-0.7229712549306548,1.2232294026419388,0.0,0.0,0.0,0.0,12.249136924251182
-0.9793140628465942,0.6245514253981738,-0.7229712549306548,0.10977508533722025,0.0,0.0,0.0,0.0,12.26670197321789
-1.0449201076412264,0.6245514253981738,-0.7229712549306548,-0.04928981713488239,0.0,0.0,0.0,0.0,12.295917919903431
-0.09467880652088825,0.6195628626324188,-0.7229712549306548,0.5869697927535281,0.0,0.0,0.0,0.0,12.206077645517674
-1.2759015173448156,0.6195628626324188,-0.7229712549306548,0.5869697927535281,0.0,0.0,0.0,0.0,12.013706813470414
-0.9862722797187521,0.6195628626324188,-0.7229712549306548,0.9050995976977334,0.0,0.0,0.0,0.0,12.301387370778713
-0.7949474744444541,0.6145742998666639,-0.7229712549306548,-1.8785361955640627,0.0,0.0,0.0,0.0,12.2293056568353
-0.8769811891477899,0.6145742998666639,-0.7229712549306548,-1.1627441344396008,0.0,0.0,0.0,0.0,12.25486757159303
-0.4020436495579408,0.6145742998666639,-0.7276512099699566,1.7004241100582467,0.0,0.0,0.0,0.0,12.756218016006999
-0.304314708827181,0.6145742998666639,-0.7229712549306548,1.8594890125303492,0.0,0.0,0.0,0.0,12.68106692573485
3.3953116529371035,0.6145742998666639,-0.7276512099699566,1.8594890125303492,0.0,0.0,0.0,0.0,13.122367377396328
-0.5619780027773912,0.609585737100916,-0.7229712549306548,1.4618267563500926,0.0,0.0,0.0,0.0,12.544689010436022
-0.015208645402031635,0.609585737100916,-0.7276512099699566,1.8594890125303492,0.0,0.0,0.0,0.0,12.888414154537369
-0.032525711452289476,0.609585737100916,-0.7276512099699566,1.8594890125303492,0.0,0.0,0.0,0.0,12.742568940017076
-0.6686532223437827,0.609585737100916,-0.7229712549306548,1.064164500169836,0.0,0.0,0.0,0.0,12.66286754735978
0.3698998838908612,0.609585737100916,-0.7276512099699566,1.8594890125303492,0.0,0.0,0.0,0.0,12.718599820835916
-0.3106974340783334,0.604597174335161,-0.7276512099699566,1.8594890125303492,0.0,0.0,0.0,0.0,12.62741438362914
-0.3930450533022178,0.6245514253981738,-0.7276512099699566,1.8594890125303492,0.0,0.0,0.0,0.0,12.848981238461693
-0.19251238209183086,0.6195628626324188,-0.7276512099699566,1.8594890125303492,0.0,0.0,0.0,0.0,13.122367377396328
-0.3315197672747159,0.6195628626324188,-0.7276512099699566,1.7004241100582467,0.0,0.0,0.0,0.0,13.001101547754756
-0.8549032378692136,0.6295399881639216,-0.7276512099699566,0.10977508533722025,0.0,0.0,0.0,0.0,12.447060044238079
-1.11021224791531,0.6295399881639216,-0.7276512099699566,0.18930753657327157,0.0,0.0,0.0,0.0,12.568981617474362
-0.7620921346270466,0.6245514253981738,-0.7276512099699566,1.3822943051140413,0.0,0.0,0.0,0.0,12.788570348498682
-0.5869857295810864,0.6295399881639216,-0.7276512099699566,-0.446952073315139,0.0,0.0,0.0,0.0,12.301387370778713
-0.2648673740782554,0.6245514253981738,-0.7276512099699566,1.8594890125303492,0.0,0.0,0.0,0.0,12.70775963892501
0.13949396580827725,0.6245514253981738,-0.7276512099699566,1.8594890125303492,0.0,0.0,0.0,0.0,12.848718323415918
-1.0459141386229631,0.6345285509296765,-0.7276512099699566,0.42790489028142553,0.0,0.0,0.0,0.0,12.419169901386761
-0.8892234654491806,0.6345285509296765,-0.7276512099699566,0.5869697927535281,0.0,0.0,0.0,0.0,12.233692676364548
-0.5122764536905485,0.6295399881639216,-0.7276512099699566,-0.12882226837093372,0.0,0.0,0.0,0.0,12.433610527614848
-0.6134060267272501,0.6295399881639216,-0.7276512099699566,-0.20835471960698504,0.0,0.0,0.0,0.0,12.333150131430498
-1.230123774764829,0.6395171136954244,-0.7276512099699566,0.42790489028142553,0.0,0.0,0.0,0.0,12.25486757159303
-1.0603537465681934,0.6395171136954244,-0.7276512099699566,-0.446952073315139,0.0,0.0,0.0,0.0,12.26670197321789
-1.2073656970250646,0.6345285509296765,-0.7276512099699566,0.42790489028142553,0.0,0.0,0.0,0.0,12.323860125621126
-0.7804032316590412,0.6345285509296765,-0.7276512099699566,0.2688399878093229,0.0,0.0,0.0,0.0,12.461880850543723
-0.7723463489649636,0.6395171136954244,-0.7276512099699566,-0.28788717084303633,0.0,0.0,0.0,0.0,12.066241450757124
-1.0189706672758854,0.6395171136954244,-0.7276512099699566,0.7460346952256308,0.0,0.0,0.0,0.0,11.83138646878959
4.048703912458763,0.599608611569406,-0.7089313898127597,0.42790489028142553,0.0,0.0,0.0,0.0,13.122367377396328
2.4261314457436742,0.604597174335161,-0.7089313898127597,-0.20835471960698504,0.0,0.0,0.0,0.0,13.122367377396328
0.15456138279460446,0.609585737100916,-0.7136113448520581,0.3483724390453742,0.0,0.0,0.0,0.0,13.122367377396328
1.3828697717008034,0.604597174335161,-0.7136113448520581,0.5074373415174769,0.0,0.0,0.0,0.0,13.122367377396328
1.6935829296237068,0.5946200488036583,-0.7136113448520581,0.7460346952256308,0.0,0.0,0.0,0.0,12.940124217215681
2.4630675443282115,0.599608611569406,-0.7136113448520581,1.064164500169836,0.0,0.0,0.0,0.0,13.122367377396328
5.819700899973191,0.599608611569406,-0.7182912998913565,0.6665022439895795,0.0,0.0,0.0,0.0,13.122367377396328
2.8423688399909577,0.5946200488036583,-0.7182912998913565,0.8255671464616822,0.0,0.0,0.0,0.0,13.122367377396328
2.6513056218171167,0.5896314860379033,-0.7182912998913565,0.10977508533722025,0.0,0.0,0.0,0.0,13.122367377396328
0.23288056067144966,0.5896314860379033,-0.7229712549306548,0.9846320489337848,0.0,0.0,0.0,0.0,13.122367377396328
-0.47711914738911876,0.604597174335161,-0.7229712549306548,0.7460346952256308,0.0,0.0,0.0,0.0,12.780720596528097
-0.9849120267963754,0.604597174335161,-0.7276512099699566,0.9050995976977334,0.0,0.0,0.0,0.0,12.813392293534607
0.05337949233781108,0.599608611569406,-0.7276512099699566,1.8594890125303492,0.0,0.0,0.0,0.0,12.832281093414728
-0.3460116926400373,0.599608611569406,-0.7276512099699566,-0.5264845245511903,0.0,0.0,0.0,0.0,12.611541086966115
-0.5137936588731994,0.599608611569406,-0.7229712549306548,0.18930753657327157,0.0,0.0,0.0,0.0,13.122367377396328
-0.25628731718326364,0.604597174335161,-0.7276512099699566,1.30276185387799,0.0,0.0,0.0,0.0,12.893958509606131
0.9815428421795727,0.599608611569406,-0.7276512099699566,1.8594890125303492,0.0,0.0,0.0,0.0,12.883092984807414
-0.11424552163507673,0.6544828019926822,-0.7182912998913565,1.541359207586144,0.0,0.0,0.0,0.0,12.671694815185111
0.10245323238355661,0.6544828019926822,-0.7182912998913565,1.8594890125303492,0.0,0.0,0.0,0.0,12.765691290604371
1.3443641505135233,0.6494942392269343,-0.7182912998913565,1.779956561294298,0.0,0.0,0.0,0.0,12.951814648122985
0.9948314668827918,0.6494942392269343,-0.7182912998913565,0.9846320489337848,0.0,0.0,0.0,0.0,12.930478638805342
-0.4699516608365951,0.6494942392269343,-0.7136113448520581,0.9846320489337848,0.0,0.0,0.0,0.0,12.633954607922337
0.17036124366221114,0.6445056764611794,-0.7136113448520581,1.3822943051140413,0.0,0.0,0.0,0.0,12.771673345241355
0.8035589790285853,0.6445056764611794,-0.7136113448520581,1.8594890125303492,0.0,0.0,0.0,0.0,12.89295272879663
0.36717937804610756,0.6445056764611794,-0.7136113448520581,1.8594890125303492,0.0,0.0,0.0,0.0,12.795250009628397
0.09622745939267853,0.6445056764611794,-0.7182912998913565,1.2232294026419388,0.0,0.0,0.0,0.0,12.688501881189456
0.43786021258960656,0.6494942392269343,-0.7182912998913565,1.7004241100582467,0.0,0.0,0.0,0.0,12.6267580024319
-0.4083217399689104,0.6445056764611794,-0.7182912998913565,1.6208916588221953,0.0,0.0,0.0,0.0,12.259144108039314
-0.8026381351978918,0.6445056764611794,-0.7182912998913565,1.541359207586144,0.0,0.0,0.0,0.0,12.206077645517674
-0.5696163461107373,0.6445056764611794,-0.7182912998913565,1.6208916588221953,0.0,0.0,0.0,0.0,12.289038768166744
0.15194551179003338,0.6494942392269343,-0.7229712549306548,1.541359207586144,0.0,0.0,0.0,0.0,12.750722717999489
0.047676893547847085,0.6494942392269343,-0.7229712549306548,1.8594890125303492,0.0,0.0,0.0,0.0,12.501726607862306
-0.8072420681659361,0.6445056764611794,-0.7229712549306548,1.8594890125303492,0.0,0.0,0.0,0.0,12.188422799337028
-0.04790703295916489,0.6494942392269343,-0.7229712549306548,1.8594890125303492,0.0,0.0,0.0,0.0,12.438378098156768
-0.12183154754833163,0.6544828019926822,-0.7229712549306548,1.779956561294298,0.0,0.0,0.0,0.0,12.538253544662647
-0.016464263484225413,0.6544828019926822,-0.7229712549306548,0.5869697927535281,0.0,0.0,0.0,0.0,12.39421473013906
0.3917162480689803,0.6494942392269343,-0.7229712549306548,1.8594890125303492,0.0,0.0,0.0,0.0,12.349311146362329
-0.4736661976630856,0.6494942392269343,-0.7229712549306548,1.2232294026419388,0.0,0.0,0.0,0.0,12.323860125621126
-0.7819727542617835,0.6544828019926822,-0.7276512099699566,1.8594890125303492,0.0,0.0,0.0,0.0,12.023957067521133
-0.7527273164306836,0.6544828019926822,-0.7276512099699566,0.9846320489337848,0.0,0.0,0.0,0.0,12.222442918443495
-0.19481434857585325,0.6544828019926822,-0.7276512099699566,1.3822943051140413,0.0,0.0,0.0,0.0,12.141539457711714
-0.7768979645129164,0.6494942392269343,-0.7276512099699566,0.5074373415174769,0.0,0.0,0.0,0.0,12.200059603373045
-0.9704201014310541,0.6544828019926822,-0.732331165009255,0.5869697927535281,0.0,0.0,0.0,0.0,12.046496440791149
-0.6546321537592839,0.6544828019926822,-0.732331165009255,-0.04928981713488239,0.0,0.0,0.0,0.0,12.141539457711714
-1.1377312108833935,0.6494942392269343,-0.732331165009255,-0.12882226837093372,0.0,0.0,0.0,0.0,11.982935344196433
-0.6927715530059242,0.6494942392269343,-0.7276512099699566,0.7460346952256308,0.0,0.0,0.0,0.0,11.967187086434018
-0.6060292704943608,0.6494942392269343,-0.7276512099699566,1.3822943051140413,0.0,0.0,0.0,0.0,12.124325569579169
-0.48862897980922976,0.6445056764611794,-0.7276512099699566,1.064164500169836,0.0,0.0,0.0,0.0,12.206077645517674
-0.6583990080058656,0.6445056764611794,-0.7276512099699566,1.8594890125303492,0.0,0.0,0.0,0.0,12.221458671239269
-0.3336124640783724,0.6494942392269343,-0.7276512099699566,1.1436969514058875,0.0,0.0,0.0,0.0,12.128116509451258
-1.0496286754494535,0.6494942392269343,-0.732331165009255,0.7460346952256308,0.0,0.0,0.0,0.0,12.048254415120404
-0.37436773432958337,0.6445056764611794,-0.7276512099699566,1.064164500169836,0.0,0.0,0.0,0.0,12.111767460549332
-0.7499021757457474,0.6445056764611794,-0.7229712549306548,1.8594890125303492,0.0,0.0,0.0,0.0,12.3406079091076
-0.5238386035307508,0.6445056764611794,-0.7276512099699566,0.8255671464616822,0.0,0.0,0.0,0.0,12.271396795480596
-0.5962459129372666,0.6445056764611794,-0.7276512099699566,0.9050995976977334,0.0,0.0,0.0,0.0,12.038251448529742
-0.7369274555630769,0.6445056764611794,-0.7229712549306548,1.6208916588221953,0.0,0.0,0.0,0.0,12.297744396089387
-0.9961602721160293,0.6694484902899399,-0.732331165009255,0.5074373415174769,0.0,0.0,0.0,0.0,11.959538914341756
-0.35673676375877705,0.6694484902899399,-0.732331165009255,0.9050995976977334,0.0,0.0,0.0,0.0,11.876185678347824
0.5797450558775193,0.6644599275241921,-0.7276512099699566,1.8594890125303492,0.0,0.0,0.0,0.0,12.141539457711714
0.07781172752050126,0.6644599275241921,-0.7276512099699566,1.8594890125303492,0.0,0.0,0.0,0.0,11.83138646878959
-0.6445872091017324,0.6694484902899399,-0.7229712549306548,1.4618267563500926,0.0,0.0,0.0,0.0,11.82115253615114
-0.6194225300377628,0.6694484902899399,-0.7229712549306548,1.6208916588221953,0.0,0.0,0.0,0.0,11.918397239722838
-0.6650433203574749,0.6694484902899399,-0.7229712549306548,1.30276185387799,0.0,0.0,0.0,0.0,11.954407441448915
-0.1653073236442962,0.6594713647584372,-0.7229712549306548,1.8594890125303492,0.0,0.0,0.0,0.0,12.25486757159303
-0.9236483278693306,0.6594713647584372,-0.7276512099699566,1.2232294026419388,0.0,0.0,0.0,0.0,12.206077645517674
-0.660596339649705,0.6594713647584372,-0.7276512099699566,1.4618267563500926,0.0,0.0,0.0,0.0,12.03884263630228
-0.6501328556314223,0.6594713647584372,-0.7229712549306548,1.1436969514058875,0.0,0.0,0.0,0.0,12.068538968726306
-1.0891283276184707,0.6544828019926822,-0.7276512099699566,1.7004241100582467,0.0,0.0,0.0,0.0,12.023957067521133
-0.6976370730744254,0.6544828019926822,-0.7276512099699566,1.30276185387799,0.0,0.0,0.0,0.0,12.030534032473051
-0.3609221573660901,0.6594713647584372,-0.7229712549306548,1.8594890125303492,0.0,0.0,0.0,0.0,12.153731433847984
-1.0229991086229242,0.6544828019926822,-0.7276512099699566,1.30276185387799,0.0,0.0,0.0,0.0,12.09626335986454
-0.7703582870014899,0.6544828019926822,-0.732331165009255,1.3822943051140413,0.0,0.0,0.0,0.0,12.110117757946444
-0.5826957011335906,0.6544828019926822,-0.732331165009255,1.8594890125303492,0.0,0.0,0.0,0.0,12.354927900740968
-1.03246856165947,0.6594713647584372,-0.732331165009255,1.4618267563500926,0.0,0.0,0.0,0.0,12.29179611018331
-0.9816160293306163,0.6594713647584372,-0.732331165009255,1.1436969514058875,0.0,0.0,0.0,0.0,12.07254696717504
-1.2175152765227988,0.6594713647584372,-0.7370111200485534,-0.6855494270232929,0.0,0.0,0.0,0.0,12.323860125621126
-1.183770540563837,0.6644599275241921,-0.732331165009255,-0.12882226837093372,0.0,0.0,0.0,0.0,11.83138646878959
-0.8484681951979697,0.6594713647584372,-0.732331165009255,-0.8446143294953956,0.0,0.0,0.0,0.0,12.167856627501678
-1.047012804444883,0.6744370530556949,-0.7229712549306548,0.9050995976977334,0.0,0.0,0.0,0.0,11.918397239722838
-0.9971019856776747,0.6744370530556949,-0.7276512099699566,0.42790489028142553,0.0,0.0,0.0,0.0,11.932300052847731
-0.7527273164306836,0.6844141785871977,-0.7276512099699566,1.6208916588221953,0.0,0.0,0.0,0.0,11.643962499267984
-0.8399404557230694,0.6844141785871977,-0.732331165009255,0.42790489028142553,0.0,0.0,0.0,0.0,11.980432229642377
-0.8295292891248781,0.6794256158214499,-0.7276512099699566,0.8255671464616822,0.0,0.0,0.0,0.0,11.804855999911272
-1.00803632647678,0.6794256158214499,-0.7276512099699566,-0.20835471960698504,0.0,0.0,0.0,0.0,12.062208048765859
-0.7020840537821956,0.6844141785871977,-0.7229712549306548,0.8255671464616822,0.0,0.0,0.0,0.0,11.836464426179543
-0.8653667218874962,0.6844141785871977,-0.7276512099699566,0.9846320489337848,0.0,0.0,0.0,0.0,11.744045122410057
-0.6255436681884581,0.6794256158214499,-0.7276512099699566,1.8594890125303492,0.0,0.0,0.0,0.0,11.938199736300925
-1.1847122541254824,0.6794256158214499,-0.7229712549306548,0.8255671464616822,0.0,0.0,0.0,0.0,11.83863282480007
-0.7392817394671903,0.6794256158214499,-0.7229712549306548,0.8255671464616822,0.0,0.0,0.0,0.0,11.8789634386217
-0.9878418023214945,0.6794256158214499,-0.7229712549306548,0.6665022439895795,0.0,0.0,0.0,0.0,11.977922833779727
-0.9746578124584584,0.6744370530556949,-0.732331165009255,0.5074373415174769,0.0,0.0,0.0,0.0,11.889997957243736
-1.1143453241025316,0.6744370530556949,-0.732331165009255,0.5869697927535281,0.0,0.0,0.0,0.0,11.972253562968545
-0.9118769083487624,0.6794256158214499,-0.732331165009255,0.18930753657327157,0.0,0.0,0.0,0.0,11.984184555794167
-0.7652834972526228,0.6794256158214499,-0.732331165009255,1.8594890125303492,0.0,0.0,0.0,0.0,12.026951960476097
-1.1232916029381632,0.6794256158214499,-0.732331165009255,1.4618267563500926,0.0,0.0,0.0,0.0,12.16369214550422
-0.7797231051978528,0.6794256158214499,-0.732331165009255,0.18930753657327157,0.0,0.0,0.0,0.0,11.938853113303086
-1.0143144168877496,0.6794256158214499,-0.732331165009255,1.064164500169836,0.0,0.0,0.0,0.0,12.036475785297062
-1.045390964422049,0.6794256158214499,-0.7370111200485534,0.03024263410116893,0.0,0.0,0.0,0.0,11.901590234400047
-0.8928856848555796,0.7043684296502104,-0.7229712549306548,0.5869697927535281,0.0,0.0,0.0,0.0,12.048254415120404
-0.39848606499172484,0.6993798668844555,-0.7182912998913565,1.541359207586144,0.0,0.0,0.0,0.0,11.86710429621008
-1.3412982924590822,0.6993798668844555,-0.7182912998913565,0.6665022439895795,0.0,0.0,0.0,0.0,11.889997957243736
-0.250375448712934,0.6993798668844555,-0.7229712549306548,1.30276185387799,0.0,0.0,0.0,0.0,11.943414837983129
-0.6558877718414778,0.6943913041187005,-0.7229712549306548,0.9050995976977334,0.0,0.0,0.0,0.0,11.910365121788654
-0.2604203933704854,0.6943913041187005,-0.7229712549306548,1.2232294026419388,0.0,0.0,0.0,0.0,12.127575825689417
-0.9969973508374919,0.6894027413529527,-0.7229712549306548,0.9846320489337848,0.0,0.0,0.0,0.0,11.8789634386217
0.5225097982975133,0.6943913041187005,-0.7182912998913565,-1.4808739393838062,0.0,0.0,0.0,0.0,12.208075638200357
0.5748272183889264,0.6943913041187005,-0.7182912998913565,-1.4808739393838062,0.0,0.0,0.0,0.0,12.023957067521133
0.47558107247551584,0.6943913041187005,-0.7182912998913565,-1.71947129309196,0.0,0.0,0.0,0.0,11.938853113303086
0.547674477361483,0.6943913041187005,-0.7182912998913565,-1.6399388418559087,0.0,0.0,0.0,0.0,12.349744326212377
-0.5020222393526315,0.6943913041187005,-0.7276512099699566,0.5074373415174769,0.0,0.0,0.0,0.0,11.769898298682092
-0.4458333301744538,0.6894027413529527,-0.732331165009255,0.7460346952256308,0.0,0.0,0.0,0.0,12.021554678392043
-0.2622515030736848,0.6894027413529527,-0.732331165009255,1.064164500169836,0.0,0.0,0.0,0.0,12.041203898548972
-0.7131230294214839,0.6894027413529527,-0.7370111200485534,1.2232294026419388,0.0,0.0,0.0,0.0,12.002124919798158
-0.7854257039878169,0.7043684296502104,-0.7229712549306548,0.3483724390453742,0.0,0.0,0.0,0.0,12.07254696717504
-0.3830001086446664,0.7043684296502104,-0.7229712549306548,1.7004241100582467,0.0,0.0,0.0,0.0,11.9959748767362
-0.8587747269559782,0.6993798668844555,-0.7229712549306548,0.3483724390453742,0.0,0.0,0.0,0.0,11.895469889693825
-0.4616331910420605,0.6943913041187005,-0.7276512099699566,0.18930753657327157,0.0,0.0,0.0,0.0,11.816734299348461
-0.8099625740106896,0.6943913041187005,-0.7276512099699566,0.3483724390453742,0.0,0.0,0.0,0.0,11.930984271840668
-0.35218514821082403,0.7043684296502104,-0.7276512099699566,1.1436969514058875,0.0,0.0,0.0,0.0,11.88173350431221
-0.3392104280281536,0.6993798668844555,-0.7276512099699566,0.8255671464616822,0.0,0.0,0.0,0.0,11.973516181427835
-0.2622515030736848,0.6993798668844555,-0.7276512099699566,0.3483724390453742,0.0,0.0,0.0,0.0,11.901590234400047
-0.6236602410651672,0.6943913041187005,-0.732331165009255,-0.04928981713488239,0.0,0.0,0.0,0.0,11.957617696467539
-0.1566226319091214,0.7043684296502104,-0.732331165009255,0.9846320489337848,0.0,0.0,0.0,0.0,11.818209214992565
-0.0006644026166187388,0.6993798668844555,-0.732331165009255,0.6665022439895795,0.0,0.0,0.0,0.0,11.908346971208951
-0.66336916291455,0.6943913041187005,-0.7370111200485534,-0.12882226837093372,0.0,0.0,0.0,0.0,11.909020140718255
-0.9940675753123728,0.6894027413529527,-0.7370111200485534,0.2688399878093229,0.0,0.0,0.0,0.0,11.83138646878959
-1.4070612895139885,0.6894027413529527,-0.7370111200485534,1.4618267563500926,0.0,0.0,0.0,0.0,11.448930795918299
-0.8267041484399419,0.6844141785871977,-0.7370111200485534,1.3822943051140413,0.0,0.0,0.0,0.0,11.630717389475995
-0.922183440106771,0.6844141785871977,-0.7370111200485534,0.9050995976977334,0.0,0.0,0.0,0.0,11.624475784206961
-0.7259931147639714,0.6844141785871977,-0.741691075087855,-1.6399388418559087,0.0,0.0,0.0,0.0,11.83138646878959
-1.1559899904952966,0.6894027413529527,-0.741691075087855,1.3822943051140413,0.0,0.0,0.0,0.0,11.80261302508661
-0.9353151125497158,0.6844141785871977,-0.741691075087855,0.5869697927535281,0.0,0.0,0.0,0.0,11.869207331664223
-0.34726731072223127,0.6894027413529527,-0.741691075087855,0.6665022439895795,0.0,0.0,0.0,0.0,11.736077016252437
-0.9277814040565522,0.6844141785871977,-0.7370111200485534,1.3822943051140413,0.0,0.0,0.0,0.0,11.602775309696066
-0.7926978253805232,0.6794256158214499,-0.7370111200485534,0.10977508533722025,0.0,0.0,0.0,0.0,11.962732764429129
3.3222242170693996,0.6744370530556949,-0.7370111200485534,1.8594890125303492,0.0,0.0,0.0,0.0,11.630717389475995
-1.4674355922994793,0.6744370530556949,-0.741691075087855,0.5869697927535281,0.0,0.0,0.0,0.0,11.83138646878959
-0.9319144802437738,0.6794256158214499,-0.7370111200485534,1.8594890125303492,0.0,0.0,0.0,0.0,11.600029337681997
-0.8589839966363438,0.6744370530556949,-0.7370111200485534,0.42790489028142553,0.0,0.0,0.0,0.0,11.938853113303086
-0.3719088155852869,0.6744370530556949,-0.741691075087855,0.42790489028142553,0.0,0.0,0.0,0.0,11.951186847493476
-1.1845029844451167,0.6744370530556949,-0.741691075087855,0.9846320489337848,0.0,0.0,0.0,0.0,11.964644189595829
-1.303577432573173,0.6794256158214499,-0.741691075087855,-0.20835471960698504,0.0,0.0,0.0,0.0,11.769124610238766
-0.7095654448552677,0.6794256158214499,-0.741691075087855,-0.04928981713488239,0.0,0.0,0.0,0.0,11.789806920177805
-1.0197554285772565,0.6794256158214499,-0.741691075087855,-0.04928981713488239,0.0,0.0,0.0,0.0,11.823354355742923
-1.0017582360658104,0.6844141785871977,-0.741691075087855,1.1436969514058875,0.0,0.0,0.0,0.0,11.86147448281689
-1.02320837830329,0.6844141785871977,-0.741691075087855,0.9050995976977334,0.0,0.0,0.0,0.0,11.710964518881163
-1.1357431489199197,0.6844141785871977,-0.741691075087855,0.9050995976977334,0.0,0.0,0.0,0.0,11.671645688511857
-0.9711525453123337,0.6844141785871977,-0.741691075087855,1.064164500169836,0.0,0.0,0.0,0.0,11.899554278732099
-0.6546321537592839,0.6844141785871977,-0.741691075087855,0.9846320489337848,0.0,0.0,0.0,0.0,11.918397239722838
-0.5783533552660034,0.6894027413529527,-0.741691075087855,1.1436969514058875,0.0,0.0,0.0,0.0,11.759011806144656
-0.9262641988739012,0.6894027413529527,-0.741691075087855,0.9846320489337848,0.0,0.0,0.0,0.0,11.730461322518734
-0.8298955110655181,0.6844141785871977,-0.741691075087855,1.7004241100582467,0.0,0.0,0.0,0.0,11.710143844404854
-0.8871307686455241,0.6894027413529527,-0.7463710301271534,1.30276185387799,0.0,0.0,0.0,0.0,11.812296455066814
-0.9979390643991373,0.6894027413529527,-0.7463710301271534,0.9050995976977334,0.0,0.0,0.0,0.0,11.918397239722838
-0.9255840724127128,0.6894027413529527,-0.7510509851664519,1.8594890125303492,0.0,0.0,0.0,0.0,11.825551337974238
-0.32037615679524484,0.6894027413529527,-0.7510509851664519,1.7004241100582467,0.0,0.0,0.0,0.0,11.867805799560465
-0.9449938352666272,0.6844141785871977,-0.7463710301271534,1.8594890125303492,0.0,0.0,0.0,0.0,11.822620954414864
-0.05983540474000718,0.6844141785871977,-0.7463710301271534,1.4618267563500926,0.0,0.0,0.0,0.0,11.756663486852712
-0.7872044962709249,0.6844141785871977,-0.7510509851664519,1.8594890125303492,0.0,0.0,0.0,0.0,11.718320437984499
-1.0745317674129662,0.6844141785871977,-0.7463710301271534,1.2232294026419388,0.0,0.0,0.0,0.0,11.876185678347824
-0.8869214989651585,0.6844141785871977,-0.7463710301271534,0.5869697927535281,0.0,0.0,0.0,0.0,11.899554278732099
-1.1444278406550943,0.6844141785871977,-0.7463710301271534,1.2232294026419388,0.0,0.0,0.0,0.0,11.736077016252437
-1.4873685293543077,0.6844141785871977,-0.7463710301271534,-0.8446143294953956,0.0,0.0,0.0,0.0,11.81599602495741
-0.884200993120405,0.6794256158214499,-0.7463710301271534,0.5869697927535281,0.0,0.0,0.0,0.0,11.815257205114566
-0.8532290804262883,0.6794256158214499,-0.7463710301271534,0.6665022439895795,0.0,0.0,0.0,0.0,12.013706813470414
-0.5630766685993108,0.6794256158214499,-0.7463710301271534,1.4618267563500926,0.0,0.0,0.0,0.0,11.907673348237187
-1.1741964526871085,0.6794256158214499,-0.741691075087855,-0.04928981713488239,0.0,0.0,0.0,0.0,11.929007348474721
-0.8810096304948288,0.6794256158214499,-0.7463710301271534,1.8594890125303492,0.0,0.0,0.0,0.0,11.951186847493476
-1.0129018465452815,0.6744370530556949,-0.741691075087855,1.1436969514058875,0.0,0.0,0.0,0.0,11.844392338493027
-0.6962245027319572,0.6794256158214499,-0.741691075087855,1.4618267563500926,0.0,0.0,0.0,0.0,11.646590598651017
-1.2856325574818184,0.6744370530556949,-0.7463710301271534,1.1436969514058875,0.0,0.0,0.0,0.0,11.86147448281689
-1.4001553900619221,0.6744370530556949,-0.741691075087855,1.2232294026419388,0.0,0.0,0.0,0.0,11.65789988570203
-1.0127448942850072,0.6794256158214499,-0.7463710301271534,1.1436969514058875,0.0,0.0,0.0,0.0,11.934926432385152
-0.8357550621157563,0.6794256158214499,-0.7463710301271534,1.4618267563500926,0.0,0.0,0.0,0.0,11.846543632608535
-1.0797111920020162,0.6744370530556949,-0.7510509851664519,1.30276185387799,0.0,0.0,0.0,0.0,11.846543632608535
-0.6377336270697572,0.6794256158214499,-0.7510509851664519,1.30276185387799,0.0,0.0,0.0,0.0,11.862179945241476
-0.7060078602890515,0.6794256158214499,-0.7510509851664519,1.2232294026419388,0.0,0.0,0.0,0.0,11.85723122498801
-0.8726388432802027,0.6794256158214499,-0.7510509851664519,1.8594890125303492,0.0,0.0,0.0,0.0,11.893421422254848
-0.8426609615678229,0.6794256158214499,-0.7510509851664519,1.4618267563500926,0.0,0.0,0.0,0.0,11.884495917930655
-1.0208540943991762,0.6844141785871977,-0.7510509851664519,0.9846320489337848,0.0,0.0,0.0,0.0,11.814517839013352
-0.5892353786450173,0.6844141785871977,-0.7557309402057503,1.6208916588221953,0.0,0.0,0.0,0.0,11.891368749982085
-0.7999699467732297,0.6844141785871977,-0.7510509851664519,1.8594890125303492,0.0,0.0,0.0,0.0,11.814517839013352
-0.601477654946408,0.6844141785871977,-0.7510509851664519,0.6665022439895795,0.0,0.0,0.0,0.0,11.855102824953585
-1.2895040465685832,0.6844141785871977,-0.7510509851664519,1.8594890125303492,0.0,0.0,0.0,0.0,11.853681370708943
-0.6219337662021506,0.6794256158214499,-0.7557309402057503,1.30276185387799,0.0,0.0,0.0,0.0,11.772987080375044
-1.1778063546734159,0.6844141785871977,-0.7557309402057503,-0.20835471960698504,0.0,0.0,0.0,0.0,12.07254696717504
-0.06381152866695437,0.6844141785871977,-0.7557309402057503,1.064164500169836,0.0,0.0,0.0,0.0,11.748795687555171
1.9351847756058527,0.6794256158214499,-0.7557309402057503,1.8594890125303492,0.0,0.0,0.0,0.0,11.119897691565697
-1.3156627566142898,0.6794256158214499,-0.7557309402057503,1.1436969514058875,0.0,0.0,0.0,0.0,11.80036500801413
-0.7036535763849381,0.6694484902899399,-0.741691075087855,1.8594890125303492,0.0,0.0,0.0,0.0,12.323860125621126
-1.594357653441248,0.6644599275241921,-0.741691075087855,-1.2422765856756521,0.0,0.0,0.0,0.0,12.107913912447533
-1.4645581341944518,0.6644599275241921,-0.7463710301271534,1.8594890125303492,0.0,0.0,0.0,0.0,11.630717389475995
-1.4012540558838416,0.6644599275241921,-0.7370111200485534,0.3483724390453742,0.0,0.0,0.0,0.0,12.765691290604371
-1.4929141758839977,0.6644599275241921,-0.7370111200485534,-1.6399388418559087,0.0,0.0,0.0,0.0,11.37940550085183
-1.1179029086687478,0.6644599275241921,-0.7370111200485534,-0.7650818782593443,0.0,0.0,0.0,0.0,11.998439434579149
-1.6735139100395562,0.6594713647584372,-0.741691075087855,1.8594890125303492,0.0,0.0,0.0,0.0,12.765691290604371
-1.6025714883955997,0.6594713647584372,-0.741691075087855,-1.6399388418559087,0.0,0.0,0.0,0.0,12.524530013005734
0.7490965447134237,0.6594713647584372,-0.7370111200485534,-1.3218090369117035,0.0,0.0,0.0,0.0,12.568981617474362
0.11558490482650138,0.6544828019926822,-0.741691075087855,1.8594890125303492,0.0,0.0,0.0,0.0,13.122367377396328
-0.7399095485082873,0.6544828019926822,-0.7463710301271534,-1.7990037443280114,0.0,0.0,0.0,0.0,11.998439434579149
-1.0986500980751077,0.6594713647584372,-0.7370111200485534,1.8594890125303492,0.0,0.0,0.0,0.0,12.652362948153474
-1.2491673156781036,0.6544828019926822,-0.7370111200485534,-1.0832116832035494,0.0,0.0,0.0,0.0,12.07254696717504
-1.0535524819563094,0.6544828019926822,-0.7370111200485534,0.9050995976977334,0.0,0.0,0.0,0.0,11.785247676408115
-1.0633358395134036,0.6544828019926822,-0.732331165009255,1.8594890125303492,0.0,0.0,0.0,0.0,12.132969552931216
-0.8452245151523021,0.6544828019926822,-0.732331165009255,0.9050995976977334,0.0,0.0,0.0,0.0,12.017336559562407
-0.7081528745127995,0.6544828019926822,-0.732331165009255,0.10977508533722025,0.0,0.0,0.0,0.0,12.141539457711714
-0.8011209300152407,0.6544828019926822,-0.7370111200485534,0.7460346952256308,0.0,0.0,0.0,0.0,12.323860125621126
-1.1985240530296155,0.6544828019926822,-0.7370111200485534,1.064164500169836,0.0,0.0,0.0,0.0,11.37940550085183
-0.8017487390563378,0.6494942392269343,-0.732331165009255,1.064164500169836,0.0,0.0,0.0,0.0,12.27045959268099
-1.1969022130067817,0.6494942392269343,-0.7370111200485534,0.10977508533722025,0.0,0.0,0.0,0.0,11.946012225174645
-0.8017487390563378,0.6494942392269343,-0.732331165009255,0.42790489028142553,0.0,0.0,0.0,0.0,11.932300052847731
-0.9911377997872536,0.6494942392269343,-0.7370111200485534,0.3483724390453742,0.0,0.0,0.0,0.0,12.246739428005663
-0.7733403799467005,0.6494942392269343,-0.732331165009255,0.3483724390453742,0.0,0.0,0.0,0.0,12.118884889350285
-1.0217434905407303,0.6445056764611794,-0.732331165009255,0.9846320489337848,0.0,0.0,0.0,0.0,12.240961875957243
-0.7392817394671903,0.6445056764611794,-0.732331165009255,-0.3674196220790877,0.0,0.0,0.0,0.0,12.286273802188468
-0.8481019732573299,0.6445056764611794,-0.732331165009255,-1.1627441344396008,0.0,0.0,0.0,0.0,12.490879338036375
-0.791389889878238,0.6445056764611794,-0.732331165009255,0.2688399878093229,0.0,0.0,0.0,0.0,12.154784614286667
-0.9725651156548019,0.6445056764611794,-0.732331165009255,-0.28788717084303633,0.0,0.0,0.0,0.0,12.086731521684555
-1.1281571230066647,0.6445056764611794,-0.7370111200485534,-0.9241467807314468,0.0,0.0,0.0,0.0,12.07254696717504
-1.4343709828017062,0.6494942392269343,-0.7370111200485534,-0.9241467807314468,0.0,0.0,0.0,0.0,11.83138646878959
-1.3352294717284783,0.6494942392269343,-0.7370111200485534,-0.28788717084303633,0.0,0.0,0.0,0.0,11.630717389475995
-1.2463421749931671,0.6494942392269343,-0.7370111200485534,1.30276185387799,0.0,0.0,0.0,0.0,12.141539457711714
-1.2482256021164582,0.6494942392269343,-0.7370111200485534,-0.20835471960698504,0.0,0.0,0.0,0.0,12.524530013005734
-1.1261167436230994,0.6544828019926822,-0.7370111200485534,0.3483724390453742,0.0,0.0,0.0,0.0,11.608244735642321
-0.582224844352768,0.6494942392269343,-0.741691075087855,0.6665022439895795,0.0,0.0,0.0,0.0,11.83138646878959
-1.5276529428246959,0.6494942392269343,-0.741691075087855,1.8594890125303492,0.0,0.0,0.0,0.0,12.524530013005734
-1.1812593043994493,0.6445056764611794,-0.7370111200485534,1.8594890125303492,0.0,0.0,0.0,0.0,12.323860125621126
-1.4460900849021827,0.6445056764611794,-0.7370111200485534,1.8594890125303492,0.0,0.0,0.0,0.0,12.141539457711714
-1.386866765358703,0.6445056764611794,-0.7370111200485534,1.064164500169836,0.0,0.0,0.0,0.0,11.998439434579149
-1.0932614038056923,0.6494942392269343,-0.741691075087855,-0.28788717084303633,0.0,0.0,0.0,0.0,12.691583538230217
-1.205168365381225,0.6494942392269343,-0.741691075087855,-0.20835471960698504,0.0,0.0,0.0,0.0,12.323860125621126
-1.2633453365228764,0.6445056764611794,-0.741691075087855,-0.04928981713488239,0.0,0.0,0.0,0.0,12.524530013005734
-1.1723130255638174,0.6445056764611794,-0.741691075087855,0.18930753657327157,0.0,0.0,0.0,0.0,11.998439434579149
-1.273913455381342,0.6445056764611794,-0.741691075087855,0.9846320489337848,0.0,0.0,0.0,0.0,11.97603664577121
-1.3478379699705088,0.6445056764611794,-0.741691075087855,0.9846320489337848,0.0,0.0,0.0,0.0,11.998439434579149
-1.2536142963858738,0.6445056764611794,-0.741691075087855,1.2232294026419388,0.0,0.0,0.0,0.0,12.26670197321789
-1.33899632597506,0.6494942392269343,-0.741691075087855,1.4618267563500926,0.0,0.0,0.0,0.0,11.630717389475995
-1.1365802276413823,0.6494942392269343,-0.7463710301271534,-1.2422765856756521,0.0,0.0,0.0,0.0,11.679295469550114
-1.0703463738056531,0.6494942392269343,-0.741691075087855,-0.3674196220790877,0.0,0.0,0.0,0.0,12.323860125621126
-1.399527581020825,0.6494942392269343,-0.741691075087855,-1.3218090369117035,0.0,0.0,0.0,0.0,12.524530013005734
2.5792122169311495,0.6245514253981738,-0.732331165009255,1.8594890125303492,0.0,0.0,0.0,0.0,13.122367377396328
5.819700899973191,0.6195628626324188,-0.7370111200485534,1.8594890125303492,0.0,0.0,0.0,0.0,13.122367377396328
5.819700899973191,0.6195628626324188,-0.732331165009255,1.8594890125303492,0.0,0.0,0.0,0.0,13.122367377396328
5.819700899973191,0.6195628626324188,-0.732331165009255,1.8594890125303492,0.0,0.0,0.0,0.0,13.122367377396328
-0.20669040293660404,0.6145742998666639,-0.7370111200485534,1.8594890125303492,0.0,0.0,0.0,0.0,12.978033317047784
-0.6998344047182647,0.6395171136954244,-0.732331165009255,-0.7650818782593443,0.0,0.0,0.0,0.0,12.579706471268628
-0.9719373066137049,0.6395171136954244,-0.7370111200485534,-1.5604063906198575,0.0,0.0,0.0,0.0,11.86147448281689
-1.1696448371391555,0.6395171136954244,-0.732331165009255,-0.5264845245511903,0.0,0.0,0.0,0.0,12.611541086966115
-1.0208540943991762,0.6395171136954244,-0.7276512099699566,1.1436969514058875,0.0,0.0,0.0,0.0,12.611541086966115
-0.7541398867731517,0.6345285509296765,-0.732331165009255,0.18930753657327157,0.0,0.0,0.0,0.0,12.348444223321136
-1.0737993235316865,0.6345285509296765,-0.732331165009255,1.3822943051140413,0.0,0.0,0.0,0.0,12.377927112974284
-0.8050447365220968,0.6345285509296765,-0.732331165009255,-0.20835471960698504,0.0,0.0,0.0,0.0,12.55072915656616
-0.23609279302797825,0.6345285509296765,-0.732331165009255,0.5869697927535281,0.0,0.0,0.0,0.0,12.548601503733918
-0.8579376482345155,0.6295399881639216,-0.732331165009255,-0.04928981713488239,0.0,0.0,0.0,0.0,12.630035608520458
-0.6563063112022091,0.6295399881639216,-0.7276512099699566,1.6208916588221953,0.0,0.0,0.0,0.0,12.768259411382008
-0.8428179138280972,0.6295399881639216,-0.732331165009255,0.9050995976977334,0.0,0.0,0.0,0.0,13.005831808336863
3.8412653417963103,0.6245514253981738,-0.732331165009255,1.8594890125303492,0.0,0.0,0.0,0.0,13.122367377396328
-1.5673618646740788,0.6295399881639216,-0.7370111200485534,0.5869697927535281,0.0,0.0,0.0,0.0,13.017005083966255
0.9746892601475977,0.6245514253981738,-0.7370111200485534,1.8594890125303492,0.0,0.0,0.0,0.0,13.122367377396328
5.819700899973191,0.6245514253981738,-0.7370111200485534,1.8594890125303492,0.0,0.0,0.0,0.0,13.122367377396328
-0.8191704399467783,0.6295399881639216,-0.732331165009255,-0.20835471960698504,0.0,0.0,0.0,0.0,12.023957067521133
-1.1392484160660443,0.6295399881639216,-0.7370111200485534,0.10977508533722025,0.0,0.0,0.0,0.0,12.929993908996359
-0.8399404557230694,0.6345285509296765,-0.732331165009255,-0.8446143294953956,0.0,0.0,0.0,0.0,12.07254696717504
-0.7894018279147643,0.6295399881639216,-0.732331165009255,-0.6855494270232929,0.0,0.0,0.0,0.0,13.122367377396328
-0.8720633516591971,0.6345285509296765,-0.7370111200485534,-0.6855494270232929,0.0,0.0,0.0,0.0,11.225256725762893
-1.0319453874585558,0.6295399881639216,-0.7370111200485534,0.42790489028142553,0.0,0.0,0.0,0.0,12.691583538230217
-1.11947243127149,0.6395171136954244,-0.732331165009255,-0.3674196220790877,0.0,0.0,0.0,0.0,11.630717389475995
-1.1410272083491524,0.6345285509296765,-0.7370111200485534,1.1436969514058875,0.0,0.0,0.0,0.0,11.918397239722838
-1.214271596477131,0.6395171136954244,-0.7370111200485534,1.064164500169836,0.0,0.0,0.0,0.0,11.156264806643742
-1.193292311020474,0.6395171136954244,-0.7370111200485534,-0.12882226837093372,0.0,0.0,0.0,0.0,12.141539457711714
-0.8959724126409729,0.6395171136954244,-0.7370111200485534,1.3822943051140413,0.0,0.0,0.0,0.0,12.765691290604371
-1.2599447042169347,0.6345285509296765,-0.7370111200485534,1.4618267563500926,0.0,0.0,0.0,0.0,11.83138646878959
-1.0177673666137828,0.6395171136954244,-0.7370111200485534,-0.446952073315139,0.0,0.0,0.0,0.0,12.360084744326953
-0.9642466458602672,0.6345285509296765,-0.7370111200485534,0.3483724390453742,0.0,0.0,0.0,0.0,12.506180941677357
-1.0750549416138804,0.6345285509296765,-0.7370111200485534,-0.6060169757872417,0.0,0.0,0.0,0.0,13.07107218827772
-1.0916918812029497,0.6345285509296765,-0.7370111200485534,-0.446952073315139,0.0,0.0,0.0,0.0,12.682930853382516
-0.5525085497408453,0.6295399881639216,-0.7370111200485534,-0.3674196220790877,0.0,0.0,0.0,0.0,13.122367377396328
-1.1529555801299947,0.6295399881639216,-0.7370111200485534,1.4618267563500926,0.0,0.0,0.0,0.0,12.141539457711714
-0.9529984005406134,0.6295399881639216,-0.7370111200485534,0.42790489028142553,0.0,0.0,0.0,0.0,12.923914877701906
-0.9065405314994385,0.6295399881639216,-0.7370111200485534,1.8594890125303492,0.0,0.0,0.0,0.0,12.70351207261035
-0.9670717865452034,0.6295399881639216,-0.7370111200485534,0.18930753657327157,0.0,0.0,0.0,0.0,12.793862088206213
-0.16980662177215772,0.6245514253981738,-0.741691075087855,1.064164500169836,0.0,0.0,0.0,0.0,12.582798715298532
0.13012914761191427,0.6245514253981738,-0.7370111200485534,1.1436969514058875,0.0,0.0,0.0,0.0,12.9872329927875
0.3743468645986312,0.6245514253981738,-0.7370111200485534,0.5869697927535281,0.0,0.0,0.0,0.0,12.727841176689147
2.3466612846248176,0.6195628626324188,-0.7370111200485534,1.8594890125303492,0.0,0.0,0.0,0.0,12.980341182582029
-0.2622515030736848,0.6195628626324188,-0.741691075087855,1.541359207586144,0.0,0.0,0.0,0.0,12.459943248455652
-0.705170781567589,0.6195628626324188,-0.741691075087855,1.2232294026419388,0.0,0.0,0.0,0.0,12.329621250524813
-0.8907929880519231,0.6195628626324188,-0.741691075087855,1.30276185387799,0.0,0.0,0.0,0.0,12.051177522006789
-1.197059165267056,0.6245514253981738,-0.741691075087855,1.7004241100582467,0.0,0.0,0.0,0.0,12.698635515785552
-0.9856444706776553,0.6245514253981738,-0.741691075087855,1.064164500169836,0.0,0.0,0.0,0.0,12.429220196836383
-0.7036535763849381,0.6295399881639216,-0.741691075087855,0.5074373415174769,0.0,0.0,0.0,0.0,12.630689842582935
-0.3848835357679573,0.6295399881639216,-0.741691075087855,0.9050995976977334,0.0,0.0,0.0,0.0,12.942281710183714
-1.0259812015681347,0.6345285509296765,-0.741691075087855,1.2232294026419388,0.0,0.0,0.0,0.0,11.65789988570203
-1.1275816313856593,0.6345285509296765,-0.741691075087855,1.064164500169836,0.0,0.0,0.0,0.0,12.275136847806356
-0.8279597665221359,0.6295399881639216,-0.741691075087855,1.064164500169836,0.0,0.0,0.0,0.0,12.765691290604371
-0.9076391973213581,0.6345285509296765,-0.741691075087855,1.3822943051140413,0.0,0.0,0.0,0.0,11.968456114085114
-0.8411960738052632,0.6345285509296765,-0.741691075087855,0.18930753657327157,0.0,0.0,0.0,0.0,12.174587138384211
-1.3024787667512536,0.6395171136954244,-0.741691075087855,0.10977508533722025,0.0,0.0,0.0,0.0,12.174587138384211
-1.1923505974588289,0.6395171136954244,-0.741691075087855,0.42790489028142553,0.0,0.0,0.0,0.0,12.036475785297062
-1.017034922732503,0.6345285509296765,-0.741691075087855,0.5869697927535281,0.0,0.0,0.0,0.0,11.989786776470444
-0.9313913060428597,0.6345285509296765,-0.741691075087855,0.42790489028142553,0.0,0.0,0.0,0.0,12.141539457711714
-1.0616616820704785,0.6395171136954244,-0.741691075087855,-0.8446143294953956,0.0,0.0,0.0,0.0,12.429220196836383
-0.7794615180973957,0.6395171136954244,-0.741691075087855,-1.4013414881477548,0.0,0.0,0.0,0.0,12.765691290604371
-0.9538877966821674,0.6395171136954244,-0.741691075087855,0.18930753657327157,0.0,0.0,0.0,0.0,12.342354626814949
0.4224788910827311,0.609585737100916,-0.7276512099699566,1.8594890125303492,0.0,0.0,0.0,0.0,13.079457964073546
0.5303574113112252,0.609585737100916,-0.732331165009255,1.8594890125303492,0.0,0.0,0.0,0.0,13.122367377396328
0.13420990637904429,0.609585737100916,-0.732331165009255,1.8594890125303492,0.0,0.0,0.0,0.0,13.122367377396328
1.0395105436408587,0.6145742998666639,-0.732331165009255,1.8594890125303492,0.0,0.0,0.0,0.0,13.017005083966255
3.5103576597181214,0.6145742998666639,-0.7276512099699566,1.8594890125303492,0.0,0.0,0.0,0.0,13.122367377396328
5.819700899973191,0.6145742998666639,-0.7276512099699566,1.8594890125303492,0.0,0.0,0.0,0.0,13.122367377396328
1.2273823991891233,0.6145742998666639,-0.732331165009255,1.8594890125303492,0.0,0.0,0.0,0.0,13.122367377396328
0.14938195820555455,0.6145742998666639,-0.732331165009255,1.8594890125303492,0.0,0.0,0.0,0.0,13.122367377396328
0.895062146768467,0.6145742998666639,-0.7276512099699566,1.8594890125303492,0.0,0.0,0.0,0.0,13.122367377396328
-0.32006225227469637,0.609585737100916,-0.7276512099699566,1.8594890125303492,0.0,0.0,0.0,0.0,12.07254696717504
-0.36610158195514003,0.604597174335161,-0.7276512099699566,1.8594890125303492,0.0,0.0,0.0,0.0,12.323860125621126
-0.47827013063112994,0.604597174335161,-0.7276512099699566,1.8594890125303492,0.0,0.0,0.0,0.0,12.07254696717504
-0.13873007423785821,0.609585737100916,-0.732331165009255,1.541359207586144,0.0,0.0,0.0,0.0,13.017005083966255
-0.27041302060794525,0.609585737100916,-0.732331165009255,1.30276185387799,0.0,0.0,0.0,0.0,12.568981617474362
0.07409719069401074,0.609585737100916,-0.732331165009255,1.3822943051140413,0.0,0.0,0.0,0.0,12.765691290604371
-0.15923850291369224,0.609585737100916,-0.732331165009255,1.30276185387799,0.0,0.0,0.0,0.0,13.122367377396328
-0.8050447365220968,0.604597174335161,-0.732331165009255,0.9050995976977334,0.0,0.0,0.0,0.0,12.780439105411505
0.4319483441192772,0.604597174335161,-0.732331165009255,1.541359207586144,0.0,0.0,0.0,0.0,12.926594205381187
0.2565803519728599,0.599608611569406,-0.732331165009255,1.7004241100582467,0.0,0.0,0.0,0.0,12.913125196739307
0.1955259227261808,0.599608611569406,-0.732331165009255,1.8594890125303492,0.0,0.0,0.0,0.0,13.0958160959785
0.7134683816311717,0.599608611569406,-0.732331165009255,1.8594890125303492,0.0,0.0,0.0,0.0,13.094788665553034
-0.3532838140327437,0.599608611569406,-0.732331165009255,1.2232294026419388,0.0,0.0,0.0,0.0,12.568981617474362
-0.3707055149231844,0.599608611569406,-0.732331165009255,0.8255671464616822,0.0,0.0,0.0,0.0,13.024532222611139
-0.23420936590468736,0.599608611569406,-0.732331165009255,1.8594890125303492,0.0,0.0,0.0,0.0,13.06959742023368
-0.2497476396718371,0.5946200488036583,-0.7276512099699566,-0.28788717084303633,0.0,0.0,0.0,0.0,13.091906231773164
-0.2635594385759701,0.5946200488036583,-0.732331165009255,-1.0036792319674983,0.0,0.0,0.0,0.0,12.834683971615659
-0.16687684624703844,0.5946200488036583,-0.732331165009255,-0.6060169757872417,0.0,0.0,0.0,0.0,13.122367377396328
-0.36604926453504855,0.6145742998666639,-0.732331165009255,1.8594890125303492,0.0,0.0,0.0,0.0,12.323860125621126
-0.7345731716589632,0.609585737100916,-0.7370111200485534,1.8594890125303492,0.0,0.0,0.0,0.0,13.122367377396328
1.7215727493726127,0.6145742998666639,-0.7370111200485534,1.8594890125303492,0.0,0.0,0.0,0.0,13.122367377396328
0.021151961561500607,0.6145742998666639,-0.741691075087855,1.8594890125303492,0.0,0.0,0.0,0.0,12.68106692573485
-0.17169004889544862,0.6145742998666639,-0.7370111200485534,1.8594890125303492,0.0,0.0,0.0,0.0,12.889172015485954
-0.0834828786213259,0.6145742998666639,-0.7370111200485534,1.8594890125303492,0.0,0.0,0.0,0.0,12.698635515785552
-0.3323045285760871,0.609585737100916,-0.7370111200485534,1.8594890125303492,0.0,0.0,0.0,0.0,12.429220196836383
-0.0834828786213259,0.609585737100916,-0.7370111200485534,1.541359207586144,0.0,0.0,0.0,0.0,12.861001210669146
0.7877068007408868,0.609585737100916,-0.7370111200485534,1.8594890125303492,0.0,0.0,0.0,0.0,12.996575639431459
-0.6268516036907433,0.609585737100916,-0.741691075087855,0.3483724390453742,0.0,0.0,0.0,0.0,12.703207983522068
-0.3392104280281536,0.609585737100916,-0.7370111200485534,1.541359207586144,0.0,0.0,0.0,0.0,12.899222326086994
-0.3276482781879513,0.604597174335161,-0.7370111200485534,0.8255671464616822,0.0,0.0,0.0,0.0,12.779875885354993
-0.47910720935259243,0.604597174335161,-0.7370111200485534,1.8594890125303492,0.0,0.0,0.0,0.0,13.122367377396328
0.336364417612265,0.599608611569406,-0.7370111200485534,1.8594890125303492,0.0,0.0,0.0,0.0,13.008076473152153
0.880674856243328,0.599608611569406,-0.7370111200485534,1.8594890125303492,0.0,0.0,0.0,0.0,13.122367377396328
-0.38127363378164986,0.5946200488036583,-0.7370111200485534,-0.04928981713488239,0.0,0.0,0.0,0.0,12.80078251189375
-0.5722845345353994,0.5946200488036583,-0.7370111200485534,0.03024263410116893,0.0,0.0,0.0,0.0,13.017005083966255
-0.5508867097180113,0.5946200488036583,-0.7370111200485534,0.18930753657327157,0.0,0.0,0.0,0.0,12.644330802262578
-0.16776624238859247,0.5946200488036583,-0.7370111200485534,-0.28788717084303633,0.0,0.0,0.0,0.0,13.122365377402328
-0.4133442122976862,0.599608611569406,-0.741691075087855,0.5074373415174769,0.0,0.0,0.0,0.0,12.752171779406325
-0.02682311266232525,0.599608611569406,-0.7463710301271534,1.8594890125303492,0.0,0.0,0.0,0.0,12.537176929007302
0.06734824350221838,0.599608611569406,-0.741691075087855,1.541359207586144,0.0,0.0,0.0,0.0,12.524530013005734
-0.46456296656717955,0.599608611569406,-0.741691075087855,0.9846320489337848,0.0,0.0,0.0,0.0,12.5984558913214
0.6327949198502123,0.599608611569406,-0.7370111200485534,1.8594890125303492,0.0,0.0,0.0,0.0,13.060490101343552
0.09523342841094168,0.599608611569406,-0.741691075087855,1.8594890125303492,0.0,0.0,0.0,0.0,13.004257539652954
-0.13145795284515174,0.599608611569406,-0.741691075087855,1.8594890125303492,0.0,0.0,0.0,0.0,12.996575639431459
0.07608525265748446,0.599608611569406,-0.7370111200485534,1.8594890125303492,0.0,0.0,0.0,0.0,13.122367377396328
-0.2583800139869202,0.604597174335161,-0.741691075087855,1.541359207586144,0.0,0.0,0.0,0.0,12.684171544482453
0.09743076005478102,0.604597174335161,-0.741691075087855,1.4618267563500926,0.0,0.0,0.0,0.0,12.595411759236592
-0.311272925699339,0.604597174335161,-0.741691075087855,1.541359207586144,0.0,0.0,0.0,0.0,12.403286919899765
-0.567419014466898,0.604597174335161,-0.7463710301271534,1.6208916588221953,0.0,0.0,0.0,0.0,12.396697137361691
-0.2840678672518041,0.604597174335161,-0.741691075087855,1.30276185387799,0.0,0.0,0.0,0.0,12.447845587147512
-0.4148614174803371,0.604597174335161,-0.741691075087855,1.7004241100582467,0.0,0.0,0.0,0.0,12.731099946396425
-0.4214534124118552,0.5946200488036583,-0.741691075087855,1.8594890125303492,0.0,0.0,0.0,0.0,12.94299984135011
0.9807580808782015,0.5896314860379033,-0.741691075087855,1.4618267563500926,0.0,0.0,0.0,0.0,13.069175658147635
0.2839946801007607,0.5946200488036583,-0.741691075087855,1.8594890125303492,0.0,0.0,0.0,0.0,12.719198621456203
0.5333918216765274,0.5946200488036583,-0.741691075087855,1.6208916588221953,0.0,0.0,0.0,0.0,12.717700947064154
-0.3339263685989209,0.5946200488036583,-0.741691075087855,0.9050995976977334,0.0,0.0,0.0,0.0,12.568981617474362
-0.4084263748090932,0.5946200488036583,-0.741691075087855,0.5074373415174769,0.0,0.0,0.0,0.0,13.122367377396328
-0.9301356879606658,0.609585737100916,-0.741691075087855,1.2232294026419388,0.0,0.0,0.0,0.0,11.970356641102999
-0.52158895446682,0.604597174335161,-0.741691075087855,1.064164500169836,0.0,0.0,0.0,0.0,12.216522851424992
-0.6856040664534006,0.604597174335161,-0.741691075087855,1.30276185387799,0.0,0.0,0.0,0.0,12.437188334739655
-0.5190777183024321,0.609585737100916,-0.741691075087855,1.3822943051140413,0.0,0.0,0.0,0.0,12.580394463425135
-0.35673676375877705,0.6145742998666639,-0.741691075087855,1.7004241100582467,0.0,0.0,0.0,0.0,12.271396795480596
-0.8390510595815154,0.6145742998666639,-0.741691075087855,0.8255671464616822,0.0,0.0,0.0,0.0,11.853681370708943
-0.12177923012824034,0.609585737100916,-0.741691075087855,1.8594890125303492,0.0,0.0,0.0,0.0,12.184854116317803
-0.6334959160423529,0.6145742998666639,-0.741691075087855,1.8594890125303492,0.0,0.0,0.0,0.0,12.466130405907165
-0.7032873544442981,0.6245514253981738,-0.7463710301271534,0.8255671464616822,0.0,0.0,0.0,0.0,12.059317054505962
-0.8479973384171471,0.6245514253981738,-0.7463710301271534,0.8255671464616822,0.0,0.0,0.0,0.0,12.013706813470414
-0.7971448060882935,0.6245514253981738,-0.7463710301271534,1.541359207586144,0.0,0.0,0.0,0.0,11.959538914341756
-0.5039579838960139,0.6195628626324188,-0.7463710301271534,0.18930753657327157,0.0,0.0,0.0,0.0,12.167856627501678
-0.9446799307460785,0.6195628626324188,-0.741691075087855,1.3822943051140413,0.0,0.0,0.0,0.0,12.500609917318906
-0.12502291017390782,0.6195628626324188,-0.7463710301271534,1.8594890125303492,0.0,0.0,0.0,0.0,12.948012371209098
-0.5939962638733359,0.6145742998666639,-0.741691075087855,0.9846320489337848,0.0,0.0,0.0,0.0,12.026353699006034
-0.6700657926862508,0.6145742998666639,-0.7463710301271534,0.5074373415174769,0.0,0.0,0.0,0.0,11.847259703415569
-0.863692564444571,0.6145742998666639,-0.7463710301271534,0.9050995976977334,0.0,0.0,0.0,0.0,11.752737324967208
-1.1378358457235762,0.6145742998666639,-0.7463710301271534,0.6665022439895795,0.0,0.0,0.0,0.0,11.72157244693173
-1.0504134367508247,0.609585737100916,-0.7463710301271534,0.5869697927535281,0.0,0.0,0.0,0.0,11.923053020292636
-0.41365811681823467,0.609585737100916,-0.7463710301271534,1.6208916588221953,0.0,0.0,0.0,0.0,11.929007348474721
-0.8921009235542083,0.609585737100916,-0.7463710301271534,1.30276185387799,0.0,0.0,0.0,0.0,12.09626335986454
-0.8134678411568143,0.604597174335161,-0.7463710301271534,1.541359207586144,0.0,0.0,0.0,0.0,11.845109950883979
-0.18843162332470084,0.604597174335161,-0.7463710301271534,1.30276185387799,0.0,0.0,0.0,0.0,11.964007453736912
-0.7887217014535759,0.609585737100916,-0.7463710301271534,0.7460346952256308,0.0,0.0,0.0,0.0,11.896833207128452
-0.9252178504720728,0.604597174335161,-0.7510509851664519,1.1436969514058875,0.0,0.0,0.0,0.0,11.80186424743109
-0.42213353887304356,0.599608611569406,-0.7510509851664519,0.6665022439895795,0.0,0.0,0.0,0.0,11.713422508992204
-0.9534692573214362,0.604597174335161,-0.7463710301271534,0.42790489028142553,0.0,0.0,0.0,0.0,11.74245657234248
-0.7391247872069162,0.609585737100916,-0.7463710301271534,0.9846320489337848,0.0,0.0,0.0,0.0,12.04002396437039
-1.0339334494220296,0.609585737100916,-0.7510509851664519,1.2232294026419388,0.0,0.0,0.0,0.0,11.616393190430356
-0.6873305413164171,0.609585737100916,-0.7463710301271534,1.30276185387799,0.0,0.0,0.0,0.0,11.835016210489899
-0.667711508782137,0.6145742998666639,-0.7463710301271534,1.064164500169836,0.0,0.0,0.0,0.0,12.051761119434515
-1.1604892886231584,0.6145742998666639,-0.7510509851664519,1.541359207586144,0.0,0.0,0.0,0.0,11.685205103383671
-1.012587942024733,0.6145742998666639,-0.7463710301271534,1.064164500169836,0.0,0.0,0.0,0.0,11.810070125585671
-0.6715306804488104,0.6195628626324188,-0.7463710301271534,0.3483724390453742,0.0,0.0,0.0,0.0,11.992266613576142
-0.6530626311565414,0.6195628626324188,-0.7463710301271534,1.541359207586144,0.0,0.0,0.0,0.0,12.433610527614848
-1.0688291686230023,0.6245514253981738,-0.7463710301271534,1.4618267563500926,0.0,0.0,0.0,0.0,11.925703766372617
-0.9680658175269403,0.6245514253981738,-0.7463710301271534,1.064164500169836,0.0,0.0,0.0,0.0,12.036475785297062
-0.5288610758595264,0.6245514253981738,-0.7463710301271534,1.2232294026419388,0.0,0.0,0.0,0.0,12.082780085278282
-0.9268920079149982,0.6245514253981738,-0.7510509851664519,0.5074373415174769,0.0,0.0,0.0,0.0,11.643962499267984
-1.0329917358603842,0.6195628626324188,-0.7510509851664519,0.8255671464616822,0.0,0.0,0.0,0.0,11.83138646878959
-0.4515359289644178,0.6245514253981738,-0.7510509851664519,1.4618267563500926,0.0,0.0,0.0,0.0,12.315827989765994
-0.36788037423824815,0.6245514253981738,-0.7510509851664519,1.4618267563500926,0.0,0.0,0.0,0.0,11.707677772181546
-0.6625844016131787,0.6245514253981738,-0.7557309402057503,1.8594890125303492,0.0,0.0,0.0,0.0,11.752737324967208
-0.9657115336228267,0.6245514253981738,-0.7557309402057503,1.779956561294298,0.0,0.0,0.0,0.0,11.801114908687438
-0.979418697686777,0.6245514253981738,-0.7557309402057503,1.4618267563500926,0.0,0.0,0.0,0.0,11.645715332733134
-1.0452863295818662,0.6195628626324188,-0.7557309402057503,1.30276185387799,0.0,0.0,0.0,0.0,11.680141844155234
-0.8780798549697095,0.6195628626324188,-0.7557309402057503,1.3822943051140413,0.0,0.0,0.0,0.0,11.741661349996177
-1.1684415364770528,0.6195628626324188,-0.7510509851664519,1.3822943051140413,0.0,0.0,0.0,0.0,11.736077016252437
0.18077241026040225,0.6145742998666639,-0.7557309402057503,1.541359207586144,0.0,0.0,0.0,0.0,12.10625783509458
-0.17817740898678383,0.6145742998666639,-0.7557309402057503,1.2232294026419388,0.0,0.0,0.0,0.0,11.963370312187111
-1.039165191431171,0.609585737100916,-0.7510509851664519,1.6208916588221953,0.0,0.0,0.0,0.0,11.728044909070785
-0.8626985334628341,0.609585737100916,-0.7510509851664519,1.1436969514058875,0.0,0.0,0.0,0.0,11.722383799419628
-0.3276482781879513,0.609585737100916,-0.7557309402057503,1.8594890125303492,0.0,0.0,0.0,0.0,11.810812786275873
-0.9853828835771982,0.609585737100916,-0.7510509851664519,1.064164500169836,0.0,0.0,0.0,0.0,11.73927188163082
-1.0697185647645562,0.604597174335161,-0.7510509851664519,0.9050995976977334,0.0,0.0,0.0,0.0,11.63956692643747
-0.8577283785541499,0.604597174335161,-0.7510509851664519,0.7460346952256308,0.0,0.0,0.0,0.0,11.695255355062795
-1.1672382358149505,0.604597174335161,-0.7510509851664519,0.5074373415174769,0.0,0.0,0.0,0.0,11.74325116281265
-0.2682156889641059,0.599608611569406,-0.7510509851664519,1.1436969514058875,0.0,0.0,0.0,0.0,11.855812795093666
-0.7491174144443761,0.6145742998666639,-0.7510509851664519,1.3822943051140413,0.0,0.0,0.0,0.0,11.806348526363516
-0.7118674113392899,0.6145742998666639,-0.7557309402057503,1.6208916588221953,0.0,0.0,0.0,0.0,11.824819546736247
-0.3830001086446664,0.6145742998666639,-0.7557309402057503,1.7004241100582467,0.0,0.0,0.0,0.0,11.77760243768057
-1.3246090354499214,0.6145742998666639,-0.7510509851664519,1.4618267563500926,0.0,0.0,0.0,0.0,11.736077016252437
-1.1302498198103212,0.604597174335161,-0.7557309402057503,1.1436969514058875,0.0,0.0,0.0,0.0,12.153204427390497
0.05071130391314895,0.599608611569406,-0.7510509851664519,0.9846320489337848,0.0,0.0,0.0,0.0,12.14632794896594
-0.6596546260880594,0.599608611569406,-0.7557309402057503,1.2232294026419388,0.0,0.0,0.0,0.0,12.171486376730597
-1.2136437874360337,0.6445056764611794,-0.741691075087855,0.5074373415174769,0.0,0.0,0.0,0.0,11.934926432385152
-0.8928856848555796,0.6445056764611794,-0.7463710301271534,0.8255671464616822,0.0,0.0,0.0,0.0,11.94081068679887
-0.9388726971159317,0.6395171136954244,-0.7463710301271534,0.9846320489337848,0.0,0.0,0.0,0.0,11.794345471549745
-1.0563776226412458,0.6395171136954244,-0.741691075087855,0.9050995976977334,0.0,0.0,0.0,0.0,11.876185678347824
-0.7535643951521461,0.6395171136954244,-0.7463710301271534,1.541359207586144,0.0,0.0,0.0,0.0,11.725622642422277
-1.126796870084288,0.6345285509296765,-0.7463710301271534,1.7004241100582467,0.0,0.0,0.0,0.0,12.100717685412471
-0.7568080751978138,0.6345285509296765,-0.741691075087855,1.779956561294298,0.0,0.0,0.0,0.0,11.998439434579149
-1.3590338978700713,0.6345285509296765,-0.741691075087855,0.8255671464616822,0.0,0.0,0.0,0.0,11.710964518881163
-1.0163547962713146,0.6295399881639216,-0.741691075087855,0.7460346952256308,0.0,0.0,0.0,0.0,12.157937516778192
-0.9208231871843942,0.6295399881639216,-0.741691075087855,0.5074373415174769,0.0,0.0,0.0,0.0,12.342354626814949
-0.7966216318873792,0.6295399881639216,-0.741691075087855,-0.20835471960698504,0.0,0.0,0.0,0.0,13.122365377402328
-0.7698351128005758,0.6295399881639216,-0.7463710301271534,0.3483724390453742,0.0,0.0,0.0,0.0,12.246739428005663
-0.9471911669104666,0.6295399881639216,-0.7463710301271534,0.03024263410116893,0.0,0.0,0.0,0.0,12.276535769000125
-1.5910616559754887,0.6295399881639216,-0.7510509851664519,0.03024263410116893,0.0,0.0,0.0,0.0,11.918397239722838
-1.0061528993534892,0.6245514253981738,-0.7510509851664519,0.18930753657327157,0.0,0.0,0.0,0.0,12.336227719801212
-0.6764485179374031,0.6295399881639216,-0.7463710301271534,1.8594890125303492,0.0,0.0,0.0,0.0,12.365641477767022
-1.132865690814892,0.6345285509296765,-0.7463710301271534,-0.3674196220790877,0.0,0.0,0.0,0.0,12.07254696717504
-0.9784769841251317,0.6345285509296765,-0.7463710301271534,0.6665022439895795,0.0,0.0,0.0,0.0,11.918397239722838
-1.1035156181436092,0.6295399881639216,-0.7463710301271534,0.6665022439895795,0.0,0.0,0.0,0.0,12.045322738624144
-0.9604274741935939,0.6395171136954244,-0.7463710301271534,1.2232294026419388,0.0,0.0,0.0,0.0,11.870606902224587
-1.0967143535317254,0.6345285509296765,-0.7510509851664519,0.9846320489337848,0.0,0.0,0.0,0.0,11.998439434579149
-0.9021981856318511,0.6345285509296765,-0.7463710301271534,0.5074373415174769,0.0,0.0,0.0,0.0,11.93689170019576
-0.9046571043761475,0.6395171136954244,-0.7463710301271534,0.2688399878093229,0.0,0.0,0.0,0.0,11.736077016252437
-1.0251964402667635,0.6395171136954244,-0.7510509851664519,1.064164500169836,0.0,0.0,0.0,0.0,11.823354355742923
-1.4933327152447289,0.6395171136954244,-0.7510509851664519,0.03024263410116893,0.0,0.0,0.0,0.0,12.461880850543723
-0.937250857093098,0.6395171136954244,-0.7510509851664519,0.7460346952256308,0.0,0.0,0.0,0.0,11.814517839013352
-1.6369963508157497,0.6395171136954244,-0.7510509851664519,-0.5264845245511903,0.0,0.0,0.0,0.0,12.036475785297062
-0.9685366743077631,0.6295399881639216,-0.7510509851664519,1.3822943051140413,0.0,0.0,0.0,0.0,11.816734299348461
-0.5476430296723439,0.6295399881639216,-0.7510509851664519,1.8594890125303492,0.0,0.0,0.0,0.0,11.792078770667635
-0.7461876389192569,0.6295399881639216,-0.7557309402057503,1.8594890125303492,0.0,0.0,0.0,0.0,11.620891583095712
-1.2582705467740094,0.6295399881639216,-0.7557309402057503,1.2232294026419388,0.0,0.0,0.0,0.0,11.569315250157509
-0.74519360793752,0.6295399881639216,-0.7557309402057503,1.30276185387799,0.0,0.0,0.0,0.0,11.493752839181418
-1.3774496297422487,0.6295399881639216,-0.7557309402057503,1.8594890125303492,0.0,0.0,0.0,0.0,11.496806245590331
-0.8994253623670063,0.6345285509296765,-0.7510509851664519,1.4618267563500926,0.0,0.0,0.0,0.0,11.904298410001253
-0.6088544111792973,0.6345285509296765,-0.7510509851664519,0.9050995976977334,0.0,0.0,0.0,0.0,11.918397239722838
-1.384460164034498,0.6295399881639216,-0.7510509851664519,1.4618267563500926,0.0,0.0,0.0,0.0,11.837910547573129
-1.0567438445818855,0.6345285509296765,-0.7510509851664519,0.6665022439895795,0.0,0.0,0.0,0.0,12.141539457711714
-0.9202476955633886,0.6295399881639216,-0.7510509851664519,0.42790489028142553,0.0,0.0,0.0,0.0,11.961456448214491
-1.3380546124134145,0.6295399881639216,-0.7557309402057503,-0.446952073315139,0.0,0.0,0.0,0.0,11.752737324967208
-0.8256578000381137,0.6295399881639216,-0.7557309402057503,1.3822943051140413,0.0,0.0,0.0,0.0,11.627155529627064
-1.0600921594677362,0.6345285509296765,-0.7557309402057503,1.6208916588221953,0.0,0.0,0.0,0.0,11.66822691098345
-0.9360998738510867,0.6395171136954244,-0.7557309402057503,-0.6060169757872417,0.0,0.0,0.0,0.0,11.85864764578841
-1.1746673094679312,0.6345285509296765,-0.7557309402057503,0.42790489028142553,0.0,0.0,0.0,0.0,11.83138646878959
-1.2023432246962886,0.6345285509296765,-0.7557309402057503,0.18930753657327157,0.0,0.0,0.0,0.0,11.68940499028055
-1.766429648121906,0.6445056764611794,-0.7557309402057503,0.03024263410116893,0.0,0.0,0.0,0.0,13.122367377396328
-1.1100029782349443,0.6494942392269343,-0.7510509851664519,1.7004241100582467,0.0,0.0,0.0,0.0,12.07254696717504
-1.1325517862943435,0.6494942392269343,-0.7510509851664519,1.779956561294298,0.0,0.0,0.0,0.0,11.736077016252437
-1.1862294593081335,0.6445056764611794,-0.7463710301271534,-0.7650818782593443,0.0,0.0,0.0,0.0,11.998439434579149
-1.3494598099933426,0.6445056764611794,-0.7463710301271534,-0.3674196220790877,0.0,0.0,0.0,0.0,11.984184555794167
-1.2867835407238295,0.6445056764611794,-0.7463710301271534,-0.28788717084303633,0.0,0.0,0.0,0.0,12.206077645517674
-0.8871307686455241,0.6445056764611794,-0.7463710301271534,-0.6855494270232929,0.0,0.0,0.0,0.0,12.100717685412471
-1.188949965152887,0.6445056764611794,-0.741691075087855,1.2232294026419388,0.0,0.0,0.0,0.0,12.524530013005734
-1.0580517800841711,0.6445056764611794,-0.7510509851664519,0.9846320489337848,0.0,0.0,0.0,0.0,11.901590234400047
-0.8648435476865822,0.6445056764611794,-0.7463710301271534,1.541359207586144,0.0,0.0,0.0,0.0,11.998439434579149
-1.047012804444883,0.6494942392269343,-0.7557309402057503,0.8255671464616822,0.0,0.0,0.0,0.0,11.754309639974188
-1.0143144168877496,0.6445056764611794,-0.7557309402057503,1.8594890125303492,0.0,0.0,0.0,0.0,10.566201298475118
-1.586405405587353,0.6445056764611794,-0.7510509851664519,-0.20835471960698504,0.0,0.0,0.0,0.0,12.765691290604371
-1.3484134615915142,0.6445056764611794,-0.7510509851664519,-0.28788717084303633,0.0,0.0,0.0,0.0,12.323860125621126
-0.8799109646729092,0.6594713647584372,-0.7557309402057503,1.7004241100582467,0.0,0.0,0.0,0.0,11.972253562968545
-1.0688291686230023,0.6644599275241921,-0.7510509851664519,1.8594890125303492,0.0,0.0,0.0,0.0,12.652362948153474
-1.3951329177331464,0.6544828019926822,-0.7510509851664519,1.6208916588221953,0.0,0.0,0.0,0.0,11.51293546492023
-0.8819513440564741,0.6594713647584372,-0.7510509851664519,1.8594890125303492,0.0,0.0,0.0,0.0,11.728044909070785
-1.1750858488286624,0.6594713647584372,-0.7557309402057503,0.2688399878093229,0.0,0.0,0.0,0.0,11.780667550692455
-1.209092171888081,0.6544828019926822,-0.7557309402057503,0.7460346952256308,0.0,0.0,0.0,0.0,11.720760435616398
-0.9130802090108652,0.6544828019926822,-0.7557309402057503,0.7460346952256308,0.0,0.0,0.0,0.0,11.824087219587643
-1.0662656150385228,0.6544828019926822,-0.7557309402057503,0.9050995976977334,0.0,0.0,0.0,0.0,11.747214672056005
-0.8944028900382305,0.6544828019926822,-0.7557309402057503,0.6665022439895795,0.0,0.0,0.0,0.0,11.675902789388996
-1.3408274356782595,0.6544828019926822,-0.7557309402057503,1.541359207586144,0.0,0.0,0.0,0.0,11.474195031610165
-1.2116557254725602,0.6544828019926822,-0.7557309402057503,0.9846320489337848,0.0,0.0,0.0,0.0,11.604601777542019
-0.8583561875952469,0.6544828019926822,-0.7557309402057503,0.8255671464616822,0.0,0.0,0.0,0.0,11.691080018519527
-1.0271321848101458,0.6594713647584372,-0.7557309402057503,0.5074373415174769,0.0,0.0,0.0,0.0,11.646590598651017
-0.8792308382117208,0.6594713647584372,-0.7557309402057503,0.3483724390453742,0.0,0.0,0.0,0.0,11.520903555205116
-1.3794376917057225,0.6594713647584372,-0.7604108952450519,-0.04928981713488239,0.0,0.0,0.0,0.0,11.410903813540878
-0.8087592733485871,0.6594713647584372,-0.7557309402057503,0.2688399878093229,0.0,0.0,0.0,0.0,11.694421681264394
-1.0608769207691073,0.6644599275241921,-0.7557309402057503,1.541359207586144,0.0,0.0,0.0,0.0,11.41422052949775
-0.7854257039878169,0.6644599275241921,-0.7604108952450519,1.541359207586144,0.0,0.0,0.0,0.0,11.58525542883217
-1.03764798624852,0.6644599275241921,-0.7604108952450519,1.1436969514058875,0.0,0.0,0.0,0.0,11.504903373867316
-0.9049186914766046,0.6594713647584372,-0.7604108952450519,0.18930753657327157,0.0,0.0,0.0,0.0,11.520903555205116
-1.0960342270705368,0.6644599275241921,-0.7604108952450519,0.10977508533722025,0.0,0.0,0.0,0.0,11.755879486687116
-1.4578091870026595,0.6594713647584372,-0.7604108952450519,1.30276185387799,0.0,0.0,0.0,0.0,11.444657330797734
-1.355319361043581,0.6594713647584372,-0.7604108952450519,0.5869697927535281,0.0,0.0,0.0,0.0,11.505910920476012
-1.3328228704042733,0.6594713647584372,-0.7604108952450519,1.1436969514058875,0.0,0.0,0.0,0.0,11.582460855933538
-1.1163333860660052,0.6594713647584372,-0.7604108952450519,1.1436969514058875,0.0,0.0,0.0,0.0,11.51792295668052
-1.2712452669566798,0.6594713647584372,-0.7604108952450519,0.10977508533722025,0.0,0.0,0.0,0.0,11.610061250069942
-1.2613572745594028,0.6544828019926822,-0.7604108952450519,0.7460346952256308,0.0,0.0,0.0,0.0,11.685205103383671
-1.2385468793995467,0.6544828019926822,-0.7604108952450519,1.4618267563500926,0.0,0.0,0.0,0.0,11.659628479662329
-1.030061960335265,0.6544828019926822,-0.7604108952450519,0.6665022439895795,0.0,0.0,0.0,0.0,11.50892748368293
-1.2681062217511951,0.6494942392269343,-0.7604108952450519,1.064164500169836,0.0,0.0,0.0,0.0,11.750374207389497
-0.8887002912482665,0.6544828019926822,-0.7604108952450519,1.3822943051140413,0.0,0.0,0.0,0.0,11.680987503016127
-0.8147234592390082,0.6494942392269343,-0.7557309402057503,-0.6060169757872417,0.0,0.0,0.0,0.0,11.484536278461452
-1.0521399116138412,0.6494942392269343,-0.7604108952450519,0.5074373415174769,0.0,0.0,0.0,0.0,11.662215780913316
-1.389378001523091,0.6494942392269343,-0.7604108952450519,0.5074373415174769,0.0,0.0,0.0,0.0,11.769124610238766
-1.2784127535092034,0.6494942392269343,-0.7604108952450519,1.4618267563500926,0.0,0.0,0.0,0.0,11.644839300053654
-0.9388726971159317,0.6494942392269343,-0.7604108952450519,1.1436969514058875,0.0,0.0,0.0,0.0,11.63780327310248
-0.9041862475953247,0.6494942392269343,-0.7650908502843503,1.3822943051140413,0.0,0.0,0.0,0.0,11.550230883578887
-1.1358477837601024,0.6494942392269343,-0.7650908502843503,1.541359207586144,0.0,0.0,0.0,0.0,11.58432477200052
-1.1124095795591493,0.6494942392269343,-0.7650908502843503,1.4618267563500926,0.0,0.0,0.0,0.0,11.470028402317833
-1.052715403234847,0.6544828019926822,-0.7604108952450519,1.1436969514058875,0.0,0.0,0.0,0.0,11.591745887495987
-1.1793235598560667,0.6544828019926822,-0.7650908502843503,0.9846320489337848,0.0,0.0,0.0,0.0,11.554077005184336
-1.1261690610431911,0.6594713647584372,-0.7650908502843503,0.5869697927535281,0.0,0.0,0.0,0.0,11.569315250157509
-1.1709004552213493,0.6594713647584372,-0.7650908502843503,0.5869697927535281,0.0,0.0,0.0,0.0,11.561725152903833
-1.2023432246962886,0.6594713647584372,-0.7650908502843503,0.2688399878093229,0.0,0.0,0.0,0.0,11.541522639947903
-1.3462684473677664,0.6594713647584372,-0.7650908502843503,0.9846320489337848,0.0,0.0,0.0,0.0,11.412010608265987
-1.2540851531666963,0.6594713647584372,-0.7650908502843503,0.42790489028142553,0.0,0.0,0.0,0.0,11.470028402317833
-1.397225614536803,0.6644599275241921,-0.7650908502843503,-0.446952073315139,0.0,0.0,0.0,0.0,11.37940550085183
-1.5328846848338373,0.6644599275241921,-0.7650908502843503,1.1436969514058875,0.0,0.0,0.0,0.0,11.461642696843066
-0.8344471266134711,0.6594713647584372,-0.7650908502843503,0.03024263410116893,0.0,0.0,0.0,0.0,11.525851561856362
-1.1316623901527894,0.6644599275241921,-0.7650908502843503,0.7460346952256308,0.0,0.0,0.0,0.0,11.591745887495987
-1.2141146442168567,0.6594713647584372,-0.7697708053236487,1.064164500169836,0.0,0.0,0.0,0.0,11.49782197939291
-0.8878108951067125,0.6594713647584372,-0.7697708053236487,0.8255671464616822,0.0,0.0,0.0,0.0,11.588969419043872
-1.560194378121555,0.6544828019926822,-0.7650908502843503,-0.12882226837093372,0.0,0.0,0.0,0.0,11.428467189677395
-1.0230514260430157,0.6544828019926822,-0.7650908502843503,0.6665022439895795,0.0,0.0,0.0,0.0,11.546369912189585
-1.059045811065908,0.6494942392269343,-0.7650908502843503,0.9050995976977334,0.0,0.0,0.0,0.0,11.527823929632195
-1.3267540496736692,0.6494942392269343,-0.7650908502843503,1.1436969514058875,0.0,0.0,0.0,0.0,11.61549107852535
-1.0382757952896169,0.6494942392269343,-0.7650908502843503,1.1436969514058875,0.0,0.0,0.0,0.0,11.579658451506333
-1.0735900538513208,0.6544828019926822,-0.7697708053236487,1.4618267563500926,0.0,0.0,0.0,0.0,11.461642696843066
-1.143747714193906,0.6544828019926822,-0.7697708053236487,0.5869697927535281,0.0,0.0,0.0,0.0,11.547336553476635
-1.0061528993534892,0.6494942392269343,-0.7697708053236487,0.10977508533722025,0.0,0.0,0.0,0.0,11.51293546492023
-1.2491673156781036,0.6494942392269343,-0.7697708053236487,0.5074373415174769,0.0,0.0,0.0,0.0,11.51293546492023
-1.0817515713855814,0.6494942392269343,-0.7697708053236487,0.7460346952256308,0.0,0.0,0.0,0.0,11.48350695288756
-1.0431413153581182,0.6445056764611794,-0.7604108952450519,1.3822943051140413,0.0,0.0,0.0,0.0,11.998439434579149
-0.9093133547642834,0.6445056764611794,-0.7557309402057503,1.3822943051140413,0.0,0.0,0.0,0.0,11.959538914341756
-1.4175770909523626,0.6395171136954244,-0.7604108952450519,0.9050995976977334,0.0,0.0,0.0,0.0,11.876185678347824
-1.0259812015681347,0.6345285509296765,-0.7604108952450519,1.541359207586144,0.0,0.0,0.0,0.0,11.714240498256716
-1.3768218207011518,0.6345285509296765,-0.7557309402057503,-0.12882226837093372,0.0,0.0,0.0,0.0,11.550230883578887
-1.4230181026418693,0.6395171136954244,-0.7557309402057503,-0.20835471960698504,0.0,0.0,0.0,0.0,11.685205103383671
-1.0882912488970078,0.6345285509296765,-0.7604108952450519,0.5074373415174769,0.0,0.0,0.0,0.0,11.623580937568695
-1.1183737654495705,0.6295399881639216,-0.7604108952450519,1.7004241100582467,0.0,0.0,0.0,0.0,11.602775309696066
-1.1559899904952966,0.6295399881639216,-0.7557309402057503,0.9846320489337848,0.0,0.0,0.0,0.0,11.669082701743504
-1.1409225735089696,0.6295399881639216,-0.7557309402057503,1.1436969514058875,0.0,0.0,0.0,0.0,11.654433707761807
-0.959799665152497,0.6295399881639216,-0.7604108952450519,0.8255671464616822,0.0,0.0,0.0,0.0,11.670792089258995
-1.1463635851984766,0.6295399881639216,-0.7557309402057503,1.3822943051140413,0.0,0.0,0.0,0.0,11.597275804538212
-0.7062694473895087,0.6295399881639216,-0.7604108952450519,1.541359207586144,0.0,0.0,0.0,0.0,11.703554089007538
-1.0750549416138804,0.6295399881639216,-0.7604108952450519,1.8594890125303492,0.0,0.0,0.0,0.0,11.72157244693173
-0.7753807593302654,0.6395171136954244,-0.7604108952450519,1.064164500169836,0.0,0.0,0.0,0.0,11.72157244693173
-1.1644654125501055,0.6395171136954244,-0.7604108952450519,1.7004241100582467,0.0,0.0,0.0,0.0,11.736077016252437
-1.1451079671162827,0.6345285509296765,-0.7650908502843503,1.8594890125303492,0.0,0.0,0.0,0.0,11.661354090741
-0.9489176417734831,0.6345285509296765,-0.7604108952450519,1.8594890125303492,0.0,0.0,0.0,0.0,11.808583147519697
-1.131086898531784,0.6445056764611794,-0.7604108952450519,0.42790489028142553,0.0,0.0,0.0,0.0,11.790564777297387
-0.8035798487595373,0.6445056764611794,-0.7650908502843503,1.3822943051140413,0.0,0.0,0.0,0.0,11.644839300053654
-1.2620897184406825,0.6395171136954244,-0.7650908502843503,-1.7990037443280114,0.0,0.0,0.0,0.0,11.630717389475995
-1.1890022825729785,0.6395171136954244,-0.7604108952450519,0.8255671464616822,0.0,0.0,0.0,0.0,11.83138646878959
-1.4765911408154766,0.6395171136954244,-0.7604108952450519,0.10977508533722025,0.0,0.0,0.0,0.0,11.86710429621008
-1.3967547577559802,0.6445056764611794,-0.7650908502843503,1.1436969514058875,0.0,0.0,0.0,0.0,11.548302261270587
-1.3909998415459248,0.6445056764611794,-0.7604108952450519,1.8594890125303492,0.0,0.0,0.0,0.0,11.785247676408115
-0.80849768624813,0.6445056764611794,-0.7604108952450519,1.541359207586144,0.0,0.0,0.0,0.0,11.748795687555171
-0.9162192542163499,0.6445056764611794,-0.7650908502843503,0.7460346952256308,0.0,0.0,0.0,0.0,11.685205103383671
-0.9325422892848708,0.6445056764611794,-0.7650908502843503,1.064164500169836,0.0,0.0,0.0,0.0,11.688566422839942
-1.2787789754498433,0.6445056764611794,-0.7650908502843503,1.2232294026419388,0.0,0.0,0.0,0.0,11.728044909070785
-0.8975419352437154,0.6445056764611794,-0.7650908502843503,1.541359207586144,0.0,0.0,0.0,0.0,11.473155000731508
-1.3820012452902017,0.6395171136954244,-0.7650908502843503,0.9846320489337848,0.0,0.0,0.0,0.0,11.623580937568695
-0.5773593242842665,0.6395171136954244,-0.7650908502843503,1.8594890125303492,0.0,0.0,0.0,0.0,11.76446986680519
-1.4103049695596561,0.6345285509296765,-0.7650908502843503,0.9050995976977334,0.0,0.0,0.0,0.0,11.810070125585671
-1.2338383115913194,0.6345285509296765,-0.7650908502843503,1.8594890125303492,0.0,0.0,0.0,0.0,11.662215780913316
-0.9314959408830424,0.6345285509296765,-0.7650908502843503,1.8594890125303492,0.0,0.0,0.0,0.0,11.664796405307863
-0.43228311837077776,0.6345285509296765,-0.7650908502843503,1.8594890125303492,0.0,0.0,0.0,0.0,11.622685289462678
-1.1442185709747286,0.6295399881639216,-0.7650908502843503,1.8594890125303492,0.0,0.0,0.0,0.0,11.768350322738119
-0.9816160293306163,0.6345285509296765,-0.7650908502843503,1.8594890125303492,0.0,0.0,0.0,0.0,11.759793355371237
-1.0166687007918631,0.6295399881639216,-0.7650908502843503,1.8594890125303492,0.0,0.0,0.0,0.0,11.695255355062795
-0.9232297885085992,0.6295399881639216,-0.7650908502843503,1.8594890125303492,0.0,0.0,0.0,0.0,11.715874472198905
-0.9924980527096303,0.6295399881639216,-0.7650908502843503,1.4618267563500926,0.0,0.0,0.0,0.0,11.664796405307863
-1.1616402718651693,0.6295399881639216,-0.7697708053236487,1.541359207586144,0.0,0.0,0.0,0.0,11.52683823202353
-0.9337455899469733,0.6295399881639216,-0.7697708053236487,1.4618267563500926,0.0,0.0,0.0,0.0,11.748795687555171
-0.8592455837368007,0.6295399881639216,-0.7697708053236487,1.30276185387799,0.0,0.0,0.0,0.0,11.559818592808288
-1.1342259437372688,0.6295399881639216,-0.7697708053236487,1.2232294026419388,0.0,0.0,0.0,0.0,11.51293546492023
-1.1989425923903467,0.6395171136954244,-0.7697708053236487,1.3822943051140413,0.0,0.0,0.0,0.0,11.650955473631058
-0.989306690084054,0.6345285509296765,-0.7697708053236487,1.4618267563500926,0.0,0.0,0.0,0.0,11.52387529615648
-1.3609173249933622,0.6445056764611794,-0.7697708053236487,1.3822943051140413,0.0,0.0,0.0,0.0,11.495789479023493
-0.9532599876410706,0.6395171136954244,-0.7697708053236487,1.3822943051140413,0.0,0.0,0.0,0.0,11.546369912189585
-0.675663756636032,0.6445056764611794,-0.7697708053236487,1.8594890125303492,0.0,0.0,0.0,0.0,11.531757032705352
-1.1302498198103212,0.6445056764611794,-0.7697708053236487,1.6208916588221953,0.0,0.0,0.0,0.0,11.461642696843066
-1.0941507999472462,0.6445056764611794,-0.7697708053236487,1.3822943051140413,0.0,0.0,0.0,0.0,11.505910920476012
-0.6328157895811645,0.6245514253981738,-0.7604108952450519,1.8594890125303492,0.0,0.0,0.0,0.0,11.759793355371237
0.19835106341111702,0.6245514253981738,-0.7557309402057503,1.7004241100582467,0.0,0.0,0.0,0.0,12.177163782032679
-0.2540899855394243,0.6245514253981738,-0.7557309402057503,1.541359207586144,0.0,0.0,0.0,0.0,12.153204427390497
-0.37745446211497674,0.6245514253981738,-0.7604108952450519,1.7004241100582467,0.0,0.0,0.0,0.0,11.968456114085114
-0.7711953657229524,0.6245514253981738,-0.7604108952450519,1.4618267563500926,0.0,0.0,0.0,0.0,11.723194494148304
0.200757664735322,0.6195628626324188,-0.7557309402057503,1.3822943051140413,0.0,0.0,0.0,0.0,12.115058723579269
-0.05418512337013448,0.6195628626324188,-0.7604108952450519,1.4618267563500926,0.0,0.0,0.0,0.0,12.170450649220749
-0.9702631491707797,0.6195628626324188,-0.7604108952450519,1.1436969514058875,0.0,0.0,0.0,0.0,12.141539457711714
-1.021848125380913,0.6195628626324188,-0.7604108952450519,1.2232294026419388,0.0,0.0,0.0,0.0,12.146858590895919
-1.0009211573443477,0.6195628626324188,-0.7604108952450519,1.2232294026419388,0.0,0.0,0.0,0.0,12.107913912447533
-1.007774739376323,0.6245514253981738,-0.7650908502843503,1.7004241100582467,0.0,0.0,0.0,0.0,11.631605875642963
-0.7418452930516697,0.6245514253981738,-0.7650908502843503,1.7004241100582467,0.0,0.0,0.0,0.0,11.70272730786727
-0.8741560484628537,0.6195628626324188,-0.7650908502843503,1.4618267563500926,0.0,0.0,0.0,0.0,11.707677772181546
-0.8072420681659361,0.6195628626324188,-0.7650908502843503,1.4618267563500926,0.0,0.0,0.0,0.0,11.80036500801413
-1.541203154628372,0.6195628626324188,-0.7650908502843503,-0.3674196220790877,0.0,0.0,0.0,0.0,11.929007348474721
-0.6724723940104558,0.6245514253981738,-0.7697708053236487,1.1436969514058875,0.0,0.0,0.0,0.0,11.499850357082506
-0.9931781791708187,0.6245514253981738,-0.7697708053236487,1.6208916588221953,0.0,0.0,0.0,0.0,11.645715332733134
-0.5347206269097647,0.6195628626324188,-0.7697708053236487,1.2232294026419388,0.0,0.0,0.0,0.0,11.748005492256807
-0.3494646423660706,0.6195628626324188,-0.7697708053236487,1.3822943051140413,0.0,0.0,0.0,0.0,11.915727028992151
0.4898114107403801,0.6145742998666639,-0.7697708053236487,1.541359207586144,0.0,0.0,0.0,0.0,12.046496440791149
-0.8835208666592166,0.6245514253981738,-0.7697708053236487,1.541359207586144,0.0,0.0,0.0,0.0,11.654433707761807
-0.0834828786213259,0.6245514253981738,-0.7697708053236487,1.1436969514058875,0.0,0.0,0.0,0.0,11.598194491615347
-0.5487416954942635,0.6195628626324188,-0.7697708053236487,1.1436969514058875,0.0,0.0,0.0,0.0,11.715874472198905
-0.36788037423824815,0.6145742998666639,-0.7697708053236487,1.3822943051140413,0.0,0.0,0.0,0.0,11.8515453936489
-0.8900605441706434,0.6245514253981738,-0.7744507603629505,1.4618267563500926,0.0,0.0,0.0,0.0,11.650084021475273
-0.33580979572221176,0.6245514253981738,-0.7744507603629505,0.9050995976977334,0.0,0.0,0.0,0.0,11.55503622867061
-0.9956370979151151,0.6245514253981738,-0.7744507603629505,1.4618267563500926,0.0,0.0,0.0,0.0,11.522885696764481
-0.4148614174803371,0.6245514253981738,-0.7744507603629505,1.3822943051140413,0.0,0.0,0.0,0.0,11.545402335602985
-1.0440830289197638,0.6195628626324188,-0.7744507603629505,-0.04928981713488239,0.0,0.0,0.0,0.0,11.643084929027989
-1.165930300312665,0.6195628626324188,-0.7744507603629505,0.2688399878093229,0.0,0.0,0.0,0.0,11.598194491615347
-0.49427926117910226,0.6145742998666639,-0.7744507603629505,1.3822943051140413,0.0,0.0,0.0,0.0,11.91170829631447
0.5633697033889071,0.609585737100916,-0.7697708053236487,1.4618267563500926,0.0,0.0,0.0,0.0,12.101273083619482
-0.02760787396369648,0.609585737100916,-0.7744507603629505,1.4618267563500926,0.0,0.0,0.0,0.0,12.243373247217953
-1.151647644627709,0.6145742998666639,-0.7697708053236487,0.42790489028142553,0.0,0.0,0.0,0.0,12.023957067521133
-0.8562634907915905,0.6245514253981738,-0.7744507603629505,1.2232294026419388,0.0,0.0,0.0,0.0,11.595435894542709
-0.1908905420689971,0.6245514253981738,-0.7791307154022488,1.8594890125303492,0.0,0.0,0.0,0.0,11.840796531639839
-1.1350630224587313,0.6245514253981738,-0.7744507603629505,1.6208916588221953,0.0,0.0,0.0,0.0,11.68352019721342
-0.7010377053803672,0.6195628626324188,-0.7791307154022488,1.2232294026419388,0.0,0.0,0.0,0.0,11.975407125004564
0.15027135434710837,0.6195628626324188,-0.7791307154022488,1.4618267563500926,0.0,0.0,0.0,0.0,11.9601785009348
-0.006262366566399917,0.604597174335161,-0.7557309402057503,1.3822943051140413,0.0,0.0,0.0,0.0,12.184854116317803
1.3749698412670004,0.604597174335161,-0.7604108952450519,0.3483724390453742,0.0,0.0,0.0,0.0,12.76683349192158
0.22571307411892602,0.5946200488036583,-0.7557309402057503,0.18930753657327157,0.0,0.0,0.0,0.0,11.853681370708943
-1.5726982415234028,0.6195628626324188,-0.7557309402057503,-1.4013414881477548,0.0,0.0,0.0,0.0,12.046496440791149
-0.6903126342616277,0.6145742998666639,-0.7604108952450519,0.5074373415174769,0.0,0.0,0.0,0.0,12.652362948153474
-1.0891283276184707,0.6145742998666639,-0.7604108952450519,0.6665022439895795,0.0,0.0,0.0,0.0,11.574029971623514
0.08340969147028243,0.6145742998666639,-0.7557309402057503,1.2232294026419388,0.0,0.0,0.0,0.0,12.143138170555755
-1.2357217387146102,0.609585737100916,-0.7557309402057503,0.42790489028142553,0.0,0.0,0.0,0.0,11.685205103383671
-1.264705589445253,0.609585737100916,-0.7557309402057503,-0.12882226837093372,0.0,0.0,0.0,0.0,11.37940550085183
-0.11162965063050613,0.609585737100916,-0.7604108952450519,0.3483724390453742,0.0,0.0,0.0,0.0,12.774792578965013
-0.17142846179499147,0.609585737100916,-0.7604108952450519,0.5074373415174769,0.0,0.0,0.0,0.0,12.713194418501526
-0.3276482781879513,0.609585737100916,-0.7650908502843503,-0.04928981713488239,0.0,0.0,0.0,0.0,12.614868865984631
-1.0434552198786669,0.6445056764611794,-0.7697708053236487,0.5074373415174769,0.0,0.0,0.0,0.0,11.51293546492023
-1.2628221623219624,0.6445056764611794,-0.7697708053236487,0.6665022439895795,0.0,0.0,0.0,0.0,11.542493975902508
-0.6914113000835473,0.6395171136954244,-0.7697708053236487,0.8255671464616822,0.0,0.0,0.0,0.0,11.598194491615347
-1.4777944414775792,0.6395171136954244,-0.7744507603629505,0.9846320489337848,0.0,0.0,0.0,0.0,11.592669666556795
-1.0143144168877496,0.6395171136954244,-0.7697708053236487,1.1436969514058875,0.0,0.0,0.0,0.0,11.634266607494453
-1.4187280741943737,0.6345285509296765,-0.7697708053236487,1.2232294026419388,0.0,0.0,0.0,0.0,11.494771677590096
-0.6971662162936029,0.6345285509296765,-0.7697708053236487,1.1436969514058875,0.0,0.0,0.0,0.0,11.456365695436427
-1.0048449638512038,0.6345285509296765,-0.7744507603629505,1.2232294026419388,0.0,0.0,0.0,0.0,11.443586104891608
-1.0653239014768774,0.6345285509296765,-0.7697708053236487,1.30276185387799,0.0,0.0,0.0,0.0,11.423011698301428
0.6473391626356252,0.6295399881639216,-0.7744507603629505,1.2232294026419388,0.0,0.0,0.0,0.0,11.623580937568695
-0.5133751195124682,0.6295399881639216,-0.7697708053236487,1.6208916588221953,0.0,0.0,0.0,0.0,11.58989576532275
-0.9816160293306163,0.6295399881639216,-0.7744507603629505,1.8594890125303492,0.0,0.0,0.0,0.0,11.477308649967686
-0.14547902142965058,0.6295399881639216,-0.7744507603629505,1.8594890125303492,0.0,0.0,0.0,0.0,11.478344372113902
-1.0731715144905896,0.6295399881639216,-0.7744507603629505,1.7004241100582467,0.0,0.0,0.0,0.0,11.576848171532921
-0.869761385175175,0.6245514253981738,-0.7744507603629505,1.6208916588221953,0.0,0.0,0.0,0.0,11.693587311874056
-1.0273937719106028,0.6395171136954244,-0.7744507603629505,1.2232294026419388,0.0,0.0,0.0,0.0,11.484536278461452
-0.22594321353024405,0.6395171136954244,-0.7744507603629505,1.541359207586144,0.0,0.0,0.0,0.0,11.441440204346033
-1.1589197660204158,0.6345285509296765,-0.7744507603629505,1.541359207586144,0.0,0.0,0.0,0.0,11.470028402317833
-0.4346374022748912,0.6345285509296765,-0.7744507603629505,1.541359207586144,0.0,0.0,0.0,0.0,11.536651757164861
-0.49114021597361757,0.6345285509296765,-0.7744507603629505,1.2232294026419388,0.0,0.0,0.0,0.0,11.46374572492597
-1.3227779257467218,0.6395171136954244,-0.7744507603629505,1.064164500169836,0.0,0.0,0.0,0.0,11.51293546492023
-1.2933232182352563,0.6395171136954244,-0.7744507603629505,1.3822943051140413,0.0,0.0,0.0,0.0,11.608244735642321
-1.0044264244904726,0.6445056764611794,-0.7744507603629505,0.8255671464616822,0.0,0.0,0.0,0.0,11.431726255472853
-0.8554787294902192,0.6445056764611794,-0.7744507603629505,1.4618267563500926,0.0,0.0,0.0,0.0,11.440365524765756
-1.5394766797653554,0.6445056764611794,-0.7744507603629505,1.30276185387799,0.0,0.0,0.0,0.0,11.43281025466844
-1.5147828574822082,0.6445056764611794,-0.7744507603629505,-0.7650818782593443,0.0,0.0,0.0,0.0,11.7068543948059
-1.1443232058149113,0.6445056764611794,-0.7791307154022488,0.18930753657327157,0.0,0.0,0.0,0.0,11.538602958260002
-1.308599904901949,0.6445056764611794,-0.7791307154022488,0.5074373415174769,0.0,0.0,0.0,0.0,11.51293546492023
-1.1001673032577586,0.6395171136954244,-0.7791307154022488,1.1436969514058875,0.0,0.0,0.0,0.0,11.583393248239855
-0.2622515030736848,0.6345285509296765,-0.7791307154022488,1.3822943051140413,0.0,0.0,0.0,0.0,11.49782197939291
-0.9464064056090953,0.6345285509296765,-0.7791307154022488,1.2232294026419388,0.0,0.0,0.0,0.0,11.510933482289435
-0.6514407911337077,0.6345285509296765,-0.7791307154022488,1.064164500169836,0.0,0.0,0.0,0.0,11.72885102917796
-0.9177364593990008,0.6345285509296765,-0.7791307154022488,1.7004241100582467,0.0,0.0,0.0,0.0,11.690242855114947
-0.3439713132564723,0.6295399881639216,-0.7791307154022488,1.8594890125303492,0.0,0.0,0.0,0.0,11.729656499978892
-0.567419014466898,0.6295399881639216,-0.7791307154022488,1.4618267563500926,0.0,0.0,0.0,0.0,11.74245657234248
-0.0791405327537385,0.6295399881639216,-0.7791307154022488,1.8594890125303492,0.0,0.0,0.0,0.0,11.867805799560465
-0.5944148032340673,0.6295399881639216,-0.7931705805201473,0.9846320489337848,0.0,0.0,0.0,0.0,11.788289480716973
-0.3880225809734422,0.6345285509296765,-0.7884906254808456,1.7004241100582467,0.0,0.0,0.0,0.0,11.695255355062795
-0.3167662548089374,0.6295399881639216,-0.7884906254808456,1.1436969514058875,0.0,0.0,0.0,0.0,11.782960235741939
0.06698202156157841,0.6295399881639216,-0.7884906254808456,1.2232294026419388,0.0,0.0,0.0,0.0,11.80186424743109
0.4987053721559205,0.6295399881639216,-0.7884906254808456,1.2232294026419388,0.0,0.0,0.0,0.0,11.915727028992151
-0.4227613479141405,0.6295399881639216,-0.7931705805201473,1.1436969514058875,0.0,0.0,0.0,0.0,11.863589378812122
-1.1139791021618917,0.6295399881639216,-0.7838106704415472,1.1436969514058875,0.0,0.0,0.0,0.0,11.703554089007538
-1.2285542521620867,0.6295399881639216,-0.7838106704415472,1.1436969514058875,0.0,0.0,0.0,0.0,11.789048488275174
-0.2155320469320527,0.6295399881639216,-0.7838106704415472,1.3822943051140413,0.0,0.0,0.0,0.0,11.822620954414864
0.09743076005478102,0.6295399881639216,-0.7838106704415472,1.541359207586144,0.0,0.0,0.0,0.0,11.840075816082267
-0.18597270458040435,0.6395171136954244,-0.7791307154022488,1.541359207586144,0.0,0.0,0.0,0.0,11.807093955056784
-1.250109029239749,0.6395171136954244,-0.7838106704415472,0.5869697927535281,0.0,0.0,0.0,0.0,11.636920278634463
-0.640611085174785,0.6345285509296765,-0.7838106704415472,0.8255671464616822,0.0,0.0,0.0,0.0,11.822620954414864
-1.3858727343769661,0.6445056764611794,-0.7838106704415472,0.9846320489337848,0.0,0.0,0.0,0.0,11.496806245590331
-1.1827241921620086,0.6445056764611794,-0.7838106704415472,0.42790489028142553,0.0,0.0,0.0,0.0,11.533717798424087
-1.1567747517966678,0.6445056764611794,-0.7791307154022488,0.42790489028142553,0.0,0.0,0.0,0.0,11.502885230075814
0.05018812971223487,0.6345285509296765,-0.7838106704415472,1.4618267563500926,0.0,0.0,0.0,0.0,11.67335070422742
-0.42574344085935106,0.6295399881639216,-0.7838106704415472,1.8594890125303492,0.0,0.0,0.0,0.0,11.755094871382958
0.3190473515620076,0.6295399881639216,-0.7838106704415472,1.4618267563500926,0.0,0.0,0.0,0.0,11.852257893055606
-1.2159457539200562,0.6544828019926822,-0.7697708053236487,0.10977508533722025,0.0,0.0,0.0,0.0,11.487617913343598
-1.1778063546734159,0.6494942392269343,-0.7744507603629505,0.10977508533722025,0.0,0.0,0.0,0.0,11.527823929632195
-1.2375005309977185,0.6445056764611794,-0.7697708053236487,0.7460346952256308,0.0,0.0,0.0,0.0,11.552155793461898
-1.0837919507691465,0.6494942392269343,-0.7697708053236487,0.9846320489337848,0.0,0.0,0.0,0.0,11.530775206233024
-1.2039650647191227,0.6445056764611794,-0.7744507603629505,1.1436969514058875,0.0,0.0,0.0,0.0,11.487617913343598
-1.3456406383266692,0.6494942392269343,-0.7744507603629505,1.30276185387799,0.0,0.0,0.0,0.0,11.504903373867316
-1.3059317164772868,0.6494942392269343,-0.7744507603629505,0.8255671464616822,0.0,0.0,0.0,0.0,11.48247656671073
-0.9162192542163499,0.6494942392269343,-0.7744507603629505,1.2232294026419388,0.0,0.0,0.0,0.0,11.434974734252892
-1.3836754027331268,0.6544828019926822,-0.7744507603629505,1.1436969514058875,0.0,0.0,0.0,0.0,11.494771677590096
-1.132237881773795,0.6544828019926822,-0.7791307154022488,1.3822943051140413,0.0,0.0,0.0,0.0,11.494771677590096
-1.0048449638512038,0.6544828019926822,-0.7791307154022488,1.2232294026419388,0.0,0.0,0.0,0.0,11.475233981948293
-1.2170444197419756,0.6544828019926822,-0.7791307154022488,1.3822943051140413,0.0,0.0,0.0,0.0,11.518917476956224
-1.1928737716597428,0.6544828019926822,-0.7791307154022488,1.3822943051140413,0.0,0.0,0.0,0.0,11.468984026707245
-1.169958741659704,0.6494942392269343,-0.7791307154022488,1.30276185387799,0.0,0.0,0.0,0.0,11.480412603789821
-1.2159457539200562,0.6445056764611794,-0.7791307154022488,0.9050995976977334,0.0,0.0,0.0,0.0,11.408686542313973
-0.9421686945816907,0.6494942392269343,-0.7791307154022488,0.8255671464616822,0.0,0.0,0.0,0.0,11.52683823202353
-1.189473139353801,0.6445056764611794,-0.7791307154022488,0.7460346952256308,0.0,0.0,0.0,0.0,11.485564545613576
-1.4939082068657346,0.6494942392269343,-0.7838106704415472,0.7460346952256308,0.0,0.0,0.0,0.0,11.366754528799243
-0.9622585838967935,0.6494942392269343,-0.7838106704415472,1.064164500169836,0.0,0.0,0.0,0.0,11.43605521971203
-1.0157269872302177,0.6445056764611794,-0.7838106704415472,0.6665022439895795,0.0,0.0,0.0,0.0,11.503894811084523
-1.2628221623219624,0.6544828019926822,-0.7791307154022488,1.4618267563500926,0.0,0.0,0.0,0.0,11.45318607621936
-1.2273509514999843,0.6544828019926822,-0.7838106704415472,0.9050995976977334,0.0,0.0,0.0,0.0,11.464795582766675
-1.200721384673455,0.6544828019926822,-0.7838106704415472,0.8255671464616822,0.0,0.0,0.0,0.0,11.451060699493427
-1.2261476508378817,0.6544828019926822,-0.7791307154022488,1.8594890125303492,0.0,0.0,0.0,0.0,11.41422052949775
-1.423332007162418,0.6494942392269343,-0.7791307154022488,0.42790489028142553,0.0,0.0,0.0,0.0,11.408686542313973
-1.7404802077565649,0.6494942392269343,-0.7838106704415472,0.7460346952256308,0.0,0.0,0.0,0.0,11.426288563310505
-1.1664534745135793,0.6494942392269343,-0.7838106704415472,0.42790489028142553,0.0,0.0,0.0,0.0,11.417526281205168
-1.3953945048336036,0.6494942392269343,-0.7884906254808456,0.8255671464616822,0.0,0.0,0.0,0.0,11.49171204297103
-1.14390466645418,0.6544828019926822,-0.7884906254808456,0.7460346952256308,0.0,0.0,0.0,0.0,11.462694763725304
-1.3494598099933426,0.6544828019926822,-0.7884906254808456,1.2232294026419388,0.0,0.0,0.0,0.0,11.455306945297822
-1.12983128044959,0.6544828019926822,-0.7838106704415472,0.8255671464616822,0.0,0.0,0.0,0.0,11.51293546492023
-1.2970377550617467,0.6544828019926822,-0.7838106704415472,0.6665022439895795,0.0,0.0,0.0,0.0,11.405351390085748
-1.104248062024889,0.6445056764611794,-0.7838106704415472,1.064164500169836,0.0,0.0,0.0,0.0,11.47937902264955
-0.9064358966592556,0.6445056764611794,-0.7884906254808456,0.9050995976977334,0.0,0.0,0.0,0.0,11.459535236710686
-1.1830380966825573,0.6445056764611794,-0.7838106704415472,1.064164500169836,0.0,0.0,0.0,0.0,11.525851561856362
-1.0615570472302958,0.6445056764611794,-0.7838106704415472,0.8255671464616822,0.0,0.0,0.0,0.0,11.503894811084523
-1.2268277772990699,0.6445056764611794,-0.7838106704415472,-0.446952073315139,0.0,0.0,0.0,0.0,11.423011698301428
-0.9336409551067905,0.6395171136954244,-0.7884906254808456,0.5074373415174769,0.0,0.0,0.0,0.0,11.505910920476012
-1.1893685045136182,0.6395171136954244,-0.7884906254808456,0.2688399878093229,0.0,0.0,0.0,0.0,11.404237196256764
-1.2278218082808068,0.6395171136954244,-0.7838106704415472,0.8255671464616822,0.0,0.0,0.0,0.0,11.620891583095712
-0.999665539262154,0.6395171136954244,-0.7884906254808456,0.9050995976977334,0.0,0.0,0.0,0.0,11.535674727063007
-0.9972066205178576,0.6395171136954244,-0.7884906254808456,0.8255671464616822,0.0,0.0,0.0,0.0,11.442513730229855
-0.567419014466898,0.6445056764611794,-0.7931705805201473,1.1436969514058875,0.0,0.0,0.0,0.0,11.567423119906431
-0.8062480371841994,0.6395171136954244,-0.7931705805201473,0.42790489028142553,0.0,0.0,0.0,0.0,11.587114148152441
-1.2432031297876824,0.6494942392269343,-0.7884906254808456,0.5074373415174769,0.0,0.0,0.0,0.0,11.446796346169297
-1.0436644895590323,0.6494942392269343,-0.7884906254808456,1.1436969514058875,0.0,0.0,0.0,0.0,11.460589521950299
-1.2291820612031836,0.6494942392269343,-0.7931705805201473,0.10977508533722025,0.0,0.0,0.0,0.0,11.425197467633199
-1.2058484918424133,0.6445056764611794,-0.7931705805201473,0.7460346952256308,0.0,0.0,0.0,0.0,11.404237196256764
-1.2901318556096801,0.6445056764611794,-0.7884906254808456,0.9846320489337848,0.0,0.0,0.0,0.0,11.364437057512568
-1.044501568280495,0.6494942392269343,-0.7884906254808456,0.9050995976977334,0.0,0.0,0.0,0.0,11.525851561856362
-0.8055679107230109,0.6494942392269343,-0.7884906254808456,0.42790489028142553,0.0,0.0,0.0,0.0,11.49273296168228
-0.8274889097413131,0.6494942392269343,-0.7884906254808456,0.42790489028142553,0.0,0.0,0.0,0.0,11.394153190178114
-0.8217339935312575,0.6494942392269343,-0.7884906254808456,0.03024263410116893,0.0,0.0,0.0,0.0,11.49782197939291
-1.4851711977104685,0.6594713647584372,-0.7884906254808456,0.5074373415174769,0.0,0.0,0.0,0.0,11.405351390085748
-0.8508224791020833,0.6544828019926822,-0.7931705805201473,1.30276185387799,0.0,0.0,0.0,0.0,11.444657330797734
-1.1705342332807094,0.6544828019926822,-0.7884906254808456,1.2232294026419388,0.0,0.0,0.0,0.0,11.47937902264955
-1.2355124690342447,0.6544828019926822,-0.7884906254808456,1.2232294026419388,0.0,0.0,0.0,0.0,11.457423325808623
-1.1444801580751855,0.6544828019926822,-0.7931705805201473,1.2232294026419388,0.0,0.0,0.0,0.0,11.50892748368293
-1.1734640088058288,0.6594713647584372,-0.7931705805201473,0.6665022439895795,0.0,0.0,0.0,0.0,11.456365695436427
-1.1647269996505627,0.6544828019926822,-0.7931705805201473,0.9846320489337848,0.0,0.0,0.0,0.0,11.45318607621936
-1.1975823394679703,0.6494942392269343,-0.7931705805201473,0.7460346952256308,0.0,0.0,0.0,0.0,11.405351390085748
-0.9816160293306163,0.6544828019926822,-0.7931705805201473,1.2232294026419388,0.0,0.0,0.0,0.0,11.410903813540878
-1.2475454756552695,0.6544828019926822,-0.7978505355594456,0.5074373415174769,0.0,0.0,0.0,0.0,11.442513730229855
-0.64375013038027,0.6494942392269343,-0.7978505355594456,0.9846320489337848,0.0,0.0,0.0,0.0,11.421917019425596
-0.9403375848784914,0.6494942392269343,-0.7931705805201473,0.42790489028142553,0.0,0.0,0.0,0.0,11.433893080082035
-1.1571409737373077,0.6494942392269343,-0.7931705805201473,0.6665022439895795,0.0,0.0,0.0,0.0,11.460589521950299
-1.0762582422759828,0.6494942392269343,-0.7978505355594456,0.5869697927535281,0.0,0.0,0.0,0.0,11.437134538982278
-1.2298098702442806,0.6544828019926822,-0.7978505355594456,0.5869697927535281,0.0,0.0,0.0,0.0,11.465844339561734
-1.4354173312035345,0.6544828019926822,-0.7978505355594456,1.064164500169836,0.0,0.0,0.0,0.0,11.559818592808288
-0.7200289288735503,0.6594713647584372,-0.7978505355594456,1.064164500169836,0.0,0.0,0.0,0.0,11.610061250069942
-1.0869833133947227,0.6544828019926822,-0.802530490598744,0.9050995976977334,0.0,0.0,0.0,0.0,11.501874628783144
-1.1248611255409058,0.6494942392269343,-0.802530490598744,0.5869697927535281,0.0,0.0,0.0,0.0,11.394153190178114
-1.1581873221391359,0.6494942392269343,-0.7931705805201473,1.1436969514058875,0.0,0.0,0.0,0.0,11.39302644219128
-1.269885014034303,0.6494942392269343,-0.7931705805201473,0.10977508533722025,0.0,0.0,0.0,0.0,11.441440204346033
-1.4279882575505538,0.6494942392269343,-0.7931705805201473,0.8255671464616822,0.0,0.0,0.0,0.0,11.481445117743048
-1.2783081186690206,0.6445056764611794,-0.7978505355594456,-0.6060169757872417,0.0,0.0,0.0,0.0,11.452123952509567
-1.4498046217286733,0.6445056764611794,-0.7931705805201473,0.2688399878093229,0.0,0.0,0.0,0.0,11.45318607621936
-1.5596188865005496,0.6445056764611794,-0.7931705805201473,-1.5604063906198575,0.0,0.0,0.0,0.0,11.305913595583258
-0.4172157013844506,0.6445056764611794,-0.7931705805201473,1.2232294026419388,0.0,0.0,0.0,0.0,11.51293546492023
-0.7106641106771874,0.6445056764611794,-0.7978505355594456,1.064164500169836,0.0,0.0,0.0,0.0,11.486591756518374
-0.2577522049458233,0.6395171136954244,-0.7978505355594456,1.1436969514058875,0.0,0.0,0.0,0.0,11.774527900858468
-0.6992065956771678,0.6395171136954244,-0.7931705805201473,1.4618267563500926,0.0,0.0,0.0,0.0,11.568369632551514
-0.5238386035307508,0.6395171136954244,-0.802530490598744,0.9050995976977334,0.0,0.0,0.0,0.0,11.696920620516192
-0.8362782363166704,0.6395171136954244,-0.7978505355594456,0.9846320489337848,0.0,0.0,0.0,0.0,11.760574294255605
-1.3950282828929634,0.6494942392269343,-0.7978505355594456,0.7460346952256308,0.0,0.0,0.0,0.0,11.389638560778947
-1.2372389438972613,0.6445056764611794,-0.802530490598744,0.8255671464616822,0.0,0.0,0.0,0.0,11.412010608265987
-0.8262856090792106,0.6445056764611794,-0.7978505355594456,1.1436969514058875,0.0,0.0,0.0,0.0,11.41422052949775
-0.1532743170232711,0.6445056764611794,-0.7978505355594456,1.30276185387799,0.0,0.0,0.0,0.0,11.41422052949775
-1.766429648121906,0.6445056764611794,-0.7978505355594456,1.8594890125303492,0.0,0.0,0.0,0.0,11.41422052949775
-0.8072420681659361,0.6594713647584372,-0.7931705805201473,1.2232294026419388,0.0,0.0,0.0,0.0,11.510933482289435
-1.4297670498336619,0.6594713647584372,-0.7931705805201473,1.1436969514058875,0.0,0.0,0.0,0.0,11.421917019425596
-1.5818537900394,0.6594713647584372,-0.7931705805201473,1.1436969514058875,0.0,0.0,0.0,0.0,11.412010608265987
-1.6705841345144368,0.6694484902899399,-0.7884906254808456,0.6665022439895795,0.0,0.0,0.0,0.0,11.37940550085183
-1.3216792599248022,0.6644599275241921,-0.7884906254808456,0.9050995976977334,0.0,0.0,0.0,0.0,11.402005077384885
-1.2540851531666963,0.6644599275241921,-0.7884906254808456,0.6665022439895795,0.0,0.0,0.0,0.0,11.487617913343598
-1.3739966800162153,0.6644599275241921,-0.7884906254808456,0.5869697927535281,0.0,0.0,0.0,0.0,11.486591756518374
-1.5200669169114411,0.6644599275241921,-0.7884906254808456,-0.6060169757872417,0.0,0.0,0.0,0.0,11.586185220346932
-1.220863591408649,0.6594713647584372,-0.7884906254808456,-0.04928981713488239,0.0,0.0,0.0,0.0,11.468984026707245
-1.1640468731893743,0.6644599275241921,-0.7884906254808456,0.6665022439895795,0.0,0.0,0.0,0.0,11.409795792463761
-1.4323829208382324,0.6594713647584372,-0.7884906254808456,-0.28788717084303633,0.0,0.0,0.0,0.0,11.51293546492023
-1.5105974638748954,0.6594713647584372,-0.7978505355594456,0.9050995976977334,0.0,0.0,0.0,0.0,11.37940550085183
-1.5415170591489207,0.6594713647584372,-0.7978505355594456,0.5869697927535281,0.0,0.0,0.0,0.0,11.51293546492023
-1.4343709828017062,0.6594713647584372,-0.7978505355594456,1.064164500169836,0.0,0.0,0.0,0.0,11.355113089309977
-0.9816160293306163,0.6644599275241921,-0.7931705805201473,0.6665022439895795,0.0,0.0,0.0,0.0,11.340962076644454
-0.9413839332803196,0.6644599275241921,-0.7931705805201473,0.42790489028142553,0.0,0.0,0.0,0.0,11.388506711556236
-1.236297230335616,0.6644599275241921,-0.7978505355594456,0.6665022439895795,0.0,0.0,0.0,0.0,11.3655964644899
-1.5202238691717154,0.6644599275241921,-0.7931705805201473,1.064164500169836,0.0,0.0,0.0,0.0,11.407576060361786
-0.9718326717735222,0.6694484902899399,-0.7931705805201473,0.8255671464616822,0.0,0.0,0.0,0.0,11.408686542313973
-0.8975419352437154,0.6694484902899399,-0.7931705805201473,0.5074373415174769,0.0,0.0,0.0,0.0,11.488643018250334
-0.8072420681659361,0.6694484902899399,-0.7931705805201473,0.5869697927535281,0.0,0.0,0.0,0.0,11.430641079947755
-1.3646318618198525,0.6644599275241921,-0.7931705805201473,0.10977508533722025,0.0,0.0,0.0,0.0,11.429554725537322
-1.3478379699705088,0.6694484902899399,-0.7978505355594456,0.5869697927535281,0.0,0.0,0.0,0.0,11.373674891823535
-1.5844173436238793,0.6694484902899399,-0.7978505355594456,0.8255671464616822,0.0,0.0,0.0,0.0,11.560772327227417
2.304755031131595,0.5896314860379033,-0.7089313898127597,0.03024263410116893,0.0,0.0,0.0,0.0,13.122367377396328
5.819700899973191,0.5846429232721483,-0.7136113448520581,0.2688399878093229,0.0,0.0,0.0,0.0,13.122367377396328
4.447205701295057,0.5746657977406455,-0.7089313898127597,-0.12882226837093372,0.0,0.0,0.0,0.0,13.122367377396328
4.631833876797654,0.5696772349748905,-0.7136113448520581,-0.12882226837093372,0.0,0.0,0.0,0.0,13.122367377396328
2.1487968018390933,0.5696772349748905,-0.7229712549306548,-0.12882226837093372,0.0,0.0,0.0,0.0,13.122367377396328
3.0703158393292447,0.5597001094433878,-0.7089313898127597,-0.6855494270232929,0.0,0.0,0.0,0.0,13.122367377396328
5.819700899973191,0.5646886722091427,-0.7229712549306548,0.5869697927535281,0.0,0.0,0.0,0.0,13.122367377396328
5.819700899973191,0.5696772349748905,-0.7276512099699566,1.3822943051140413,0.0,0.0,0.0,0.0,13.122367377396328
1.7167072293041115,0.5597001094433878,-0.7276512099699566,1.8594890125303492,0.0,0.0,0.0,0.0,13.122367377396328
4.168615439308283,0.5597001094433878,-0.7182912998913565,0.18930753657327157,0.0,0.0,0.0,0.0,13.122367377396328
4.926851808693134,0.5397458583803821,-0.7136113448520581,-0.12882226837093372,0.0,0.0,0.0,0.0,13.122367377396328
3.619020941247986,0.54473442114613,-0.732331165009255,0.03024263410116893,0.0,0.0,0.0,0.0,13.122367377396328
4.703456424902799,0.54473442114613,-0.732331165009255,0.6665022439895795,0.0,0.0,0.0,0.0,13.122367377396328
5.819700899973191,0.5397458583803821,-0.7370111200485534,1.064164500169836,0.0,0.0,0.0,0.0,13.122367377396328
5.072974363008451,0.5397458583803821,-0.732331165009255,0.5869697927535281,0.0,0.0,0.0,0.0,13.122367377396328
5.268746148990519,0.5297687328488723,-0.7136113448520581,0.03024263410116893,0.0,0.0,0.0,0.0,13.122367377396328
2.256204465286764,0.5197916073173694,-0.7229712549306548,0.6665022439895795,0.0,0.0,0.0,0.0,13.122367377396328
0.4963510882518068,0.5247801700831244,-0.741691075087855,1.30276185387799,0.0,0.0,0.0,0.0,13.122367377396328
1.3803585355364159,0.5247801700831244,-0.7463710301271534,1.4618267563500926,0.0,0.0,0.0,0.0,13.122367377396328
2.45302259967066,0.5148030445516144,-0.741691075087855,0.3483724390453742,0.0,0.0,0.0,0.0,13.122367377396328
2.6083530199220664,0.5098144817858666,-0.7463710301271534,0.9846320489337848,0.0,0.0,0.0,0.0,13.122367377396328
2.310928486702382,0.5048259190201116,-0.7510509851664519,0.42790489028142553,0.0,0.0,0.0,0.0,13.122367377396328
1.7928290755371172,0.5048259190201116,-0.7370111200485534,-0.3674196220790877,0.0,0.0,0.0,0.0,13.122367377396328
3.948411418143524,0.5148030445516144,-0.7370111200485534,-0.6060169757872417,0.0,0.0,0.0,0.0,13.122367377396328
1.127142222293976,0.5098144817858666,-0.7510509851664519,0.5074373415174769,0.0,0.0,0.0,0.0,13.122367377396328
3.626606967161241,0.5247801700831244,-0.7463710301271534,1.064164500169836,0.0,0.0,0.0,0.0,13.122367377396328
5.131255968990286,0.5247801700831244,-0.7463710301271534,1.1436969514058875,0.0,0.0,0.0,0.0,13.122367377396328
2.737001555926851,0.5197916073173694,-0.7463710301271534,1.30276185387799,0.0,0.0,0.0,0.0,13.122367377396328
1.6508919148291132,0.5197916073173694,-0.7510509851664519,0.9050995976977334,0.0,0.0,0.0,0.0,13.122367377396328
5.819700899973191,0.5347572956146271,-0.741691075087855,0.5869697927535281,0.0,0.0,0.0,0.0,13.122367377396328
2.110134228391539,0.5098144817858666,-0.7697708053236487,0.8255671464616822,0.0,0.0,0.0,1.0,13.122367377396328
3.3022389625944797,0.5297687328488723,-0.7463710301271534,0.7460346952256308,0.0,0.0,0.0,0.0,13.122367377396328
1.9715453825693852,0.5497229839118849,-0.7370111200485534,1.30276185387799,0.0,0.0,0.0,0.0,13.122367377396328
2.9246118243746593,0.5497229839118849,-0.7370111200485534,1.30276185387799,0.0,0.0,0.0,0.0,13.122367377396328
2.953752627365576,0.54473442114613,-0.741691075087855,1.541359207586144,0.0,0.0,0.0,0.0,13.122367377396328
5.819700899973191,0.5397458583803821,-0.741691075087855,1.064164500169836,0.0,0.0,0.0,0.0,13.122367377396328
0.48379490742986764,0.5497229839118849,-0.7370111200485534,-0.20835471960698504,0.0,0.0,0.0,0.0,13.122367377396328
0.19835106341111702,0.5547115466776399,-0.7370111200485534,-0.6855494270232929,0.0,0.0,0.0,0.0,13.122367377396328
-0.14929819309632367,0.5497229839118849,-0.741691075087855,-0.28788717084303633,0.0,0.0,0.0,0.0,13.122367377396328
-0.05449902789068292,0.5547115466776399,-0.741691075087855,-0.28788717084303633,0.0,0.0,0.0,0.0,12.729323752253295
0.38894342480413535,0.5547115466776399,-0.741691075087855,-0.6060169757872417,0.0,0.0,0.0,0.0,12.86747370841737
0.4314251699183629,0.5497229839118849,-0.741691075087855,-0.5264845245511903,0.0,0.0,0.0,0.0,13.122367377396328
0.1562878576576208,0.5497229839118849,-0.741691075087855,-0.12882226837093372,0.0,0.0,0.0,0.0,13.122367377396328
1.5032521553311453,0.54473442114613,-0.741691075087855,0.5869697927535281,0.0,0.0,0.0,0.0,13.122367377396328
1.6491654399660969,0.5397458583803821,-0.741691075087855,1.30276185387799,0.0,0.0,0.0,0.0,13.122367377396328
5.819700899973191,0.5746657977406455,-0.7276512099699566,1.3822943051140413,0.0,0.0,0.0,0.0,13.122367377396328
3.3851620734393695,0.5696772349748905,-0.732331165009255,0.42790489028142553,0.0,0.0,0.0,0.0,13.122367377396328
2.020462170354856,0.5696772349748905,-0.732331165009255,0.7460346952256308,0.0,0.0,0.0,0.0,13.122367377396328
1.7218343364730695,0.5646886722091427,-0.732331165009255,-0.20835471960698504,0.0,0.0,0.0,0.0,13.122367377396328
2.6578452993285433,0.5646886722091427,-0.732331165009255,0.5074373415174769,0.0,0.0,0.0,0.0,13.122367377396328
0.8494936738688459,0.5646886722091427,-0.7370111200485534,-0.04928981713488239,0.0,0.0,0.0,0.0,13.122367377396328
-0.9548818276639043,0.5646886722091427,-0.732331165009255,-0.6060169757872417,0.0,0.0,0.0,0.0,12.765691290604371
-0.832145160129449,0.5646886722091427,-0.7370111200485534,-1.1627441344396008,0.0,0.0,0.0,0.0,13.122367377396328
-1.3412982924590822,0.5597001094433878,-0.732331165009255,-1.2422765856756521,0.0,0.0,0.0,0.0,12.765691290604371
-1.1997796711118096,0.5597001094433878,-0.732331165009255,-0.7650818782593443,0.0,0.0,0.0,0.0,12.765691290604371
-0.8537522546272024,0.5597001094433878,-0.7370111200485534,-0.6855494270232929,0.0,0.0,0.0,0.0,13.122365377402328
1.6695169163816566,0.5547115466776399,-0.7370111200485534,1.3822943051140413,0.0,0.0,0.0,0.0,13.122367377396328
1.5140818612900677,0.5547115466776399,-0.732331165009255,1.1436969514058875,0.0,0.0,0.0,0.0,13.122367377396328
5.44646842504105,0.5547115466776399,-0.732331165009255,1.6208916588221953,0.0,0.0,0.0,0.0,13.122367377396328
2.7970096367717026,0.5547115466776399,-0.732331165009255,1.064164500169836,0.0,0.0,0.0,0.0,13.122367377396328
-0.3252939942838376,0.5646886722091427,-0.7370111200485534,-1.5604063906198575,0.0,0.0,0.0,0.0,13.122367377396328
0.3092639940049129,0.5646886722091427,-0.741691075087855,-0.8446143294953956,0.0,0.0,0.0,0.0,13.122367377396328
0.43665691192750405,0.5646886722091427,-0.741691075087855,0.2688399878093229,0.0,0.0,0.0,0.0,13.122365377402328
0.9592033038005392,0.5646886722091427,-0.741691075087855,-1.0832116832035494,0.0,0.0,0.0,0.0,12.665713390084107
1.7742040739845744,0.5696772349748905,-0.7370111200485534,-1.4013414881477548,0.0,0.0,0.0,0.0,13.122367377396328
0.7855094690970474,0.5696772349748905,-0.7370111200485534,0.9846320489337848,0.0,0.0,0.0,0.0,13.122367377396328
0.7215775817453404,0.5696772349748905,-0.741691075087855,-0.5264845245511903,0.0,0.0,0.0,0.0,13.122367377396328
1.2360670909242981,0.5646886722091427,-0.7370111200485534,-1.2422765856756521,0.0,0.0,0.0,0.0,13.122367377396328
1.1909694748055,0.5746657977406455,-0.7370111200485534,0.9050995976977334,0.0,0.0,0.0,0.0,13.122367377396328
1.8549821706057164,0.5696772349748905,-0.7370111200485534,0.18930753657327157,0.0,0.0,0.0,0.0,13.122367377396328
0.16455401003206432,0.5696772349748905,-0.7370111200485534,0.7460346952256308,0.0,0.0,0.0,0.0,13.122367377396328
0.692489096174515,0.5696772349748905,-0.7370111200485534,-0.6855494270232929,0.0,0.0,0.0,0.0,13.122367377396328
3.6246712226178595,0.5746657977406455,-0.7370111200485534,1.2232294026419388,0.0,0.0,0.0,0.0,13.122367377396328
1.5667655033221213,0.5746657977406455,-0.7370111200485534,1.8594890125303492,0.0,0.0,0.0,0.0,13.122367377396328
0.49917622893674307,0.5746657977406455,-0.741691075087855,0.7460346952256308,0.0,0.0,0.0,0.0,13.122367377396328
1.4833192182763169,0.5696772349748905,-0.741691075087855,1.8594890125303492,0.0,0.0,0.0,0.0,13.122367377396328
0.04762457612775556,0.5696772349748905,-0.741691075087855,-0.3674196220790877,0.0,0.0,0.0,0.0,13.075902598110167
0.12442654882195005,0.5646886722091427,-0.741691075087855,-0.6855494270232929,0.0,0.0,0.0,0.0,12.628070334272698
0.5156038988454467,0.5646886722091427,-0.741691075087855,-0.5264845245511903,0.0,0.0,0.0,0.0,13.122367377396328
1.037156259736745,0.5696772349748905,-0.7463710301271534,1.8594890125303492,0.0,0.0,0.0,0.0,13.111708818640885
-0.8835208666592166,0.5597001094433878,-0.741691075087855,-0.04928981713488239,0.0,0.0,0.0,0.0,12.107913912447533
-0.10932768414648397,0.5597001094433878,-0.7463710301271534,-0.5264845245511903,0.0,0.0,0.0,0.0,12.554265215639417
-0.5798705604486544,0.5597001094433878,-0.7463710301271534,-0.446952073315139,0.0,0.0,0.0,0.0,12.533579815765737
-0.6410819419556077,0.5547115466776399,-0.741691075087855,-0.28788717084303633,0.0,0.0,0.0,0.0,12.923914877701906
-0.06349762414640593,0.5597001094433878,-0.741691075087855,-0.446952073315139,0.0,0.0,0.0,0.0,12.524530013005734
-0.31912053871305085,0.5547115466776399,-0.7463710301271534,-0.7650818782593443,0.0,0.0,0.0,0.0,12.729323752253295
-0.1793283922287948,0.5497229839118849,-0.7463710301271534,-0.6060169757872417,0.0,0.0,0.0,0.0,12.501726607862306
-0.4493909147406698,0.5597001094433878,-0.7463710301271534,-0.7650818782593443,0.0,0.0,0.0,0.0,12.88360098454402
-0.45483192643017684,0.5547115466776399,-0.7463710301271534,-0.28788717084303633,0.0,0.0,0.0,0.0,12.691583538230217
-0.09347550585878577,0.5547115466776399,-0.7463710301271534,-0.28788717084303633,0.0,0.0,0.0,0.0,12.793862088206213
-0.393829814603589,0.5547115466776399,-0.7463710301271534,-0.9241467807314468,0.0,0.0,0.0,0.0,12.949915316828669
-0.30829083275412844,0.5547115466776399,-0.7463710301271534,0.18930753657327157,0.0,0.0,0.0,0.0,12.760247946533124
0.03799817083093566,0.5597001094433878,-0.7463710301271534,-0.6060169757872417,0.0,0.0,0.0,0.0,12.794417487955563
-0.640087910973871,0.5597001094433878,-0.7510509851664519,1.30276185387799,0.0,0.0,0.0,0.0,12.611541086966115
-0.049685825242272975,0.5597001094433878,-0.7510509851664519,0.8255671464616822,0.0,0.0,0.0,0.0,12.725761871259474
-0.8835208666592166,0.5646886722091427,-0.7463710301271534,1.6208916588221953,0.0,0.0,0.0,0.0,12.323860125621126
-1.7475430594689056,0.5646886722091427,-0.7463710301271534,-1.0036792319674983,0.0,0.0,0.0,0.0,12.765691290604371
-0.4210871904712152,0.5646886722091427,-0.7463710301271534,0.18930753657327157,0.0,0.0,0.0,0.0,12.759385756113828
0.7424522323618143,0.5696772349748905,-0.7463710301271534,1.8594890125303492,0.0,0.0,0.0,0.0,13.092112395661816
0.5486685083432198,0.5746657977406455,-0.7463710301271534,1.3822943051140413,0.0,0.0,0.0,0.0,12.923426954998698
0.3698998838908612,0.5696772349748905,-0.7463710301271534,1.064164500169836,0.0,0.0,0.0,0.0,12.965711906537503
1.0461025385723766,0.5796543605064005,-0.741691075087855,-1.0036792319674983,0.0,0.0,0.0,0.0,13.122367377396328
0.5958065038455834,0.5746657977406455,-0.741691075087855,0.3483724390453742,0.0,0.0,0.0,0.0,13.122367377396328
2.0613743928663415,0.5746657977406455,-0.741691075087855,1.8594890125303492,0.0,0.0,0.0,0.0,13.122367377396328
0.6277724475214367,0.5846429232721483,-0.741691075087855,-0.20835471960698504,0.0,0.0,0.0,0.0,13.122367377396328
2.822906759716952,0.5846429232721483,-0.7463710301271534,0.9050995976977334,0.0,0.0,0.0,0.0,13.122367377396328
4.693934654446163,0.5846429232721483,-0.7463710301271534,1.064164500169836,0.0,0.0,0.0,0.0,13.122367377396328
2.2350682275698333,0.5846429232721483,-0.7510509851664519,0.5869697927535281,0.0,0.0,0.0,0.0,13.122367377396328
-0.07772796241127039,0.5796543605064005,-0.7510509851664519,0.3483724390453742,0.0,0.0,0.0,0.0,13.122367377396328
2.1699330395560232,0.5796543605064005,-0.7463710301271534,1.6208916588221953,0.0,0.0,0.0,0.0,13.122367377396328
0.07953820238351758,0.5896314860379033,-0.741691075087855,0.5074373415174769,0.0,0.0,0.0,0.0,12.929993908996359
0.7040512460147174,0.5896314860379033,-0.741691075087855,1.064164500169836,0.0,0.0,0.0,0.0,13.122367377396328
-0.09467880652088825,0.5846429232721483,-0.741691075087855,0.42790489028142553,0.0,0.0,0.0,0.0,13.122367377396328
0.07273693777163392,0.5896314860379033,-0.741691075087855,-0.28788717084303633,0.0,0.0,0.0,0.0,13.038983942375959
3.716749881978746,0.5796543605064005,-0.7463710301271534,1.8594890125303492,0.0,0.0,0.0,0.0,13.122367377396328
3.819448977618191,0.5796543605064005,-0.7463710301271534,1.8594890125303492,0.0,0.0,0.0,0.0,13.122367377396328
0.6735501901014235,0.5796543605064005,-0.7510509851664519,0.5869697927535281,0.0,0.0,0.0,0.0,13.122367377396328
1.4385878240981587,0.5746657977406455,-0.7463710301271534,1.779956561294298,0.0,0.0,0.0,0.0,13.122367377396328
0.9255632026817608,0.5746657977406455,-0.7463710301271534,1.8594890125303492,0.0,0.0,0.0,0.0,13.122367377396328
1.7926721232768434,0.5896314860379033,-0.7463710301271534,1.30276185387799,0.0,0.0,0.0,0.0,13.122367377396328
0.89924754037578,0.5896314860379033,-0.7463710301271534,1.2232294026419388,0.0,0.0,0.0,0.0,13.041806037330252
2.4680900166569875,0.5846429232721483,-0.7463710301271534,1.1436969514058875,0.0,0.0,0.0,0.0,13.122367377396328
3.4401999993755363,0.5846429232721483,-0.741691075087855,1.1436969514058875,0.0,0.0,0.0,0.0,13.122367377396328
-0.8267041484399419,0.5946200488036583,-0.7463710301271534,0.5074373415174769,0.0,0.0,0.0,0.0,12.243854824489109
-0.6035703517500646,0.5946200488036583,-0.7463710301271534,0.18930753657327157,0.0,0.0,0.0,0.0,12.44588057164006
1.2625397054905534,0.5946200488036583,-0.7463710301271534,1.30276185387799,0.0,0.0,0.0,0.0,12.73787961339737
-0.9587533167506689,0.5946200488036583,-0.7463710301271534,0.5869697927535281,0.0,0.0,0.0,0.0,12.641423363313939
-0.2458761505850725,0.5946200488036583,-0.7463710301271534,0.8255671464616822,0.0,0.0,0.0,0.0,12.512089356545026
0.13012914761191427,0.5896314860379033,-0.7463710301271534,0.9846320489337848,0.0,0.0,0.0,0.0,12.377927112974284
0.4511488372928257,0.5896314860379033,-0.7463710301271534,1.8594890125303492,0.0,0.0,0.0,0.0,12.73787961339737
0.014403014369708231,0.5896314860379033,-0.7463710301271534,1.6208916588221953,0.0,0.0,0.0,0.0,12.638831857462883
-0.34187861645281575,0.5896314860379033,-0.7510509851664519,-0.04928981713488239,0.0,0.0,0.0,0.0,12.356649805075568
-0.42841162928401316,0.5896314860379033,-0.7510509851664519,-0.28788717084303633,0.0,0.0,0.0,0.0,12.67420264562853
-0.34219252097336417,0.5846429232721483,-0.7510509851664519,-0.3674196220790877,0.0,0.0,0.0,0.0,12.67420264562853
1.4076682288241336,0.5846429232721483,-0.7510509851664519,1.1436969514058875,0.0,0.0,0.0,0.0,12.82880004419341
-0.5412079870011,0.5796543605064005,-0.7510509851664519,-0.20835471960698504,0.0,0.0,0.0,0.0,12.698635515785552
-0.39775362111044493,0.5846429232721483,-0.7557309402057503,-0.7650818782593443,0.0,0.0,0.0,0.0,12.611541086966115
-0.7652834972526228,0.5846429232721483,-0.7557309402057503,-0.12882226837093372,0.0,0.0,0.0,0.0,12.124868013083418
-0.37253662462638376,0.5796543605064005,-0.7510509851664519,-0.3674196220790877,0.0,0.0,0.0,0.0,12.812302081080515
-0.19570374471740706,0.5796543605064005,-0.7557309402057503,-0.3674196220790877,0.0,0.0,0.0,0.0,12.547180549395199
-0.4079555180282707,0.5796543605064005,-0.7557309402057503,-1.0036792319674983,0.0,0.0,0.0,0.0,12.676079399771027
-0.3844126789871345,0.5896314860379033,-0.7510509851664519,-0.7650818782593443,0.0,0.0,0.0,0.0,10.915106645867503
-0.24613773768552943,0.5846429232721483,-0.7510509851664519,-1.2422765856756521,0.0,0.0,0.0,0.0,12.524530013005734
-0.4927620559964513,0.5946200488036583,-0.7510509851664519,0.5869697927535281,0.0,0.0,0.0,0.0,12.310887512348744
-0.08144249923776066,0.5896314860379033,-0.7510509851664519,0.8255671464616822,0.0,0.0,0.0,0.0,12.349744326212377
-0.3628579019094723,0.599608611569406,-0.7463710301271534,1.1436969514058875,0.0,0.0,0.0,0.0,12.219980481653478
-0.5803414172294771,0.599608611569406,-0.7463710301271534,1.064164500169836,0.0,0.0,0.0,0.0,11.870606902224587
-0.6466799059053889,0.5946200488036583,-0.7510509851664519,1.1436969514058875,0.0,0.0,0.0,0.0,12.131893132355916
-0.8508224791020833,0.599608611569406,-0.7463710301271534,-0.28788717084303633,0.0,0.0,0.0,0.0,12.71680126459136
0.10559227758904151,0.599608611569406,-0.7463710301271534,1.1436969514058875,0.0,0.0,0.0,0.0,12.575568548598568
0.6332134592109435,0.5746657977406455,-0.7510509851664519,1.30276185387799,0.0,0.0,0.0,0.0,12.96524396190553
0.6977208381836563,0.5696772349748905,-0.7510509851664519,1.30276185387799,0.0,0.0,0.0,0.0,12.830943661992771
-0.36034666574508456,0.5696772349748905,-0.7510509851664519,-0.20835471960698504,0.0,0.0,0.0,0.0,12.828531768586906
-0.27313352645269867,0.5746657977406455,-0.7510509851664519,1.2232294026419388,0.0,0.0,0.0,0.0,12.74898106804298
-0.33308928987745834,0.5646886722091427,-0.7510509851664519,-0.28788717084303633,0.0,0.0,0.0,0.0,12.772525010724586
-0.12010507268531506,0.5696772349748905,-0.7510509851664519,0.5869697927535281,0.0,0.0,0.0,0.0,12.756218016006999
-0.13145795284515174,0.5646886722091427,-0.7510509851664519,0.6665022439895795,0.0,0.0,0.0,0.0,12.787173118698167
0.19207297300014767,0.5646886722091427,-0.7510509851664519,0.6665022439895795,0.0,0.0,0.0,0.0,12.709876675502672
-0.3930450533022178,0.5646886722091427,-0.7510509851664519,0.10977508533722025,0.0,0.0,0.0,0.0,12.747818280594485
-0.2762725716581836,0.5597001094433878,-0.7510509851664519,0.9846320489337848,0.0,0.0,0.0,0.0,12.670124221397808
0.0768176965387644,0.5597001094433878,-0.7510509851664519,0.9846320489337848,0.0,0.0,0.0,0.0,12.776772491986527
0.19086967233804517,0.5646886722091427,-0.7510509851664519,0.9846320489337848,0.0,0.0,0.0,0.0,12.768259411382008
1.2462166704220323,0.5646886722091427,-0.7557309402057503,0.6665022439895795,0.0,0.0,0.0,0.0,12.863595239117187
0.3679118219273875,0.5646886722091427,-0.7604108952450519,1.1436969514058875,0.0,0.0,0.0,0.0,12.899222326086994
0.6772647269279135,0.5646886722091427,-0.7604108952450519,0.9846320489337848,0.0,0.0,0.0,0.0,12.945151145750263
1.0412893359239668,0.5597001094433878,-0.7604108952450519,0.6665022439895795,0.0,0.0,0.0,0.0,12.994759525007462
1.2950288233673208,0.5597001094433878,-0.7604108952450519,0.9050995976977334,0.0,0.0,0.0,0.0,12.777902113316417
1.359850106860582,0.5597001094433878,-0.7604108952450519,0.5869697927535281,0.0,0.0,0.0,0.0,12.913618170638928
0.08717654571686423,0.5646886722091427,-0.7557309402057503,0.2688399878093229,0.0,0.0,0.0,0.0,13.122367377396328
0.765942753982859,0.5696772349748905,-0.7604108952450519,1.1436969514058875,0.0,0.0,0.0,0.0,13.101754465147772
1.263690688732564,0.5646886722091427,-0.7557309402057503,0.8255671464616822,0.0,0.0,0.0,0.0,13.051299076273295
0.017175837634553173,0.5696772349748905,-0.7557309402057503,0.7460346952256308,0.0,0.0,0.0,0.0,13.122367377396328
2.2427588883232707,0.5696772349748905,-0.7557309402057503,1.064164500169836,0.0,0.0,0.0,0.0,13.122367377396328
0.2690842153747078,0.5696772349748905,-0.7557309402057503,0.9846320489337848,0.0,0.0,0.0,0.0,13.122367377396328
0.3408637157401267,0.5746657977406455,-0.7510509851664519,1.2232294026419388,0.0,0.0,0.0,0.0,12.832815565542704
-0.14354327688626817,0.5796543605064005,-0.7510509851664519,-0.6855494270232929,0.0,0.0,0.0,0.0,13.046779547477332
-0.11900640686339539,0.5746657977406455,-0.7557309402057503,-0.6060169757872417,0.0,0.0,0.0,0.0,12.739054008205294
0.570955729302162,0.5746657977406455,-0.7557309402057503,0.42790489028142553,0.0,0.0,0.0,0.0,12.933865184406377
-0.3568937160190512,0.5746657977406455,-0.7557309402057503,-0.04928981713488239,0.0,0.0,0.0,0.0,12.885883795217529
-0.8559495862710418,0.5746657977406455,-0.7557309402057503,0.42790489028142553,0.0,0.0,0.0,0.0,13.017005083966255
-0.27731892006001174,0.5796543605064005,-0.7557309402057503,0.42790489028142553,0.0,0.0,0.0,0.0,12.634606283893019
-0.3670956129368769,0.5746657977406455,-0.7557309402057503,-0.5264845245511903,0.0,0.0,0.0,0.0,12.762256837985328
-0.0791405327537385,0.5796543605064005,-0.7557309402057503,0.5074373415174769,0.0,0.0,0.0,0.0,12.644330802262578
-0.4148614174803371,0.5796543605064005,-0.7557309402057503,-0.12882226837093372,0.0,0.0,0.0,0.0,12.66191713053049
0.4352966590051277,0.5746657977406455,-0.7604108952450519,0.3483724390453742,0.0,0.0,0.0,0.0,12.948250437540263
-0.16195900875844566,0.5746657977406455,-0.7604108952450519,0.2688399878093229,0.0,0.0,0.0,0.0,12.884108726347916
-0.6169636112934663,0.5696772349748905,-0.7604108952450519,-0.12882226837093372,0.0,0.0,0.0,0.0,12.929993908996359
1.3324880961527723,0.5696772349748905,-0.7604108952450519,0.9846320489337848,0.0,0.0,0.0,0.0,13.009420857525857
1.153143980079408,0.5646886722091427,-0.7604108952450519,1.064164500169836,0.0,0.0,0.0,0.0,12.948012371209098
-0.6682346829830511,0.5646886722091427,-0.7650908502843503,1.2232294026419388,0.0,0.0,0.0,0.0,12.799954585333216
0.4571130231832468,0.5646886722091427,-0.7650908502843503,1.2232294026419388,0.0,0.0,0.0,0.0,12.782126864777657
0.4309543131375403,0.5597001094433878,-0.7650908502843503,0.8255671464616822,0.0,0.0,0.0,0.0,12.720992874945178
-0.0006644026166187388,0.5646886722091427,-0.7650908502843503,0.9050995976977334,0.0,0.0,0.0,0.0,12.68013365745516
-0.24943373515128844,0.5696772349748905,-0.7650908502843503,0.10977508533722025,0.0,0.0,0.0,0.0,12.688501881189456
-0.37583262209214274,0.5646886722091427,-0.7650908502843503,-0.5264845245511903,0.0,0.0,0.0,0.0,12.40123227382928
0.12139213845664819,0.5646886722091427,-0.7650908502843503,0.9846320489337848,0.0,0.0,0.0,0.0,12.689427375855256
-0.4066475825259851,0.5746657977406455,-0.7604108952450519,1.064164500169836,0.0,0.0,0.0,0.0,12.72308210988141
-0.11257136419215169,0.5746657977406455,-0.7604108952450519,0.03024263410116893,0.0,0.0,0.0,0.0,12.74898106804298
0.05416425363918231,0.5746657977406455,-0.7650908502843503,0.18930753657327157,0.0,0.0,0.0,0.0,13.035935829953063
-0.6123596783254219,0.5696772349748905,-0.7650908502843503,-0.04928981713488239,0.0,0.0,0.0,0.0,12.64722981250999
0.9242029497593841,0.5547115466776399,-0.7604108952450519,1.1436969514058875,0.0,0.0,0.0,0.0,12.74578014344445
-0.501342112891443,0.5547115466776399,-0.7650908502843503,0.8255671464616822,0.0,0.0,0.0,0.0,12.75304020942637
0.6749627604438916,0.5547115466776399,-0.7650908502843503,0.6665022439895795,0.0,0.0,0.0,0.0,12.69680065849663
0.44895150564898634,0.5547115466776399,-0.7650908502843503,0.5869697927535281,0.0,0.0,0.0,0.0,12.756794715628809
0.21190127521479307,0.5547115466776399,-0.7604108952450519,0.8255671464616822,0.0,0.0,0.0,0.0,12.60216395655763
-0.6079126976176518,0.5497229839118849,-0.7650908502843503,0.7460346952256308,0.0,0.0,0.0,0.0,12.568981617474362
-0.8309418594673464,0.5497229839118849,-0.7650908502843503,0.9846320489337848,0.0,0.0,0.0,0.0,12.481812442022767
-0.7963077273668308,0.5547115466776399,-0.7650908502843503,0.8255671464616822,0.0,0.0,0.0,0.0,12.370319331596598
-0.5412603044211914,0.5497229839118849,-0.7697708053236487,0.42790489028142553,0.0,0.0,0.0,0.0,12.680444843668388
-0.6655141771382977,0.5497229839118849,-0.7650908502843503,0.6665022439895795,0.0,0.0,0.0,0.0,12.630689842582935
-0.9442613913853473,0.5497229839118849,-0.7697708053236487,0.18930753657327157,0.0,0.0,0.0,0.0,12.611541086966115
-0.6709551888278048,0.5497229839118849,-0.7697708053236487,0.9846320489337848,0.0,0.0,0.0,0.0,12.560247968016562
-0.9046571043761475,0.5497229839118849,-0.7697708053236487,0.3483724390453742,0.0,0.0,0.0,0.0,12.385477452742727
-0.8028474048782575,0.5297687328488723,-0.7744507603629505,0.9050995976977334,0.0,0.0,0.0,0.0,12.959846800844963
-0.4505942154027723,0.5497229839118849,-0.7697708053236487,1.7004241100582467,0.0,0.0,0.0,0.0,12.934348041772452
-0.4227613479141405,0.5497229839118849,-0.7697708053236487,1.8594890125303492,0.0,0.0,0.0,0.0,12.929993908996359
-0.5361855146723243,0.5497229839118849,-0.7697708053236487,1.8594890125303492,0.0,0.0,0.0,0.0,12.790244451361485
-0.24545761122434123,0.5497229839118849,-0.7697708053236487,0.6665022439895795,0.0,0.0,0.0,0.0,12.496878583628968
-0.4715211834393376,0.5497229839118849,-0.7697708053236487,-0.3674196220790877,0.0,0.0,0.0,0.0,13.122367377396328
-0.8433410880290113,0.5347572956146271,-0.7791307154022488,1.8594890125303492,0.0,0.0,0.0,0.0,12.765691290604371
0.16209509128776758,0.5597001094433878,-0.7697708053236487,1.8594890125303492,0.0,0.0,0.0,0.0,12.80271167900945
-0.18461245165802753,0.5547115466776399,-0.7697708053236487,1.8594890125303492,0.0,0.0,0.0,0.0,12.720992874945178
0.0960181897123129,0.5547115466776399,-0.7697708053236487,1.2232294026419388,0.0,0.0,0.0,0.0,12.724571752672464
-0.12057592946613785,0.5547115466776399,-0.7650908502843503,1.2232294026419388,0.0,0.0,0.0,0.0,12.69404204451308
-0.0006644026166187388,0.5547115466776399,-0.7650908502843503,1.8594890125303492,0.0,0.0,0.0,0.0,12.826651821423713
0.3001607629090073,0.5597001094433878,-0.7650908502843503,1.3822943051140413,0.0,0.0,0.0,0.0,12.760822327438113
0.04485175286291085,0.5597001094433878,-0.7650908502843503,1.1436969514058875,0.0,0.0,0.0,0.0,12.753618744072144
0.3655575380232738,0.5597001094433878,-0.7650908502843503,1.541359207586144,0.0,0.0,0.0,0.0,12.69680065849663
-0.4729860712018972,0.5597001094433878,-0.7697708053236487,0.3483724390453742,0.0,0.0,0.0,0.0,12.691583538230217
-0.37436773432958337,0.5597001094433878,-0.7697708053236487,1.8594890125303492,0.0,0.0,0.0,0.0,12.733758336210744
-0.3542255275943893,0.5547115466776399,-0.7697708053236487,0.9846320489337848,0.0,0.0,0.0,0.0,12.624128160777628
0.24104207820571014,0.5547115466776399,-0.7697708053236487,0.6665022439895795,0.0,0.0,0.0,0.0,12.79552736290336
0.6988718214256675,0.5547115466776399,-0.7744507603629505,0.2688399878093229,0.0,0.0,0.0,0.0,13.053444074639703
0.07289389003190826,0.5547115466776399,-0.7697708053236487,0.5074373415174769,0.0,0.0,0.0,0.0,13.122367377396328
0.009014320100292683,0.5547115466776399,-0.7744507603629505,-0.12882226837093372,0.0,0.0,0.0,0.0,13.122367377396328
0.6548728711287888,0.5347572956146271,-0.7791307154022488,0.03024263410116893,0.0,0.0,0.0,0.0,13.122367377396328
0.36152909667623506,0.5597001094433878,-0.7697708053236487,1.30276185387799,0.0,0.0,0.0,0.0,12.74578014344445
1.1462380806273413,0.5597001094433878,-0.7697708053236487,-0.20835471960698504,0.0,0.0,0.0,0.0,12.949915316828669
-0.03634488311896256,0.5547115466776399,-0.7744507603629505,-0.7650818782593443,0.0,0.0,0.0,0.0,13.122367377396328
-0.003384908461372158,0.5547115466776399,-0.7791307154022488,-0.7650818782593443,0.0,0.0,0.0,0.0,13.122367377396328
1.2013806414036912,0.5547115466776399,-0.7791307154022488,-0.8446143294953956,0.0,0.0,0.0,0.0,13.122367377396328
3.20377757798244,0.5547115466776399,-0.7791307154022488,-0.7650818782593443,0.0,0.0,0.0,0.0,13.122367377396328
4.254729912778749,0.54473442114613,-0.7838106704415472,-1.0036792319674983,0.0,0.0,0.0,0.0,13.122367377396328
1.010788280010673,0.5846429232721483,-0.7650908502843503,-1.4808739393838062,0.0,0.0,0.0,0.0,12.681688621055791
-0.5425159225033852,0.5796543605064005,-0.7650908502843503,0.5074373415174769,0.0,0.0,0.0,0.0,12.513561021741964
-0.3585155560418852,0.5796543605064005,-0.7650908502843503,0.10977508533722025,0.0,0.0,0.0,0.0,12.510615522357213
-0.49307596051699976,0.5796543605064005,-0.7650908502843503,-0.8446143294953956,0.0,0.0,0.0,0.0,12.529246130159391
-0.374577004009949,0.5746657977406455,-0.7650908502843503,-1.1627441344396008,0.0,0.0,0.0,0.0,12.568981617474362
-0.0791405327537385,0.5746657977406455,-0.7697708053236487,0.5074373415174769,0.0,0.0,0.0,0.0,12.55884347833516
0.23638582781757453,0.5696772349748905,-0.7697708053236487,0.5074373415174769,0.0,0.0,0.0,0.0,12.688501881189456
1.9181292966560521,0.5696772349748905,-0.7744507603629505,-0.7650818782593443,0.0,0.0,0.0,0.0,12.770536661790418
0.07462036489492506,0.5696772349748905,-0.7697708053236487,1.1436969514058875,0.0,0.0,0.0,0.0,12.62116129842949
0.2859304246441426,0.5746657977406455,-0.7697708053236487,-0.446952073315139,0.0,0.0,0.0,0.0,12.812847335877953
-0.10964158866703241,0.5746657977406455,-0.7744507603629505,-2.0376010980361654,0.0,0.0,0.0,0.0,13.017005083966255
0.5225097982975133,0.5696772349748905,-0.7697708053236487,1.064164500169836,0.0,0.0,0.0,0.0,12.615865044064096
0.2391063336623282,0.5646886722091427,-0.7697708053236487,1.1436969514058875,0.0,0.0,0.0,0.0,12.624457269455574
-1.4009401513632933,0.5796543605064005,-0.7697708053236487,0.8255671464616822,0.0,0.0,0.0,0.0,12.278397958261774
0.11145182863927962,0.5746657977406455,-0.7697708053236487,0.7460346952256308,0.0,0.0,0.0,0.0,12.424810506025395
0.3535768488223402,0.5746657977406455,-0.7697708053236487,0.5074373415174769,0.0,0.0,0.0,0.0,12.482950310008736
-0.6073895234167377,0.5796543605064005,-0.7650908502843503,0.5074373415174769,0.0,0.0,0.0,0.0,12.48937388613538
-0.11639053585882479,0.5796543605064005,-0.7697708053236487,0.5869697927535281,0.0,0.0,0.0,0.0,12.528522019787818
-0.5499973135764573,0.5846429232721483,-0.7697708053236487,0.8255671464616822,0.0,0.0,0.0,0.0,12.530692779790893
1.2509252382302591,0.5896314860379033,-0.7791307154022488,0.7460346952256308,0.0,0.0,0.0,0.0,12.786053927532635
1.8904533814276945,0.5946200488036583,-0.7791307154022488,1.1436969514058875,0.0,0.0,0.0,0.0,12.801058335158986
1.234026711540733,0.5896314860379033,-0.7791307154022488,1.2232294026419388,0.0,0.0,0.0,0.0,12.797743424153593
0.6576456943936337,0.5896314860379033,-0.7791307154022488,1.1436969514058875,0.0,0.0,0.0,0.0,12.753907885930044
1.4133708276140973,0.5896314860379033,-0.7791307154022488,1.3822943051140413,0.0,0.0,0.0,0.0,12.76797439010324
1.0139273252161578,0.5896314860379033,-0.7838106704415472,1.30276185387799,0.0,0.0,0.0,0.0,12.7387605387783
-0.13145795284515174,0.5896314860379033,-0.7838106704415472,1.30276185387799,0.0,0.0,0.0,0.0,12.705031132543777
-0.40994357999174436,0.604597174335161,-0.7744507603629505,0.9050995976977334,0.0,0.0,0.0,0.0,12.663500657121004
0.24459966277192632,0.599608611569406,-0.7744507603629505,0.8255671464616822,0.0,0.0,0.0,0.0,12.712290670597714
-0.25497938168097833,0.599608611569406,-0.7791307154022488,0.2688399878093229,0.0,0.0,0.0,0.0,12.562701088387747
1.1808198953077658,0.5796543605064005,-0.7791307154022488,0.6665022439895795,0.0,0.0,0.0,0.0,12.866699217025852
0.8987243661748657,0.5796543605064005,-0.7791307154022488,1.2232294026419388,0.0,0.0,0.0,0.0,12.803537326983564
1.539926666815226,0.5846429232721483,-0.7838106704415472,1.2232294026419388,0.0,0.0,0.0,0.0,12.803812391556706
1.1260435564720561,0.5796543605064005,-0.7838106704415472,1.2232294026419388,0.0,0.0,0.0,0.0,12.782688818818986
1.2168665977507496,0.5796543605064005,-0.7791307154022488,1.1436969514058875,0.0,0.0,0.0,0.0,12.81011808399072
0.5552081858546466,0.5746657977406455,-0.7791307154022488,1.2232294026419388,0.0,0.0,0.0,0.0,12.808203165924832
0.9112282295767137,0.5746657977406455,-0.7838106704415472,1.2232294026419388,0.0,0.0,0.0,0.0,12.81011808399072
1.2149308532073673,0.5696772349748905,-0.7838106704415472,0.7460346952256308,0.0,0.0,0.0,0.0,12.952762962683588
1.0516481851020665,0.5696772349748905,-0.7838106704415472,-1.2422765856756521,0.0,0.0,0.0,0.0,13.122367377396328
0.9245691717000241,0.5646886722091427,-0.7838106704415472,0.3483724390453742,0.0,0.0,0.0,0.0,13.122367377396328
2.5664990838489357,0.5696772349748905,-0.7838106704415472,-0.6855494270232929,0.0,0.0,0.0,0.0,13.122367377396328
2.0107834476379445,0.5696772349748905,-0.7791307154022488,-1.0036792319674983,0.0,0.0,0.0,0.0,13.122367377396328
0.6435723083890434,0.5696772349748905,-0.7838106704415472,-1.0036792319674983,0.0,0.0,0.0,0.0,12.553912171868914
0.910652737955708,0.5846429232721483,-0.7791307154022488,0.5074373415174769,0.0,0.0,0.0,0.0,12.92683742502675
1.1035470658327482,0.5846429232721483,-0.7744507603629505,0.8255671464616822,0.0,0.0,0.0,0.0,12.976414636196449
0.9075660101703145,0.5846429232721483,-0.7744507603629505,0.5869697927535281,0.0,0.0,0.0,0.0,13.031565203176179
1.9457005770442268,0.5846429232721483,-0.7791307154022488,0.7460346952256308,0.0,0.0,0.0,0.0,12.98264373413455
1.0872240307642274,0.5846429232721483,-0.7791307154022488,1.2232294026419388,0.0,0.0,0.0,0.0,12.840533480851393
0.9401074454671733,0.5846429232721483,-0.7838106704415472,1.1436969514058875,0.0,0.0,0.0,0.0,12.708969922854033
0.9677310432754397,0.599608611569406,-0.7791307154022488,0.9846320489337848,0.0,0.0,0.0,0.0,12.57002454806453
1.1210210841432804,0.5946200488036583,-0.7791307154022488,1.064164500169836,0.0,0.0,0.0,0.0,12.593037677653752
0.42692587179050157,0.5946200488036583,-0.7838106704415472,1.2232294026419388,0.0,0.0,0.0,0.0,12.608202196848836
-0.3167662548089374,0.5946200488036583,-0.7884906254808456,0.5074373415174769,0.0,0.0,0.0,0.0,12.899222326086994
0.16162423450694505,0.5846429232721483,-0.7838106704415472,1.2232294026419388,0.0,0.0,0.0,0.0,12.622480990736848
0.1416912974521166,0.5796543605064005,-0.7838106704415472,0.2688399878093229,0.0,0.0,0.0,0.0,12.558140493079444
0.45057334567182006,0.5796543605064005,-0.7931705805201473,1.30276185387799,0.0,0.0,0.0,0.0,12.57625939252641
0.9661615206726972,0.5597001094433878,-0.7838106704415472,-0.3674196220790877,0.0,0.0,0.0,0.0,13.122367377396328
1.2820017857645587,0.5597001094433878,-0.7838106704415472,0.5869697927535281,0.0,0.0,0.0,0.0,13.122367377396328
-0.8835208666592166,0.6445056764611794,-0.802530490598744,0.6665022439895795,0.0,0.0,0.0,0.0,12.077676615757813
-0.6391461974122256,0.6445056764611794,-0.8072104456380458,0.9846320489337848,0.0,0.0,0.0,0.0,11.980432229642377
0.30727593204143916,0.6395171136954244,-0.8118904006773442,1.064164500169836,0.0,0.0,0.0,0.0,11.995357787034976
-0.020440387411172843,0.6395171136954244,-0.8072104456380458,0.9846320489337848,0.0,0.0,0.0,0.0,11.9601785009348
-0.7335791406772264,0.6395171136954244,-0.8072104456380458,0.18930753657327157,0.0,0.0,0.0,0.0,11.926365356462313
-0.5961412780970838,0.6395171136954244,-0.802530490598744,-0.446952073315139,0.0,0.0,0.0,0.0,12.000283875037855
-0.6353793431656438,0.6445056764611794,-0.8212503107559409,-0.7650818782593443,0.0,0.0,0.0,0.0,12.09904963758644
0.23057859418742774,0.6395171136954244,-0.8212503107559409,0.2688399878093229,0.0,0.0,0.0,0.0,12.35793929036284
-0.14976904987714645,0.6395171136954244,-0.8165703557166426,0.5074373415174769,0.0,0.0,0.0,0.0,12.209073139542411
0.2640617430459322,0.6395171136954244,-0.8259302657952426,0.2688399878093229,0.0,0.0,0.0,0.0,12.382967001677175
0.6782587579096504,0.6345285509296765,-0.8306102208345411,0.5074373415174769,0.0,0.0,0.0,0.0,12.346708119309138
0.5770245500327656,0.6345285509296765,-0.8306102208345411,0.5074373415174769,0.0,0.0,0.0,0.0,12.434406702831367
-1.0313698958375503,0.6395171136954244,-0.8352901758738395,-1.4808739393838062,0.0,0.0,0.0,0.0,12.311337656627584
-0.6420236555172534,0.6295399881639216,-0.8399701309131378,-1.8785361955640627,0.0,0.0,0.0,0.0,12.286273802188468
0.4425687803978339,0.6345285509296765,-0.8399701309131378,0.5869697927535281,0.0,0.0,0.0,0.0,12.386730318837426
0.5458433676582836,0.6345285509296765,-0.8399701309131378,0.6665022439895795,0.0,0.0,0.0,0.0,12.356219606876625
-0.7753807593302654,0.6345285509296765,-0.8352901758738395,0.7460346952256308,0.0,0.0,0.0,0.0,12.206077645517674
-0.17210858825617986,0.6345285509296765,-0.8446500859524395,0.3483724390453742,0.0,0.0,0.0,0.0,12.329621250524813
-0.660596339649705,0.6345285509296765,-0.8493300409917379,0.5074373415174769,0.0,0.0,0.0,0.0,12.271865067705159
-0.5575310220696209,0.6345285509296765,-0.8493300409917379,-0.20835471960698504,0.0,0.0,0.0,0.0,12.124868013083418
0.7563686661061304,0.6345285509296765,-0.8540099960310363,-0.9241467807314468,0.0,0.0,0.0,0.0,12.552145080994137
-0.4554597354712737,0.6345285509296765,-0.8633699061096364,0.5074373415174769,0.0,0.0,0.0,0.0,12.368620824600177
-0.5027023658138199,0.6345285509296765,-0.8633699061096364,-1.5604063906198575,0.0,0.0,0.0,0.0,12.222442918443495
-0.37316443366748087,0.6345285509296765,-0.8633699061096364,-1.2422765856756521,0.0,0.0,0.0,0.0,12.32029824991355
0.38946659900504965,0.6345285509296765,-0.8680498611489348,0.5074373415174769,0.0,0.0,0.0,0.0,12.625115162052026
-0.3653691380738601,0.6544828019926822,-0.858689951070338,0.9846320489337848,0.0,0.0,0.0,0.0,12.050009304398564
-0.275330858096538,0.6594713647584372,-0.858689951070338,0.5869697927535281,0.0,0.0,0.0,0.0,12.002124919798158
0.8494936738688459,0.6544828019926822,-0.8633699061096364,0.10977508533722025,0.0,0.0,0.0,0.0,12.109016442313738
-0.7854257039878169,0.6594713647584372,-0.8633699061096364,0.2688399878093229,0.0,0.0,0.0,1.0,11.759793355371237
-0.1361142032332876,0.6644599275241921,-0.858689951070338,-0.04928981713488239,0.0,0.0,0.0,1.0,11.785247676408115
-1.3304162690800683,0.6694484902899399,-0.858689951070338,-0.20835471960698504,0.0,0.0,0.0,1.0,12.141539457711714
-0.275330858096538,0.6494942392269343,-0.858689951070338,0.7460346952256308,0.0,0.0,0.0,0.0,12.087857641588924
-0.3740538298090347,0.6494942392269343,-0.8633699061096364,0.5869697927535281,0.0,0.0,0.0,0.0,12.11341444611523
-0.2528866848773218,0.6494942392269343,-0.8633699061096364,0.8255671464616822,0.0,0.0,0.0,0.0,12.12595201815431
0.06473237249764777,0.6445056764611794,-0.858689951070338,0.7460346952256308,0.0,0.0,0.0,0.0,12.016732516077072
0.2643756475664804,0.6445056764611794,-0.8633699061096364,-0.04928981713488239,0.0,0.0,0.0,0.0,12.161603382806213
-0.301018711361422,0.6445056764611794,-0.8633699061096364,0.5869697927535281,0.0,0.0,0.0,0.0,12.031725210748633
-0.3532314966126524,0.6445056764611794,-0.8680498611489348,-0.6855494270232929,0.0,0.0,0.0,0.0,12.038251448529742
-0.9816160293306163,0.6395171136954244,-0.8633699061096364,-1.4808739393838062,0.0,0.0,0.0,0.0,12.016128107502665
-0.27915002976321135,0.6395171136954244,-0.8633699061096364,-1.0036792319674983,0.0,0.0,0.0,0.0,11.946012225174645
-0.7200289288735503,0.6345285509296765,-0.8633699061096364,-0.6060169757872417,0.0,0.0,0.0,0.0,11.967187086434018
-0.385615979649237,0.6345285509296765,-0.858689951070338,-1.6399388418559087,0.0,0.0,0.0,0.0,11.892737666219704
-0.49114021597361757,0.6494942392269343,-0.8633699061096364,0.18930753657327157,0.0,0.0,0.0,0.0,12.066816325306588
-0.9576546509287492,0.6544828019926822,-0.8680498611489348,-0.12882226837093372,0.0,0.0,0.0,1.0,12.069685751267224
-0.9059127224583415,0.6494942392269343,-0.8633699061096364,-0.20835471960698504,0.0,0.0,0.0,0.0,11.974777207691876
-0.5389060205170778,0.6494942392269343,-0.8633699061096364,0.8255671464616822,0.0,0.0,0.0,0.0,12.055255569732177
-0.6079126976176518,0.6594713647584372,-0.8633699061096364,0.42790489028142553,0.0,0.0,0.0,1.0,11.835740580500783
-0.5992803233025688,0.6594713647584372,-0.8633699061096364,0.7460346952256308,0.0,0.0,0.0,1.0,11.921060339411943
-1.0230514260430157,0.6594713647584372,-0.8633699061096364,0.8255671464616822,0.0,0.0,0.0,1.0,11.847975261832087
-0.9856444706776553,0.6544828019926822,-0.8680498611489348,-0.6060169757872417,0.0,0.0,0.0,1.0,12.011886987792716
-0.17132382695480863,0.6544828019926822,-0.8633699061096364,1.064164500169836,0.0,0.0,0.0,0.0,12.233692676364548
-0.6892662858597993,0.6694484902899399,-0.8680498611489348,-0.6855494270232929,0.0,0.0,0.0,1.0,12.765691290604371
-0.9316005757232253,0.6544828019926822,-0.8680498611489348,0.5074373415174769,0.0,0.0,0.0,1.0,11.949249500664376
-1.2722916153585082,0.6594713647584372,-0.8680498611489348,0.2688399878093229,0.0,0.0,0.0,1.0,12.112316757188815
-0.8508224791020833,0.6644599275241921,-0.8680498611489348,-0.3674196220790877,0.0,0.0,0.0,1.0,11.933614104849879
-0.9130278915907737,0.6544828019926822,-0.8680498611489348,0.5869697927535281,0.0,0.0,0.0,1.0,12.002124919798158
-0.7438333550151434,0.6544828019926822,-0.8727298161882332,0.5869697927535281,0.0,0.0,0.0,1.0,12.008846566115903
-0.9834994564539072,0.6494942392269343,-0.8727298161882332,-0.20835471960698504,0.0,0.0,0.0,1.0,11.922389234432126
-0.34779048492314535,0.6445056764611794,-0.8680498611489348,0.6665022439895795,0.0,0.0,0.0,0.0,11.983560145061489
-1.2238980017739511,0.6494942392269343,-0.8727298161882332,0.8255671464616822,0.0,0.0,0.0,1.0,11.85864764578841
-0.3930450533022178,0.6494942392269343,-0.8774097712275348,1.3822943051140413,0.0,0.0,0.0,1.0,11.630717389475995
0.9940990230015119,0.6345285509296765,-0.8774097712275348,-0.8446143294953956,0.0,0.0,0.0,0.0,12.57936229760897
-0.5074632510421385,0.6445056764611794,-0.8727298161882332,1.4618267563500926,0.0,0.0,0.0,0.0,11.897514169490739
-0.7461876389192569,0.6445056764611794,-0.8820897262668332,0.9846320489337848,0.0,0.0,0.0,1.0,12.137799158081608
-1.0656901234175173,0.6445056764611794,-0.8820897262668332,-0.8446143294953956,0.0,0.0,0.0,1.0,12.141539457711714
-1.2225900662716656,0.6445056764611794,-0.8867696813061317,0.9050995976977334,0.0,0.0,0.0,1.0,12.206077645517674
-1.3857157821166919,0.6445056764611794,-0.8820897262668332,-0.6060169757872417,0.0,0.0,0.0,1.0,12.246739428005663
-1.6308228952449628,0.6445056764611794,-0.8867696813061317,-1.0036792319674983,0.0,0.0,0.0,1.0,12.765691290604371
0.18548097806862962,0.6345285509296765,-0.8820897262668332,-0.7650818782593443,0.0,0.0,0.0,0.0,12.93868329823659
0.6542973795077832,0.6345285509296765,-0.8774097712275348,-1.7990037443280114,0.0,0.0,0.0,0.0,12.560949473827492
0.9337770376361126,0.6345285509296765,-0.8820897262668332,1.064164500169836,0.0,0.0,0.0,0.0,12.48975046163757
0.3917162480689803,0.6345285509296765,-0.8820897262668332,1.541359207586144,0.0,0.0,0.0,0.0,12.518694860909774
0.309107041744639,0.6345285509296765,-0.8867696813061317,1.4618267563500926,0.0,0.0,0.0,1.0,12.509139512775626
0.3301909620414782,0.6295399881639216,-0.8867696813061317,0.5869697927535281,0.0,0.0,0.0,1.0,12.765691290604371
0.2463784550550344,0.6295399881639216,-0.8867696813061317,-0.5264845245511903,0.0,0.0,0.0,1.0,12.769113988119456
-0.6784365799008769,0.6395171136954244,-0.8820897262668332,-0.12882226837093372,0.0,0.0,0.0,1.0,12.167337014705433
-0.19392495243429922,0.6345285509296765,-0.8820897262668332,-0.446952073315139,0.0,0.0,0.0,0.0,12.221458671239269
-0.61377224866789,0.6395171136954244,-0.8820897262668332,0.6665022439895795,0.0,0.0,0.0,1.0,12.296374851796545
-0.9045524695359647,0.6395171136954244,-0.8867696813061317,0.03024263410116893,0.0,0.0,0.0,1.0,12.182297237179363
-0.8671455141706044,0.6395171136954244,-0.8867696813061317,1.8594890125303492,0.0,0.0,0.0,1.0,12.633628610612188
-0.5892353786450173,0.6395171136954244,-0.8867696813061317,0.9846320489337848,0.0,0.0,0.0,1.0,12.381289859469133
-0.9644035981205413,0.6395171136954244,-0.8867696813061317,0.10977508533722025,0.0,0.0,0.0,1.0,12.327409359385856
-0.6803200070241678,0.6395171136954244,-0.8914496363454334,1.1436969514058875,0.0,0.0,0.0,1.0,12.323860125621126
-0.5917989322294966,0.6345285509296765,-0.8914496363454334,1.064164500169836,0.0,0.0,0.0,1.0,12.450590137999692
-0.49056472435261195,0.6345285509296765,-0.8867696813061317,-0.446952073315139,0.0,0.0,0.0,1.0,12.470361978939783
0.6336319985716748,0.6295399881639216,-0.8914496363454334,0.5869697927535281,0.0,0.0,0.0,1.0,12.817198704312052
0.7181769494393986,0.6295399881639216,-0.8914496363454334,1.8594890125303492,0.0,0.0,0.0,1.0,12.771105165022036
0.021151961561500607,0.6345285509296765,-0.8867696813061317,-0.6855494270232929,0.0,0.0,0.0,1.0,12.560949473827492
0.17245394046586743,0.6295399881639216,-0.8914496363454334,1.8594890125303492,0.0,0.0,0.0,1.0,12.765691290604371
-1.0556974961800574,0.6445056764611794,-0.8867696813061317,1.2232294026419388,0.0,0.0,0.0,1.0,12.42159120030458
-0.9570791593077436,0.6445056764611794,-0.8914496363454334,0.8255671464616822,0.0,0.0,0.0,1.0,12.365215131251702
-1.0251964402667635,0.6445056764611794,-0.8914496363454334,1.30276185387799,0.0,0.0,0.0,1.0,12.333590367227897
-0.6081219672980174,0.6395171136954244,-0.8914496363454334,0.10977508533722025,0.0,0.0,0.0,1.0,12.35320302633692
-0.35736457279987394,0.6395171136954244,-0.8961295913847318,-0.28788717084303633,0.0,0.0,0.0,1.0,12.458778882573533
-0.2243736909275016,0.6345285509296765,-0.8961295913847318,-0.04928981713488239,0.0,0.0,0.0,1.0,12.442728493191302
-0.2807195523659536,0.6345285509296765,-0.8961295913847318,-0.04928981713488239,0.0,0.0,0.0,1.0,12.497999446362185
-0.16054643841597754,0.6345285509296765,-0.8914496363454334,0.9050995976977334,0.0,0.0,0.0,1.0,12.529607988814114
0.1595315377032883,0.6295399881639216,-0.8914496363454334,1.8594890125303492,0.0,0.0,0.0,1.0,12.680755933074881
0.14064494905028846,0.6295399881639216,-0.8961295913847318,-0.20835471960698504,0.0,0.0,0.0,1.0,12.69680065849663
0.44225487587728524,0.6195628626324188,-0.9101694565026303,0.9846320489337848,0.0,0.0,0.0,1.0,12.650441108746573
0.8250614386861557,0.6295399881639216,-0.8914496363454334,0.3483724390453742,0.0,0.0,0.0,1.0,12.923426954998698
1.9945127299895153,0.6245514253981738,-0.8914496363454334,-0.28788717084303633,0.0,0.0,0.0,1.0,13.122367377396328
1.3332205400340522,0.6195628626324188,-0.8961295913847318,-0.28788717084303633,0.0,0.0,0.0,1.0,13.009644745976612
0.7487303227727842,0.6295399881639216,-0.919529366581227,1.064164500169836,0.0,0.0,0.0,1.0,12.903961068615336
1.2171805022712978,0.6345285509296765,-0.8961295913847318,0.5074373415174769,0.0,0.0,0.0,1.0,12.79802008682886
-0.40240987149858076,0.6395171136954244,-0.9008095464240301,0.9050995976977334,0.0,0.0,0.0,1.0,13.048288327785578
0.1955259227261808,0.6395171136954244,-0.9008095464240301,0.9050995976977334,0.0,0.0,0.0,1.0,12.715299992732369
0.3580238295301102,0.6395171136954244,-0.9008095464240301,0.18930753657327157,0.0,0.0,0.0,1.0,12.624128160777628
-0.3150920973660121,0.6395171136954244,-0.8961295913847318,0.8255671464616822,0.0,0.0,0.0,1.0,12.44627388376583
-0.19115212916945426,0.6395171136954244,-0.8961295913847318,-0.6060169757872417,0.0,0.0,0.0,1.0,12.323860125621126
-0.07746637531081323,0.6445056764611794,-0.9148494115419287,-1.6399388418559087,0.0,0.0,0.0,1.0,12.568981617474362
1.970132812226917,0.6694484902899399,-0.6527719293411658,0.18930753657327157,0.0,0.0,0.0,0.0,12.890181604139126
1.111080774325912,0.6694484902899399,-0.6574518843804675,0.42790489028142553,0.0,0.0,0.0,0.0,12.813392293534607
1.7107953608337816,0.6644599275241921,-0.6527719293411658,0.18930753657327157,0.0,0.0,0.0,0.0,12.884362500606924
1.9403118827748111,0.6644599275241921,-0.6527719293411658,0.18930753657327157,0.0,0.0,0.0,0.0,12.848192285860488
0.35174573911914087,0.6694484902899399,-0.6621318394197658,0.5869697927535281,0.0,0.0,0.0,0.0,12.796636007394284
0.7696049733892577,0.6644599275241921,-0.6574518843804675,0.9846320489337848,0.0,0.0,0.0,0.0,12.773375951490893
1.1163125163350531,0.6644599275241921,-0.6574518843804675,1.1436969514058875,0.0,0.0,0.0,0.0,12.44588057164006
0.6416888812657527,0.6644599275241921,-0.6574518843804675,1.064164500169836,0.0,0.0,0.0,0.0,12.58485491185508
0.15194551179003338,0.6594713647584372,-0.6574518843804675,0.5074373415174769,0.0,0.0,0.0,0.0,12.510615522357213
0.5541618374528184,0.6594713647584372,-0.6480919743018674,0.42790489028142553,0.0,0.0,0.0,0.0,12.727544397630073
0.4232113349640111,0.6594713647584372,-0.6574518843804675,0.42790489028142553,0.0,0.0,0.0,0.0,12.598793556907369
1.2090713021571287,0.6544828019926822,-0.6527719293411658,0.5074373415174769,0.0,0.0,0.0,0.0,12.651082132354988
1.4394772202397126,0.6544828019926822,-0.6527719293411658,0.5074373415174769,0.0,0.0,0.0,0.0,12.749561955131963
0.9584708599192597,0.6544828019926822,-0.6527719293411658,0.5074373415174769,0.0,0.0,0.0,0.0,12.70533466782146
0.31695465475835083,0.6544828019926822,-0.6527719293411658,1.064164500169836,0.0,0.0,0.0,0.0,12.513193308436527
0.27834439873088773,0.6594713647584372,-0.6574518843804675,0.9846320489337848,0.0,0.0,0.0,0.0,12.290877840689351
0.8684325799419375,0.6594713647584372,-0.6621318394197658,0.10977508533722025,0.0,0.0,0.0,0.0,12.615533094955484
0.6330041895305779,0.6594713647584372,-0.6574518843804675,0.6665022439895795,0.0,0.0,0.0,0.0,12.473428278520133
0.3660283948040964,0.6544828019926822,-0.6574518843804675,1.1436969514058875,0.0,0.0,0.0,0.0,12.251050791276203
1.9262908141903126,0.6544828019926822,-0.6574518843804675,0.7460346952256308,0.0,0.0,0.0,0.0,12.48257116452228
0.8131853843254051,0.6544828019926822,-0.6574518843804675,0.3483724390453742,0.0,0.0,0.0,0.0,12.69649452136317
-0.15986631195478915,0.6744370530556949,-0.6668117944590642,0.03024263410116893,0.0,0.0,0.0,0.0,12.741691364642852
-0.18775149686351245,0.6694484902899399,-0.6668117944590642,0.5869697927535281,0.0,0.0,0.0,0.0,12.498745990829315
-0.2864744685760091,0.6694484902899399,-0.6668117944590642,0.03024263410116893,0.0,0.0,0.0,0.0,12.518694860909774
-0.695805963371226,0.6694484902899399,-0.6668117944590642,0.2688399878093229,0.0,0.0,0.0,0.0,12.206077645517674
-0.22139159798229102,0.6644599275241921,-0.6621318394197658,0.9846320489337848,0.0,0.0,0.0,0.0,12.48332931179837
0.14441180329687026,0.6644599275241921,-0.6621318394197658,0.42790489028142553,0.0,0.0,0.0,0.0,12.437188334739655
-0.03634488311896256,0.6594713647584372,-0.6621318394197658,0.42790489028142553,0.0,0.0,0.0,0.0,12.495007682693725
1.222516879120622,0.6694484902899399,-0.6668117944590642,1.7004241100582467,0.0,0.0,0.0,0.0,12.560247968016562
0.7932524472705768,0.6694484902899399,-0.6714917494983627,1.779956561294298,0.0,0.0,0.0,0.0,12.669495292537231
-0.2496953222517456,0.6694484902899399,-0.6714917494983627,1.541359207586144,0.0,0.0,0.0,0.0,12.632323557588636
0.8890456434579541,0.6644599275241921,-0.6714917494983627,0.9846320489337848,0.0,0.0,0.0,0.0,12.644008170618003
-0.15620409254839016,0.6644599275241921,-0.6668117944590642,0.2688399878093229,0.0,0.0,0.0,0.0,12.411463546908074
0.8646657256953557,0.6644599275241921,-0.6621318394197658,0.5869697927535281,0.0,0.0,0.0,0.0,12.39380039582335
1.7813715605370979,0.6494942392269343,-0.6621318394197658,0.42790489028142553,0.0,0.0,0.0,0.0,13.043755140385633
-0.0987595652880185,0.6694484902899399,-0.6808516595769627,1.4618267563500926,0.0,0.0,0.0,0.0,12.952762962683588
1.219377833915137,0.6694484902899399,-0.6808516595769627,1.1436969514058875,0.0,0.0,0.0,0.0,13.033315746838651
2.216652495697656,0.6694484902899399,-0.6808516595769627,1.30276185387799,0.0,0.0,0.0,0.0,13.009420857525857
2.244119141245647,0.6544828019926822,-0.6808516595769627,0.2688399878093229,0.0,0.0,0.0,0.0,13.122367377396328
-0.34595937521994596,0.6744370530556949,-0.6761717045376644,0.5869697927535281,0.0,0.0,0.0,0.0,12.710782606695746
0.5511274270875166,0.6744370530556949,-0.6761717045376644,0.18930753657327157,0.0,0.0,0.0,0.0,12.899222326086994
0.05306558781726263,0.6744370530556949,-0.6761717045376644,0.5869697927535281,0.0,0.0,0.0,0.0,12.923426954998698
4.332735186135046,0.6794256158214499,-0.6808516595769627,-1.1627441344396008,0.0,0.0,0.0,0.0,13.122367377396328
-0.15599482286802452,0.6694484902899399,-0.6855316146162611,0.6665022439895795,0.0,0.0,0.0,0.0,12.812302081080515
2.2267497577752984,0.6794256158214499,-0.6855316146162611,-0.3674196220790877,0.0,0.0,0.0,0.0,13.066218332285754
1.06917452083269,0.6794256158214499,-0.6902115696555629,-0.28788717084303633,0.0,0.0,0.0,0.0,12.949202136513597
1.425456151655214,0.6894027413529527,-0.6902115696555629,1.6208916588221953,0.0,0.0,0.0,0.0,12.836548893256682
1.5462047572261954,0.6844141785871977,-0.6902115696555629,0.18930753657327157,0.0,0.0,0.0,0.0,13.008300662763698
0.6777879011288278,0.6694484902899399,-0.6902115696555629,0.18930753657327157,0.0,0.0,0.0,0.0,12.969447601436
-0.4059151386447054,0.6694484902899399,-0.6948915246948613,-0.20835471960698504,0.0,0.0,0.0,0.0,12.457224282783562
0.7641639616997509,0.6694484902899399,-0.6948915246948613,0.9050995976977334,0.0,0.0,0.0,0.0,12.822341481534535
-0.2840678672518041,0.6644599275241921,-0.6902115696555629,0.9050995976977334,0.0,0.0,0.0,0.0,12.832815565542704
2.985247714260607,0.6644599275241921,-0.6902115696555629,1.8594890125303492,0.0,0.0,0.0,0.0,12.914603389966848
1.4565326991895136,0.6644599275241921,-0.6902115696555629,1.8594890125303492,0.0,0.0,0.0,0.0,12.848981238461693
0.5426520050327074,0.6594713647584372,-0.6902115696555629,1.8594890125303492,0.0,0.0,0.0,0.0,12.816112636016506
0.6528848091653151,0.6594713647584372,-0.6855316146162611,1.8594890125303492,0.0,0.0,0.0,0.0,12.829068247847415
-0.6850808922524863,0.6594713647584372,-0.6902115696555629,-0.3674196220790877,0.0,0.0,0.0,0.0,12.54254845357358
-0.009767633712524563,0.6544828019926822,-0.6855316146162611,-0.6855494270232929,0.0,0.0,0.0,0.0,12.671694815185111
-0.38080277700082704,0.6544828019926822,-0.6902115696555629,-0.9241467807314468,0.0,0.0,0.0,0.0,12.141539457711714
-0.36777573939806535,0.6544828019926822,-0.6902115696555629,-0.7650818782593443,0.0,0.0,0.0,0.0,12.237091546357338
-0.07542599592724823,0.6544828019926822,-0.6902115696555629,-0.6855494270232929,0.0,0.0,0.0,0.0,12.768829210343865
0.8556671294396326,0.6494942392269343,-0.6855316146162611,1.541359207586144,0.0,0.0,0.0,0.0,12.779030460041641
-0.11382698227434547,0.6494942392269343,-0.6902115696555629,1.30276185387799,0.0,0.0,0.0,0.0,12.679822374374929
0.883918536288996,0.6445056764611794,-0.6855316146162611,1.8594890125303492,0.0,0.0,0.0,0.0,12.710480720812354
1.5890004068609715,0.6494942392269343,-0.6855316146162611,1.8594890125303492,0.0,0.0,0.0,0.0,12.832013750189885
2.072831907866361,0.6494942392269343,-0.6855316146162611,1.8594890125303492,0.0,0.0,0.0,0.0,13.122367377396328
1.845931256929902,0.6445056764611794,-0.6808516595769627,1.4618267563500926,0.0,0.0,0.0,0.0,13.009868584312548
0.7545375564029311,0.6445056764611794,-0.6808516595769627,1.8594890125303492,0.0,0.0,0.0,0.0,12.788291058675025
0.6135421092565725,0.6395171136954244,-0.6808516595769627,1.8594890125303492,0.0,0.0,0.0,0.0,12.686957484108422
1.5735667679340049,0.6445056764611794,-0.6808516595769627,1.7004241100582467,0.0,0.0,0.0,0.0,12.80929785378815
-0.12601694115564469,0.6445056764611794,-0.6855316146162611,-0.5264845245511903,0.0,0.0,0.0,0.0,12.454107814022272
0.23476398779474078,0.6395171136954244,-0.6855316146162611,1.8594890125303492,0.0,0.0,0.0,0.0,12.586565185197317
-0.09358014069896858,0.6395171136954244,-0.6808516595769627,-1.4808739393838062,0.0,0.0,0.0,0.0,12.565846283553652
-0.0878775419090046,0.6395171136954244,-0.6902115696555629,0.18930753657327157,0.0,0.0,0.0,0.0,12.39628383052922
0.24459966277192632,0.6395171136954244,-0.6902115696555629,1.064164500169836,0.0,0.0,0.0,0.0,12.153731433847984
-0.5107592485078976,0.6395171136954244,-0.6855316146162611,-1.3218090369117035,0.0,0.0,0.0,0.0,12.246739428005663
-0.6668744300606746,0.6345285509296765,-0.6855316146162611,-0.9241467807314468,0.0,0.0,0.0,0.0,12.312237337751334
-0.3494646423660706,0.6395171136954244,-0.6902115696555629,0.5074373415174769,0.0,0.0,0.0,0.0,12.380030154325457
-0.33701309638431426,0.6345285509296765,-0.6902115696555629,0.9050995976977334,0.0,0.0,0.0,0.0,12.403286919899765
-0.5451841109280474,0.6345285509296765,-0.6902115696555629,0.5074373415174769,0.0,0.0,0.0,0.0,12.456056744871358
-0.45247764252606315,0.6494942392269343,-0.6902115696555629,1.4618267563500926,0.0,0.0,0.0,0.0,12.450981602512561
-0.44803066181829315,0.6494942392269343,-0.6948915246948613,-0.28788717084303633,0.0,0.0,0.0,0.0,12.302296044586472
-0.3448607093980263,0.6494942392269343,-0.6948915246948613,-1.1627441344396008,0.0,0.0,0.0,0.0,12.349311146362329
0.24459966277192632,0.6494942392269343,-0.6902115696555629,1.541359207586144,0.0,0.0,0.0,0.0,12.43996225063003
-0.48507139524301357,0.6445056764611794,-0.6902115696555629,1.6208916588221953,0.0,0.0,0.0,0.0,12.458390459140501
-0.17503836378129892,0.6544828019926822,-0.6902115696555629,-0.8446143294953956,0.0,0.0,0.0,0.0,12.084475470282369
-0.4584418284164843,0.6544828019926822,-0.6948915246948613,-1.1627441344396008,0.0,0.0,0.0,0.0,12.092909546513004
-0.5168280692385016,0.6544828019926822,-0.6948915246948613,-1.7990037443280114,0.0,0.0,0.0,0.0,12.438378098156768
-0.5584727356312662,0.6544828019926822,-0.6948915246948613,-0.8446143294953956,0.0,0.0,0.0,0.0,12.419169901386761
1.6032830625459276,0.6644599275241921,-0.6902115696555629,1.8594890125303492,0.0,0.0,0.0,0.0,12.607533078955413
-0.2540899855394243,0.6644599275241921,-0.6948915246948613,-0.6855494270232929,0.0,0.0,0.0,0.0,12.557085087723449
-0.3833663305853064,0.6644599275241921,-0.6948915246948613,1.30276185387799,0.0,0.0,0.0,0.0,12.551791287796721
-0.0987595652880185,0.6594713647584372,-0.6948915246948613,-1.0832116832035494,0.0,0.0,0.0,0.0,12.252961002410009
0.015240093091170984,0.6594713647584372,-0.6902115696555629,-1.1627441344396008,0.0,0.0,0.0,0.0,12.206077645517674
-0.4312367699689494,0.6644599275241921,-0.6948915246948613,-0.9241467807314468,0.0,0.0,0.0,0.0,12.253914741377207
-0.6716876327090845,0.6644599275241921,-0.6948915246948613,-0.7650818782593443,0.0,0.0,0.0,0.0,12.169932382913561
-0.5380689417956153,0.6594713647584372,-0.6948915246948613,0.18930753657327157,0.0,0.0,0.0,0.0,12.337543792304956
-0.8444920712710222,0.6594713647584372,-0.6948915246948613,0.2688399878093229,0.0,0.0,0.0,0.0,12.141539457711714
-0.4353698461561712,0.6594713647584372,-0.6948915246948613,-0.6855494270232929,0.0,0.0,0.0,0.0,12.174587138384211
-0.6536904401976384,0.6694484902899399,-0.6995714797341596,0.3483724390453742,0.0,0.0,0.0,0.0,12.21255657932543
-0.4476644398776532,0.6644599275241921,-0.6995714797341596,-0.6855494270232929,0.0,0.0,0.0,0.0,12.299112067295642
-0.4433744114301573,0.6694484902899399,-0.6948915246948613,-0.7650818782593443,0.0,0.0,0.0,0.0,12.461880850543723
-0.5020222393526315,0.6694484902899399,-0.6995714797341596,-0.28788717084303633,0.0,0.0,0.0,0.0,12.320744178813118
-0.7399095485082873,0.6644599275241921,-0.6995714797341596,-0.04928981713488239,0.0,0.0,0.0,0.0,12.445093483000798
-1.0273937719106028,0.6644599275241921,-0.6995714797341596,0.5869697927535281,0.0,0.0,0.0,0.0,12.380030154325457
-0.2682156889641059,0.6644599275241921,-0.704251434773458,0.6665022439895795,0.0,0.0,0.0,0.0,12.459555277114108
0.9499954378644506,0.6644599275241921,-0.704251434773458,1.30276185387799,0.0,0.0,0.0,0.0,12.502470376049185
-1.1228207461573407,0.6644599275241921,-0.6948915246948613,-1.71947129309196,0.0,0.0,0.0,0.0,12.217511966297351
-0.7503207151064786,0.6644599275241921,-0.6995714797341596,-1.5604063906198575,0.0,0.0,0.0,0.0,12.310887512348744
-1.03764798624852,0.6594713647584372,-0.6995714797341596,0.10977508533722025,0.0,0.0,0.0,0.0,12.190456343334482
-1.073956275791961,0.6594713647584372,-0.6995714797341596,0.6665022439895795,0.0,0.0,0.0,0.0,12.524530013005734
-1.5997463477106635,0.6594713647584372,-0.6948915246948613,-1.2422765856756521,0.0,0.0,0.0,0.0,12.141539457711714
-1.2213867656095632,0.6544828019926822,-0.6995714797341596,1.779956561294298,0.0,0.0,0.0,0.0,12.501726607862306
-0.8448582932116622,0.6544828019926822,-0.6995714797341596,0.03024263410116893,0.0,0.0,0.0,0.0,12.42159120030458
-0.4545703393297197,0.6494942392269343,-0.6995714797341596,-1.4808739393838062,0.0,0.0,0.0,0.0,12.07254696717504
0.12139213845664819,0.6544828019926822,-0.6995714797341596,-1.7990037443280114,0.0,0.0,0.0,0.0,12.258195345865499
-0.4542564348091712,0.6494942392269343,-0.6948915246948613,-1.71947129309196,0.0,0.0,0.0,0.0,12.34148164933907
-0.632501885060616,0.6544828019926822,-0.704251434773458,-0.28788717084303633,0.0,0.0,0.0,0.0,12.292713537231938
-0.7200289288735503,0.6544828019926822,-0.704251434773458,0.6665022439895795,0.0,0.0,0.0,0.0,12.240961875957243
-1.3903197150847362,0.6544828019926822,-0.704251434773458,0.6665022439895795,0.0,0.0,0.0,0.0,12.295917919903431
-0.6997297698780819,0.6544828019926822,-0.6995714797341596,-0.446952073315139,0.0,0.0,0.0,0.0,12.230770136157428
-0.8978035223441724,0.6594713647584372,-0.6995714797341596,-1.2422765856756521,0.0,0.0,0.0,0.0,12.309986615445005
-0.7168898836680656,0.6594713647584372,-0.6995714797341596,-0.28788717084303633,0.0,0.0,0.0,0.0,12.12541016250223
-0.698212564695431,0.6594713647584372,-0.704251434773458,-0.5264845245511903,0.0,0.0,0.0,0.0,12.289958727201455
0.07896271076251199,0.6644599275241921,-0.704251434773458,1.30276185387799,0.0,0.0,0.0,0.0,12.470361978939783
-0.9162192542163499,0.6594713647584372,-0.704251434773458,1.8594890125303492,0.0,0.0,0.0,0.0,12.40410759774362
-0.8642157386454851,0.6594713647584372,-0.704251434773458,0.5869697927535281,0.0,0.0,0.0,0.0,12.45254592991672
-0.7275626373667139,0.6594713647584372,-0.7089313898127597,-0.6060169757872417,0.0,0.0,0.0,0.0,12.107913912447533
1.7002795593954074,0.6295399881639216,-0.6621318394197658,-0.12882226837093372,0.0,0.0,0.0,0.0,13.008524802125525
1.6243146654226754,0.6195628626324188,-0.6668117944590642,0.18930753657327157,0.0,0.0,0.0,0.0,12.906446153181818
0.4772552299184409,0.6145742998666639,-0.6668117944590642,0.5869697927535281,0.0,0.0,0.0,0.0,12.618847637882144
0.01455996662998257,0.6395171136954244,-0.6808516595769627,0.5869697927535281,0.0,0.0,0.0,0.0,12.677328615270097
-0.19251238209183086,0.6345285509296765,-0.6761717045376644,-1.1627441344396008,0.0,0.0,0.0,0.0,12.545757573071759
0.48253928934767387,0.6345285509296765,-0.6761717045376644,1.8594890125303492,0.0,0.0,0.0,0.0,12.694962428316714
0.2609226978404473,0.6345285509296765,-0.6761717045376644,1.779956561294298,0.0,0.0,0.0,0.0,12.714097350382492
-0.09143512647522076,0.6295399881639216,-0.6761717045376644,-0.12882226837093372,0.0,0.0,0.0,0.0,12.570371950022508
0.5377864849642061,0.6345285509296765,-0.6761717045376644,1.8594890125303492,0.0,0.0,0.0,0.0,12.746945301848456
0.6331611417908523,0.6295399881639216,-0.6714917494983627,0.5869697927535281,0.0,0.0,0.0,0.0,12.764547783171325
1.6294940900117254,0.6245514253981738,-0.6714917494983627,0.5869697927535281,0.0,0.0,0.0,0.0,12.752171779406325
0.5819423875213587,0.6245514253981738,-0.6714917494983627,0.5869697927535281,0.0,0.0,0.0,0.0,12.70351207261035
0.057721838205398474,0.6245514253981738,-0.6714917494983627,0.5869697927535281,0.0,0.0,0.0,0.0,12.59269806257022
-0.14082277104151472,0.6195628626324188,-0.6714917494983627,1.1436969514058875,0.0,0.0,0.0,0.0,12.574185427296195
0.25469692484956924,0.6195628626324188,-0.6714917494983627,1.1436969514058875,0.0,0.0,0.0,0.0,12.55884347833516
-0.43589302035708527,0.6145742998666639,-0.6714917494983627,0.9846320489337848,0.0,0.0,0.0,0.0,12.479532814438391
-0.5238386035307508,0.6145742998666639,-0.6761717045376644,0.9846320489337848,0.0,0.0,0.0,0.0,12.167337014705433
-0.7060601777091431,0.604597174335161,-0.6714917494983627,-1.1627441344396008,0.0,0.0,0.0,0.0,12.35363452394233
0.15529382667588393,0.6245514253981738,-0.6761717045376644,0.6665022439895795,0.0,0.0,0.0,0.0,12.771673345241355
-0.4490770102201213,0.6245514253981738,-0.6761717045376644,0.6665022439895795,0.0,0.0,0.0,0.0,12.515397562803473
-0.42574344085935106,0.6295399881639216,-0.6761717045376644,1.064164500169836,0.0,0.0,0.0,0.0,12.798573182658513
-0.25456084232024706,0.6245514253981738,-0.6761717045376644,0.6665022439895795,0.0,0.0,0.0,0.0,12.313585343581135
-0.4034562199004089,0.6195628626324188,-0.6714917494983627,-0.446952073315139,0.0,0.0,0.0,0.0,12.238060533986511
-0.4075369786675392,0.6345285509296765,-0.6808516595769627,-1.2422765856756521,0.0,0.0,0.0,0.0,12.436791432162119
-0.42249976081368334,0.6345285509296765,-0.6855316146162611,0.6665022439895795,0.0,0.0,0.0,0.0,12.206077645517674
-0.290764497023505,0.6345285509296765,-0.6808516595769627,-1.8785361955640627,0.0,0.0,0.0,0.0,12.055836792757997
-0.3754140827314115,0.6295399881639216,-0.6808516595769627,-1.4013414881477548,0.0,0.0,0.0,0.0,12.107913912447533
-0.9358382867506299,0.6295399881639216,-0.6761717045376644,-1.2422765856756521,0.0,0.0,0.0,0.0,12.313585343581135
-0.4490770102201213,0.6245514253981738,-0.6808516595769627,1.6208916588221953,0.0,0.0,0.0,0.0,11.685205103383671
-0.24917214805083152,0.6245514253981738,-0.6808516595769627,1.2232294026419388,0.0,0.0,0.0,0.0,12.26481785529885
-0.15107698537943176,0.6245514253981738,-0.6855316146162611,0.8255671464616822,0.0,0.0,0.0,0.0,12.429220196836383
0.6406425328639241,0.6245514253981738,-0.6855316146162611,1.4618267563500926,0.0,0.0,0.0,0.0,12.41755243891307
-0.07422269526514574,0.6195628626324188,-0.6761717045376644,1.3822943051140413,0.0,0.0,0.0,0.0,12.310437165348775
-0.3848835357679573,0.6145742998666639,-0.6761717045376644,1.541359207586144,0.0,0.0,0.0,0.0,12.315379862705514
-0.01573181960294571,0.6195628626324188,-0.6808516595769627,1.6208916588221953,0.0,0.0,0.0,0.0,12.351475171599722
0.9528205785493868,0.6195628626324188,-0.6808516595769627,1.541359207586144,0.0,0.0,0.0,0.0,12.351907415253551
-0.6244450023665383,0.6145742998666639,-0.6761717045376644,1.1436969514058875,0.0,0.0,0.0,0.0,12.300932724054114
0.16533877133343555,0.6145742998666639,-0.6761717045376644,1.4618267563500926,0.0,0.0,0.0,0.0,12.351042741030522
-0.556536991087884,0.6145742998666639,-0.6808516595769627,1.3822943051140413,0.0,0.0,0.0,0.0,12.345404060459082
0.08110772498626004,0.609585737100916,-0.6761717045376644,1.30276185387799,0.0,0.0,0.0,0.0,12.250572667806054
0.6828103734576034,0.604597174335161,-0.6761717045376644,1.3822943051140413,0.0,0.0,0.0,0.0,12.252483791602627
0.21226749715543303,0.609585737100916,-0.6808516595769627,1.3822943051140413,0.0,0.0,0.0,0.0,12.3225259085418
-0.2985597926171255,0.609585737100916,-0.6808516595769627,1.3822943051140413,0.0,0.0,0.0,0.0,12.347576548072231
-0.16635367204612436,0.609585737100916,-0.6855316146162611,1.2232294026419388,0.0,0.0,0.0,0.0,12.354496960983985
-0.9614738225954222,0.609585737100916,-0.6855316146162611,1.4618267563500926,0.0,0.0,0.0,0.0,12.323860125621126
0.29534756026059733,0.609585737100916,-0.6855316146162611,1.064164500169836,0.0,0.0,0.0,0.0,12.283038316285214
0.10355189820547651,0.604597174335161,-0.6855316146162611,1.3822943051140413,0.0,0.0,0.0,0.0,12.341918233338216
-0.0006644026166187388,0.6145742998666639,-0.6808516595769627,1.30276185387799,0.0,0.0,0.0,0.0,12.332269077986075
-0.004954431064114614,0.6145742998666639,-0.6808516595769627,1.30276185387799,0.0,0.0,0.0,0.0,12.354496960983985
0.12547289722377866,0.6145742998666639,-0.6855316146162611,1.6208916588221953,0.0,0.0,0.0,0.0,12.356649805075568
-0.3530222269322868,0.609585737100916,-0.6902115696555629,1.064164500169836,0.0,0.0,0.0,0.0,12.429220196836383
0.1804585057398536,0.609585737100916,-0.6902115696555629,1.30276185387799,0.0,0.0,0.0,0.0,12.590657946392092
0.9206453651931679,0.609585737100916,-0.6902115696555629,1.6208916588221953,0.0,0.0,0.0,0.0,12.498372788261829
-0.734154632298232,0.6195628626324188,-0.6855316146162611,1.2232294026419388,0.0,0.0,0.0,0.0,12.436394371990376
-0.34726731072223127,0.6145742998666639,-0.6855316146162611,1.3822943051140413,0.0,0.0,0.0,0.0,12.417147664184915
0.5225097982975133,0.6145742998666639,-0.6855316146162611,1.8594890125303492,0.0,0.0,0.0,0.0,12.427218202181711
-0.13873007423785821,0.6145742998666639,-0.6902115696555629,1.2232294026419388,0.0,0.0,0.0,0.0,12.447060044238079
-0.09640528138390482,0.6145742998666639,-0.6902115696555629,1.3822943051140413,0.0,0.0,0.0,0.0,12.40697467786825
-0.23420936590468736,0.6195628626324188,-0.6902115696555629,1.2232294026419388,0.0,0.0,0.0,0.0,12.420784751899777
-0.7897680498554043,0.6195628626324188,-0.6948915246948613,0.8255671464616822,0.0,0.0,0.0,0.0,9.770013301136158
0.20489074092254375,0.6195628626324188,-0.6948915246948613,1.2232294026419388,0.0,0.0,0.0,0.0,12.712290670597714
-0.1635285313611881,0.6145742998666639,-0.6948915246948613,0.9050995976977334,0.0,0.0,0.0,0.0,13.117151820803784
0.11145182863927962,0.6145742998666639,-0.6948915246948613,-1.0036792319674983,0.0,0.0,0.0,0.0,13.017005083966255
-0.11911104170357821,0.6145742998666639,-0.6902115696555629,-0.28788717084303633,0.0,0.0,0.0,0.0,12.41674272554783
0.0986340607168835,0.6245514253981738,-0.6855316146162611,1.30276185387799,0.0,0.0,0.0,0.0,12.463814705589053
-0.3479474371834197,0.6295399881639216,-0.6902115696555629,0.7460346952256308,0.0,0.0,0.0,0.0,12.76368929365942
1.2443332432987413,0.6245514253981738,-0.6902115696555629,1.6208916588221953,0.0,0.0,0.0,0.0,12.812302081080515
-0.494750117959925,0.6245514253981738,-0.6855316146162611,0.9050995976977334,0.0,0.0,0.0,0.0,12.540045332306379
-0.24833506932936877,0.6195628626324188,-0.6902115696555629,-0.446952073315139,0.0,0.0,0.0,0.0,12.365641477767022
0.23073554644770206,0.6245514253981738,-0.6902115696555629,1.3822943051140413,0.0,0.0,0.0,0.0,12.536458540752227
-0.3772975098547024,0.6345285509296765,-0.6855316146162611,-1.0036792319674983,0.0,0.0,0.0,0.0,12.230770136157428
-0.363067171589838,0.6295399881639216,-0.6855316146162611,-1.3218090369117035,0.0,0.0,0.0,0.0,12.293630123379582
-0.768474859878199,0.6295399881639216,-0.6855316146162611,-0.3674196220790877,0.0,0.0,0.0,0.0,12.29865638469802
0.07639915717803314,0.5696772349748905,-0.6246921991053721,0.3483724390453742,0.0,0.0,0.0,0.0,11.891368749982085
-0.14333400720590253,0.5696772349748905,-0.6246921991053721,0.6665022439895795,0.0,0.0,0.0,0.0,11.994122464057146
-0.3950331152656915,0.5696772349748905,-0.6293721541446705,0.8255671464616822,0.0,0.0,0.0,0.0,11.941462360646149
-0.20621954615578125,0.5746657977406455,-0.6293721541446705,0.42790489028142553,0.0,0.0,0.0,0.0,11.984808576881369
-1.1353246095591885,0.5696772349748905,-0.6246921991053721,-0.04928981713488239,0.0,0.0,0.0,0.0,12.011279642540796
0.42383914400510797,0.5646886722091427,-0.6293721541446705,0.5074373415174769,0.0,0.0,0.0,0.0,12.174587138384211
-0.529070345539892,0.5696772349748905,-0.6293721541446705,0.7460346952256308,0.0,0.0,0.0,0.0,11.954407441448915
-0.10655486088163903,0.5696772349748905,-0.6293721541446705,0.7460346952256308,0.0,0.0,0.0,0.0,11.948602883419843
-0.3488368333249737,0.5696772349748905,-0.6293721541446705,1.7004241100582467,0.0,0.0,0.0,0.0,12.025755079404917
-0.7867859569101937,0.5696772349748905,-0.6340521091839689,-0.12882226837093372,0.0,0.0,0.0,0.0,11.946012225174645
-0.9666532471844722,0.5646886722091427,-0.6293721541446705,0.2688399878093229,0.0,0.0,0.0,0.0,11.719134432217524
-0.3753617653113202,0.5646886722091427,-0.6293721541446705,0.10977508533722025,0.0,0.0,0.0,0.0,11.983560145061489
-0.8050447365220968,0.5597001094433878,-0.6293721541446705,0.10977508533722025,0.0,0.0,0.0,0.0,11.946012225174645
-1.1015275561801354,0.5646886722091427,-0.6340521091839689,0.2688399878093229,0.0,0.0,0.0,0.0,11.840796531639839
-0.5238386035307508,0.5646886722091427,-0.6340521091839689,1.3822943051140413,0.0,0.0,0.0,0.0,11.998439434579149
-0.9979390643991373,0.5646886722091427,-0.6340521091839689,0.6665022439895795,0.0,0.0,0.0,0.0,11.878269721588795
-0.2655475005394438,0.5646886722091427,-0.6340521091839689,1.4618267563500926,0.0,0.0,0.0,0.0,11.929666757272708
-0.7123382681201126,0.5646886722091427,-0.6340521091839689,0.7460346952256308,0.0,0.0,0.0,0.0,11.82847315946983
-0.6072848885765548,0.5597001094433878,-0.6340521091839689,0.5869697927535281,0.0,0.0,0.0,0.0,11.917063025610398
2.108669340628979,0.9288537541090698,-0.6948915246948613,-0.9241467807314468,1.0,0.0,0.0,0.0,12.763116557597762
1.2016422285041481,0.9188766285775599,-0.7089313898127597,-0.20835471960698504,1.0,0.0,0.0,0.0,12.590657946392092
1.049293901197953,0.8939338147487993,-0.704251434773458,-0.8446143294953956,1.0,0.0,0.0,0.0,12.470361978939783
1.8873143362222096,0.9039109402803022,-0.704251434773458,-1.6399388418559087,1.0,0.0,0.0,0.0,12.790244451361485
0.8716239425675136,0.8839566892172965,-0.6948915246948613,-1.1627441344396008,1.0,0.0,0.0,0.0,12.424006650692137
0.48164989320611956,0.8839566892172965,-0.7136113448520581,-0.28788717084303633,1.0,0.0,0.0,0.0,12.262930180777365
-0.1653073236442962,0.8839566892172965,-0.7182912998913565,-0.9241467807314468,1.0,0.0,0.0,0.0,12.0702586497481
1.2395723580704225,0.8839566892172965,-0.7182912998913565,-1.2422765856756521,1.0,0.0,0.0,0.0,11.993504229837974
0.4898114107403801,0.8889452519830443,-0.7089313898127597,-1.0036792319674983,1.0,0.0,0.0,0.0,12.32163544049751
0.3117752301693009,0.8889452519830443,-0.7136113448520581,-0.8446143294953956,1.0,0.0,0.0,0.0,12.281184756225146
1.3859041820661053,0.8689910009200388,-0.6995714797341596,-0.20835471960698504,1.0,0.0,0.0,0.0,12.765405536311112
2.1931619740766113,0.8689910009200388,-0.6948915246948613,-0.6855494270232929,1.0,0.0,0.0,0.0,13.02033286667615
1.1801920862666688,0.8739795636857937,-0.704251434773458,-0.12882226837093372,1.0,0.0,0.0,0.0,12.643362594887305
0.4276583156717811,0.8640024381542838,-0.704251434773458,-0.20835471960698504,1.0,0.0,0.0,0.0,12.19602736016897
2.305330522752601,0.849036749857026,-0.6948915246948613,-0.3674196220790877,1.0,0.0,0.0,0.0,13.020111358693203
0.08529311859357311,0.8191053732625105,-0.6948915246948613,-1.1627441344396008,1.0,0.0,0.0,0.0,11.962732764429129
-0.2522065584161334,0.8340710615597683,-0.6948915246948613,-0.6060169757872417,1.0,0.0,0.0,0.0,12.268112735686705
-0.020806609351812812,0.8340710615597683,-0.6995714797341596,0.03024263410116893,0.0,0.0,0.0,0.0,12.123782831670258
-0.2992399190783139,0.8340710615597683,-0.6995714797341596,0.5074373415174769,0.0,0.0,0.0,0.0,11.954407441448915
-0.8538568894673852,0.8290824987940204,-0.6995714797341596,1.064164500169836,1.0,0.0,0.0,0.0,12.023957067521133
-0.26727397540246034,0.8390596243255232,-0.6995714797341596,-1.0832116832035494,0.0,0.0,0.0,0.0,12.310887512348744
1.901701626747348,0.8440481870912782,-0.6995714797341596,-0.446952073315139,1.0,0.0,0.0,0.0,12.781283341160998
-0.0006644026166187388,0.8440481870912782,-0.6995714797341596,0.2688399878093229,1.0,0.0,0.0,0.0,12.137263685701864
0.06593567315975025,0.8440481870912782,-0.704251434773458,0.3483724390453742,0.0,0.0,0.0,0.0,12.130815551850676
1.1659617480018043,0.8590138753885359,-0.6995714797341596,0.5074373415174769,1.0,0.0,0.0,0.0,12.60216395655763
1.220371864896874,0.8540253126227809,-0.6995714797341596,0.3483724390453742,1.0,0.0,0.0,0.0,12.554618134814001
0.8088953558779091,0.849036749857026,-0.6948915246948613,0.6665022439895795,1.0,0.0,0.0,0.0,12.504327379899443
-0.3587771431423421,0.8540253126227809,-0.6995714797341596,0.5869697927535281,1.0,0.0,0.0,0.0,12.368620824600177
-0.49114021597361757,0.849036749857026,-0.6995714797341596,0.10977508533722025,1.0,0.0,0.0,0.0,12.251050791276203
0.22927065868514218,0.8590138753885359,-0.704251434773458,0.18930753657327157,1.0,0.0,0.0,0.0,12.358798024384122
-0.4350036242155312,0.8590138753885359,-0.7089313898127597,0.10977508533722025,1.0,0.0,0.0,0.0,12.16577655436517
0.39747116427903584,0.8540253126227809,-0.704251434773458,0.3483724390453742,1.0,0.0,0.0,0.0,12.411056299528171
-0.6739895991931066,0.8540253126227809,-0.704251434773458,0.9050995976977334,1.0,0.0,0.0,0.0,12.252483791602627
-0.24357418410105033,0.8540253126227809,-0.704251434773458,0.03024263410116893,1.0,0.0,0.0,0.0,12.048254415120404
-0.237714633050812,0.849036749857026,-0.704251434773458,0.2688399878093229,0.0,0.0,0.0,0.0,12.178192583415596
-0.3956609243067884,0.849036749857026,-0.704251434773458,0.03024263410116893,0.0,0.0,0.0,0.0,12.177163782032679
0.7291636076585952,0.8739795636857937,-0.7089313898127597,-0.20835471960698504,1.0,0.0,0.0,0.0,12.252006352956359
0.49917622893674307,0.8640024381542838,-0.7089313898127597,-0.28788717084303633,1.0,0.0,0.0,0.0,12.34104487465108
0.5797450558775193,0.8689910009200388,-0.7136113448520581,0.03024263410116893,1.0,0.0,0.0,0.0,12.220966184120165
0.5300435067906769,0.8640024381542838,-0.7136113448520581,-0.9241467807314468,1.0,0.0,0.0,0.0,12.16369214550422
0.26981665925598775,0.8640024381542838,-0.7089313898127597,0.42790489028142553,1.0,0.0,0.0,0.0,12.14207264603046
0.36336020637943445,0.8590138753885359,-0.7136113448520581,-0.28788717084303633,1.0,0.0,0.0,0.0,12.314931534737134
0.49525242242988693,0.8789681264515415,-0.7089313898127597,-0.446952073315139,1.0,0.0,0.0,0.0,12.16837597044068
-0.13402150642963107,0.8789681264515415,-0.7136113448520581,-0.6060169757872417,1.0,0.0,0.0,0.0,11.921060339411943
0.00870041557974424,0.8789681264515415,-0.7182912998913565,-0.7650818782593443,1.0,0.0,0.0,0.0,11.88173350431221
0.10397043756620777,0.8689910009200388,-0.7182912998913565,-0.8446143294953956,1.0,0.0,0.0,0.0,12.350610123384222
-0.6567248505629404,0.9039109402803022,-0.7182912998913565,-0.04928981713488239,1.0,0.0,0.0,0.0,12.217017531154696
-0.08295970442041183,0.8939338147487993,-0.7229712549306548,0.2688399878093229,1.0,0.0,0.0,0.0,12.085039960478051
-0.18680978330186687,0.8889452519830443,-0.7182912998913565,-0.20835471960698504,1.0,0.0,0.0,0.0,12.157412722878947
0.1910789420184108,0.9039109402803022,-0.7089313898127597,-1.0036792319674983,1.0,0.0,0.0,0.0,12.52707222413625
0.30586336169897105,0.8989223775145543,-0.7089313898127597,-1.0832116832035494,1.0,0.0,0.0,0.0,12.345838935721968
-0.5202810189645346,0.8989223775145543,-0.7182912998913565,1.7004241100582467,1.0,0.0,0.0,0.0,12.026951960476097
-0.06606117773088525,0.8989223775145543,-0.7136113448520581,-0.04928981713488239,1.0,0.0,0.0,0.0,12.105705199284083
-0.41998852464929554,0.8939338147487993,-0.7136113448520581,-0.446952073315139,1.0,0.0,0.0,0.0,12.265760357995845
0.7781850302842495,0.913888065811812,-0.7136113448520581,-0.04928981713488239,1.0,0.0,0.0,0.0,12.277001641517879
0.22942761094541653,0.908899503046057,-0.7089313898127597,-0.28788717084303633,1.0,0.0,0.0,0.0,12.391310778311764
-0.6269562385309262,0.913888065811812,-0.7182912998913565,-0.20835471960698504,1.0,0.0,0.0,0.0,11.820417517632333
-0.19308787371283648,0.913888065811812,-0.7182912998913565,0.03024263410116893,1.0,0.0,0.0,0.0,11.710964518881163
0.9428802687320182,0.9288537541090698,-0.7089313898127597,-0.6855494270232929,1.0,0.0,0.0,0.0,12.386312871189734
1.220371864896874,0.9188766285775599,-0.7089313898127597,-0.20835471960698504,1.0,0.0,0.0,0.0,12.475339952160343
-0.8344471266134711,0.9288537541090698,-0.7182912998913565,0.9846320489337848,1.0,0.0,0.0,0.0,11.736077016252437
-1.047012804444883,0.9288537541090698,-0.7182912998913565,1.8594890125303492,1.0,0.0,0.0,0.0,12.26670197321789
-0.7225401650379382,0.9238651913433148,-0.7182912998913565,0.2688399878093229,1.0,0.0,0.0,0.0,12.110667961260443
0.8494936738688459,0.9238651913433148,-0.7182912998913565,1.3822943051140413,1.0,0.0,0.0,0.0,12.576604635598223
1.0530607554445346,0.9188766285775599,-0.7182912998913565,0.6665022439895795,1.0,0.0,0.0,0.0,12.328294703023394
0.1557123660366152,0.9288537541090698,-0.7229712549306548,0.5869697927535281,1.0,0.0,0.0,0.0,11.974777207691876
0.202798044118887,0.9288537541090698,-0.7276512099699566,-0.20835471960698504,1.0,0.0,0.0,0.0,11.946012225174645
-0.32419532846191795,0.9238651913433148,-0.7229712549306548,0.5869697927535281,1.0,0.0,0.0,0.0,11.930325731537252
-0.042099799329018084,0.9238651913433148,-0.7229712549306548,0.3483724390453742,1.0,0.0,0.0,0.0,11.934926432385152
-0.7527273164306836,0.9188766285775599,-0.7229712549306548,0.10977508533722025,1.0,0.0,0.0,0.0,11.627155529627064
-0.180479375470806,0.9188766285775599,-0.7229712549306548,0.5869697927535281,1.0,0.0,0.0,0.0,11.676752039127939
-0.5074632510421385,0.9188766285775599,-0.7276512099699566,0.3483724390453742,1.0,0.0,0.0,0.0,11.654433707761807
-0.20360367515121064,0.913888065811812,-0.7229712549306548,0.10977508533722025,1.0,0.0,0.0,0.0,11.823354355742923
-0.12575535405518776,0.908899503046057,-0.7276512099699566,0.3483724390453742,1.0,0.0,0.0,0.0,11.813777925845397
0.08398518309128804,0.908899503046057,-0.7276512099699566,0.3483724390453742,1.0,0.0,0.0,0.0,11.842955566958302
-0.49046008951242914,0.9039109402803022,-0.7276512099699566,0.6665022439895795,1.0,0.0,0.0,0.0,11.843674210764698
1.1337865346455853,0.8989223775145543,-0.7276512099699566,-0.12882226837093372,1.0,0.0,0.0,0.0,12.277467297099491
-0.42506331439816264,0.8989223775145543,-0.732331165009255,0.03024263410116893,1.0,0.0,0.0,0.0,11.640447588047344
-0.6520162827547132,0.908899503046057,-0.732331165009255,1.8594890125303492,1.0,0.0,0.0,0.0,11.754309639974188
-0.8165022515221163,0.9039109402803022,-0.732331165009255,1.779956561294298,1.0,0.0,0.0,0.0,11.606424915484219
-0.5320001210650113,0.9039109402803022,-0.732331165009255,1.541359207586144,1.0,0.0,0.0,0.0,11.753523791492476
-0.9849120267963754,0.9039109402803022,-0.7370111200485534,0.3483724390453742,1.0,0.0,0.0,0.0,11.548302261270587
-1.0034323935087357,0.9039109402803022,-0.7370111200485534,1.4618267563500926,1.0,0.0,0.0,0.0,11.43605521971203
-0.993858305632007,0.8989223775145543,-0.7370111200485534,-0.12882226837093372,1.0,0.0,0.0,0.0,11.58989576532275
0.0534318097579026,0.8939338147487993,-0.732331165009255,-0.8446143294953956,1.0,0.0,0.0,0.0,11.63956692643747
-0.8634832947642054,0.8939338147487993,-0.7370111200485534,-0.28788717084303633,1.0,0.0,0.0,0.0,11.650955473631058
-0.06171883186329785,0.8889452519830443,-0.732331165009255,0.3483724390453742,1.0,0.0,0.0,0.0,11.663936936922068
-0.043407734831303384,0.8889452519830443,-0.732331165009255,0.42790489028142553,1.0,0.0,0.0,0.0,11.662215780913316
-0.7480710660425477,0.8939338147487993,-0.7370111200485534,0.3483724390453742,1.0,0.0,0.0,0.0,11.765247163561801
0.02413405450671118,0.8939338147487993,-0.741691075087855,0.8255671464616822,1.0,0.0,0.0,0.0,11.785247676408115
0.12322324815984757,0.8839566892172965,-0.741691075087855,-1.8785361955640627,0.0,0.0,0.0,0.0,11.74325116281265
-0.12894671668076396,0.8839566892172965,-0.7370111200485534,0.42790489028142553,1.0,0.0,0.0,0.0,11.59451466851004
-0.8628554857231084,0.9039109402803022,-0.7370111200485534,0.10977508533722025,1.0,0.0,0.0,0.0,11.428467189677395
-1.0324162442393785,0.9039109402803022,-0.741691075087855,0.5869697927535281,1.0,0.0,0.0,0.0,11.49273296168228
-1.1571409737373077,0.908899503046057,-0.741691075087855,0.5074373415174769,1.0,0.0,0.0,0.0,11.443586104891608
-0.22834981485444902,0.913888065811812,-0.7276512099699566,0.5074373415174769,1.0,0.0,0.0,0.0,11.807838828499989
-0.4430605069096089,0.913888065811812,-0.732331165009255,1.064164500169836,1.0,0.0,0.0,0.0,11.818209214992565
-0.5116486446494516,0.913888065811812,-0.7370111200485534,1.541359207586144,1.0,0.0,0.0,0.0,11.769124610238766
0.7066147995991963,0.908899503046057,-0.732331165009255,1.8594890125303492,1.0,0.0,0.0,0.0,11.989165855127435
-0.3286423091696881,0.9238651913433148,-0.7276512099699566,0.42790489028142553,1.0,0.0,0.0,0.0,11.766023856597407
-0.07542599592724823,0.9238651913433148,-0.732331165009255,0.3483724390453742,1.0,0.0,0.0,0.0,11.807093955056784
-0.01698743768513972,0.9188766285775599,-0.7276512099699566,-0.04928981713488239,1.0,0.0,0.0,0.0,11.781432363235949
0.13478539800004988,0.9188766285775599,-0.732331165009255,0.42790489028142553,1.0,0.0,0.0,0.0,11.813037464800539
-1.000293348303251,0.9238651913433148,-0.7370111200485534,0.2688399878093229,1.0,0.0,0.0,0.0,11.636920278634463
-0.3650029161332204,0.9188766285775599,-0.7370111200485534,0.42790489028142553,1.0,0.0,0.0,0.0,11.676752039127939
-1.2922245524133364,0.9188766285775599,-0.7370111200485534,1.779956561294298,1.0,0.0,0.0,0.0,11.500863005142227
-0.8034228964992631,0.9188766285775599,-0.732331165009255,0.3483724390453742,1.0,0.0,0.0,0.0,11.716690459057835
-0.8458000067733078,0.9188766285775599,-0.732331165009255,0.3483724390453742,1.0,0.0,0.0,0.0,11.690242855114947
-0.5144737853343878,0.9188766285775599,-0.741691075087855,0.5869697927535281,1.0,0.0,0.0,0.0,11.679295469550114
-0.9432150429835191,0.9188766285775599,-0.741691075087855,-0.04928981713488239,1.0,0.0,0.0,0.0,11.63780327310248
-0.6546321537592839,0.913888065811812,-0.741691075087855,0.10977508533722025,1.0,0.0,0.0,0.0,11.454247073019193
-0.9107782425268428,0.913888065811812,-0.741691075087855,0.03024263410116893,1.0,0.0,0.0,0.0,11.614588152079595
-0.9219218530063138,0.913888065811812,-0.741691075087855,-0.12882226837093372,1.0,0.0,0.0,0.0,11.616393190430356
-0.9963695417963949,0.908899503046057,-0.741691075087855,1.3822943051140413,1.0,0.0,0.0,0.0,11.613684409620816
-0.37996569827936455,0.9188766285775599,-0.7463710301271534,-0.20835471960698504,1.0,0.0,0.0,0.0,11.772987080375044
-0.06846777905509022,0.913888065811812,-0.7557309402057503,0.3483724390453742,1.0,0.0,0.0,0.0,11.664796405307863
-0.4359976551972681,0.913888065811812,-0.7463710301271534,-0.12882226837093372,1.0,0.0,0.0,0.0,11.772215778919925
-0.21731083921516078,0.913888065811812,-0.7510509851664519,-0.12882226837093372,1.0,0.0,0.0,0.0,11.722383799419628
-0.3930450533022178,0.908899503046057,-0.7463710301271534,-0.5264845245511903,1.0,0.0,0.0,0.0,11.640447588047344
-0.5449225238275902,0.9039109402803022,-0.7463710301271534,0.42790489028142553,1.0,0.0,0.0,0.0,11.659628479662329
-0.22489686512841567,0.9039109402803022,-0.7463710301271534,0.5869697927535281,1.0,0.0,0.0,0.0,11.635151947212842
0.928649930467154,0.8590138753885359,-0.7650908502843503,-0.20835471960698504,0.0,0.0,0.0,0.0,12.336666603113574
1.3138107771801382,0.8540253126227809,-0.7697708053236487,-1.4808739393838062,0.0,0.0,0.0,0.0,12.646586313914742
1.2358055038238411,0.8839566892172965,-0.7510509851664519,-0.28788717084303633,0.0,0.0,0.0,0.0,12.419573858556635
1.1210734015633719,0.8939338147487993,-0.7510509851664519,-1.6399388418559087,0.0,0.0,0.0,0.0,12.444699706243501
0.5937138070419267,0.8689910009200388,-0.7604108952450519,-1.0036792319674983,0.0,0.0,0.0,0.0,12.268582547911404
0.6333704114712179,0.8839566892172965,-0.7557309402057503,-0.446952073315139,0.0,0.0,0.0,0.0,12.348444223321136
1.3342668884358804,0.8889452519830443,-0.7557309402057503,-1.8785361955640627,0.0,0.0,0.0,0.0,12.662234036516644
1.5692767394865088,0.8640024381542838,-0.7650908502843503,-0.20835471960698504,0.0,0.0,0.0,0.0,12.444305774364985
1.2541166008558353,0.8689910009200388,-0.7697708053236487,-1.1627441344396008,0.0,0.0,0.0,0.0,12.495007682693725
1.1673743183442724,0.8640024381542838,-0.7744507603629505,-0.20835471960698504,0.0,0.0,0.0,0.0,12.306827069415759
1.6514674064501187,0.8689910009200388,-0.7791307154022488,-1.4013414881477548,0.0,0.0,0.0,0.0,12.816655817607314
1.4400527118607183,0.849036749857026,-0.7463710301271534,-1.71947129309196,0.0,0.0,0.0,0.0,12.73582109791826
1.0962226270199504,0.8540253126227809,-0.7557309402057503,-0.7650818782593443,0.0,0.0,0.0,0.0,12.476485204641877
0.6800898676128497,0.8540253126227809,-0.7604108952450519,-1.0036792319674983,0.0,0.0,0.0,0.0,12.485222169100776
1.3377721555820052,0.849036749857026,-0.7557309402057503,-1.0036792319674983,0.0,0.0,0.0,0.0,12.511721101590597
1.621384889897556,0.8640024381542838,-0.7463710301271534,-1.958068646800114,0.0,0.0,0.0,0.0,12.905452860309719
1.9108048578432542,0.8590138753885359,-0.7370111200485534,-0.3674196220790877,0.0,0.0,0.0,0.0,13.044836336120333
3.783297640335024,0.8590138753885359,-0.732331165009255,0.2688399878093229,0.0,0.0,0.0,0.0,13.122367377396328
1.906096290035027,0.8540253126227809,-0.7276512099699566,0.18930753657327157,0.0,0.0,0.0,0.0,12.850294777824237
0.9025958552616301,0.849036749857026,-0.7276512099699566,0.3483724390453742,0.0,0.0,0.0,0.0,12.495756463152594
-0.03116545852991265,0.849036749857026,-0.732331165009255,-0.6060169757872417,0.0,0.0,0.0,0.0,12.463428233647901
0.33155121496385503,0.8590138753885359,-0.7182912998913565,-0.5264845245511903,0.0,0.0,0.0,0.0,12.15425816271595
0.8754431142341867,0.8540253126227809,-0.7229712549306548,0.03024263410116893,0.0,0.0,0.0,0.0,12.293171935322027
1.3552461738925374,0.8590138753885359,-0.7229712549306548,-1.0036792319674983,0.0,0.0,0.0,0.0,12.48332931179837
1.189452269622849,0.8540253126227809,-0.7229712549306548,-0.20835471960698504,0.0,0.0,0.0,0.0,12.384641335788151
-0.05298182270803199,0.849036749857026,-0.7182912998913565,-0.28788717084303633,0.0,0.0,0.0,0.0,12.16369214550422
-0.11921567654376101,0.849036749857026,-0.7229712549306548,0.18930753657327157,0.0,0.0,0.0,0.0,12.152677143050752
0.20520464544309244,0.8440481870912782,-0.7182912998913565,0.2688399878093229,0.0,0.0,0.0,0.0,12.285812230343542
0.8824013311063448,0.8390596243255232,-0.7229712549306548,0.5869697927535281,0.0,0.0,0.0,0.0,12.145797025305598
0.7137299687316285,0.849036749857026,-0.7229712549306548,0.5869697927535281,0.0,0.0,0.0,0.0,12.301387370778713
-0.329270118210785,0.849036749857026,-0.7276512099699566,0.3483724390453742,0.0,0.0,0.0,0.0,12.239995696974733
-0.19115212916945426,0.8440481870912782,-0.7229712549306548,0.03024263410116893,0.0,0.0,0.0,0.0,12.133507329024972
-0.1457406085301075,0.8540253126227809,-0.7182912998913565,-0.446952073315139,0.0,0.0,0.0,0.0,12.104045457048253
0.6314346669278355,0.8540253126227809,-0.7182912998913565,0.03024263410116893,0.0,0.0,0.0,0.0,12.190456343334482
-0.0006644026166187388,0.849036749857026,-0.7182912998913565,-1.0832116832035494,0.0,0.0,0.0,0.0,12.062785246027499
-0.015574867342671604,0.8640024381542838,-0.7182912998913565,-0.9241467807314468,0.0,0.0,0.0,0.0,12.104599010599317
-0.39916619145291304,0.8590138753885359,-0.7136113448520581,-0.12882226837093372,1.0,0.0,0.0,0.0,12.104045457048253
0.19311932140197582,0.849036749857026,-0.7089313898127597,0.3483724390453742,0.0,0.0,0.0,0.0,12.121608929585332
0.6772647269279135,0.8440481870912782,-0.7089313898127597,0.3483724390453742,0.0,0.0,0.0,0.0,11.973516181427835
0.08654873667576689,0.8440481870912782,-0.7089313898127597,0.42790489028142553,0.0,0.0,0.0,0.0,12.08954444723597
-0.010029220812981717,0.849036749857026,-0.7089313898127597,0.42790489028142553,0.0,0.0,0.0,0.0,12.069685751267224
0.4077253786169526,0.849036749857026,-0.7136113448520581,-0.446952073315139,0.0,0.0,0.0,0.0,12.20407565286699
0.3385617492561043,0.849036749857026,-0.7136113448520581,0.42790489028142553,0.0,0.0,0.0,0.0,12.166296978418426
0.1385522522466317,0.8440481870912782,-0.7136113448520581,0.10977508533722025,0.0,0.0,0.0,0.0,12.115606215804869
0.5480930167222142,0.8390596243255232,-0.7089313898127597,0.5074373415174769,0.0,0.0,0.0,0.0,12.036475785297062
0.3378816227949161,0.8390596243255232,-0.7136113448520581,0.5869697927535281,0.0,0.0,0.0,0.0,11.927026509139932
-0.33376941633864654,0.8440481870912782,-0.7136113448520581,-0.8446143294953956,0.0,0.0,0.0,0.0,11.964007453736912
0.06127942277161441,0.8390596243255232,-0.7089313898127597,0.5074373415174769,0.0,0.0,0.0,0.0,11.862884910339652
0.09089108254335428,0.8390596243255232,-0.7089313898127597,0.5074373415174769,0.0,0.0,0.0,0.0,11.85864764578841
-0.0987595652880185,0.8390596243255232,-0.7136113448520581,-0.12882226837093372,0.0,0.0,0.0,0.0,11.850832386224807
0.17036124366221114,0.8340710615597683,-0.7136113448520581,0.6665022439895795,0.0,0.0,0.0,0.0,11.850118870058369
-0.5344590398093078,0.8440481870912782,-0.704251434773458,-0.28788717084303633,0.0,0.0,0.0,0.0,11.955050317440996
0.16078715578548253,0.8440481870912782,-0.7089313898127597,0.5869697927535281,0.0,0.0,0.0,0.0,12.009455390434104
0.16910562558001688,0.8390596243255232,-0.704251434773458,0.42790489028142553,0.0,0.0,0.0,0.0,11.900912042974875
-0.6524348221154445,0.8340710615597683,-0.704251434773458,0.2688399878093229,0.0,0.0,0.0,0.0,11.82115253615114
-0.6348038515446381,0.8340710615597683,-0.7089313898127597,0.3483724390453742,0.0,0.0,0.0,0.0,11.72885102917796
0.09240828772600544,0.8340710615597683,-0.7089313898127597,0.3483724390453742,0.0,0.0,0.0,0.0,11.836464426179543
-0.2846433588728097,0.8340710615597683,-0.7089313898127597,0.5074373415174769,0.0,0.0,0.0,0.0,11.927687224983487
-0.8700752896957233,0.8290824987940204,-0.704251434773458,0.42790489028142553,0.0,0.0,0.0,0.0,11.83863282480007
-0.529436567480532,0.8240939360282654,-0.704251434773458,1.064164500169836,1.0,0.0,0.0,0.0,11.795099898183592
-0.04795935037925618,0.8290824987940204,-0.7089313898127597,0.9846320489337848,0.0,0.0,0.0,0.0,11.8879382384223
0.166437437155355,0.8290824987940204,-0.7089313898127597,0.3483724390453742,0.0,0.0,0.0,0.0,11.915058360753719
-0.4867455526859389,0.8240939360282654,-0.7089313898127597,0.2688399878093229,0.0,0.0,0.0,0.0,11.88034943062464
-0.17671252122422418,0.8191053732625105,-0.7089313898127597,0.5869697927535281,1.0,0.0,0.0,0.0,11.808583147519697
-0.8944028900382305,0.8340710615597683,-0.7136113448520581,-0.446952073315139,0.0,0.0,0.0,0.0,11.867805799560465
-0.183775372936565,0.8290824987940204,-0.7136113448520581,-0.6855494270232929,0.0,0.0,0.0,0.0,11.938199736300925
-0.3432388693751923,0.8240939360282654,-0.7136113448520581,-0.3674196220790877,0.0,0.0,0.0,0.0,11.745631152988125
-0.26879118058511153,0.8141168104967627,-0.7182912998913565,0.18930753657327157,0.0,0.0,0.0,0.0,11.94081068679887
-0.43662546423836496,0.7991511221995049,-0.7136113448520581,-0.8446143294953956,1.0,0.0,0.0,0.0,11.83138646878959
-0.16415634040228502,0.789173996668002,-0.7276512099699566,-1.4013414881477548,1.0,0.0,0.0,0.0,11.856522261533737
-0.2320643516809393,0.789173996668002,-0.732331165009255,0.18930753657327157,1.0,0.0,0.0,0.0,11.899554278732099
-0.44881542311966416,0.7941625594337499,-0.732331165009255,-1.0832116832035494,1.0,0.0,0.0,0.0,11.845109950883979
-0.5051612845581164,0.7941625594337499,-0.732331165009255,-0.04928981713488239,1.0,0.0,0.0,0.0,11.934926432385152
-0.6865457800150458,0.789173996668002,-0.7370111200485534,0.2688399878093229,1.0,0.0,0.0,0.0,11.889997957243736
-0.8508224791020833,0.7841854339022472,-0.732331165009255,0.42790489028142553,1.0,0.0,0.0,0.0,11.83863282480007
-0.7246851792616862,0.789173996668002,-0.732331165009255,0.5074373415174769,1.0,0.0,0.0,0.0,11.890683588496984
-0.5156770859964903,0.789173996668002,-0.7276512099699566,0.5074373415174769,1.0,0.0,0.0,0.0,11.811554895830454
-0.4162739878228052,0.7991511221995049,-0.7276512099699566,-1.6399388418559087,1.0,0.0,0.0,0.0,11.866402300407264
-0.2878347214983859,0.7991511221995049,-0.7276512099699566,0.10977508533722025,1.0,0.0,0.0,0.0,12.008237370904832
-0.05371426658931169,0.8041396849652598,-0.732331165009255,0.2688399878093229,0.0,0.0,0.0,0.0,11.972885071473847
-0.3538069882336578,0.7991511221995049,-0.732331165009255,-0.6855494270232929,0.0,0.0,0.0,0.0,11.964644189595829
-0.5734355177774106,0.7991511221995049,-0.732331165009255,-0.5264845245511903,0.0,0.0,0.0,0.0,11.998439434579149
-0.20815529069916344,0.7941625594337499,-0.7276512099699566,-0.9241467807314468,1.0,0.0,0.0,0.0,11.932957294690372
-0.05418512337013448,0.7941625594337499,-0.7182912998913565,-0.5264845245511903,1.0,0.0,0.0,0.0,11.981058595924264
-0.19685472795941827,0.7941625594337499,-0.7229712549306548,0.18930753657327157,1.0,0.0,0.0,0.0,11.991027463722105
0.13295428829685052,0.7991511221995049,-0.7229712549306548,-0.12882226837093372,1.0,0.0,0.0,0.0,11.986055452062393
-0.40434561604196295,0.8091282477310077,-0.7136113448520581,0.03024263410116893,1.0,0.0,0.0,0.0,11.855102824953585
-0.3037392172061754,0.8041396849652598,-0.7182912998913565,0.5074373415174769,1.0,0.0,0.0,0.0,11.860768522363712
-0.47350924540281125,0.7991511221995049,-0.7182912998913565,0.3483724390453742,1.0,0.0,0.0,0.0,11.87688084212164
0.06473237249764777,0.7991511221995049,-0.7182912998913565,-0.20835471960698504,1.0,0.0,0.0,0.0,11.983560145061489
-0.2268326096717981,0.8041396849652598,-0.7229712549306548,0.10977508533722025,1.0,0.0,0.0,0.0,11.987922854613139
-0.3736352904483034,0.8041396849652598,-0.7229712549306548,-1.7990037443280114,1.0,0.0,0.0,0.0,11.782960235741939
-0.339890554489342,0.8041396849652598,-0.7182912998913565,0.10977508533722025,1.0,0.0,0.0,0.0,11.862179945241476
-0.24749799060790625,0.7991511221995049,-0.7229712549306548,0.18930753657327157,1.0,0.0,0.0,0.0,11.87340018062404
-0.5434576360650308,0.8091282477310077,-0.7229712549306548,-0.6060169757872417,0.0,0.0,0.0,0.0,12.022756594390605
-0.3930450533022178,0.8091282477310077,-0.7276512099699566,0.42790489028142553,0.0,0.0,0.0,0.0,11.945363510579819
-0.53639478435269,0.8091282477310077,-0.7229712549306548,-0.8446143294953956,0.0,0.0,0.0,0.0,11.853681370708943
-0.8414576609057204,0.8041396849652598,-0.7276512099699566,0.8255671464616822,0.0,0.0,0.0,0.0,11.930325731537252
-0.35841092120170237,0.8041396849652598,-0.7276512099699566,0.3483724390453742,0.0,0.0,0.0,0.0,11.982310152711182
0.05118216069397173,0.8041396849652598,-0.7276512099699566,-0.04928981713488239,0.0,0.0,0.0,0.0,12.061630518155123
0.30816532818299347,0.8141168104967627,-0.7276512099699566,0.2688399878093229,0.0,0.0,0.0,0.0,12.182809136284991
0.09821552135615225,0.8141168104967627,-0.7276512099699566,0.42790489028142553,0.0,0.0,0.0,0.0,12.212059687374296
0.5198939272929427,0.8141168104967627,-0.7276512099699566,0.5074373415174769,0.0,0.0,0.0,0.0,12.142605550210915
-0.30311140816507853,0.8091282477310077,-0.7276512099699566,0.6665022439895795,0.0,0.0,0.0,0.0,12.149507585033072
0.12604838884478425,0.8091282477310077,-0.732331165009255,0.6665022439895795,0.0,0.0,0.0,0.0,12.081081821061819
0.05746025110494132,0.8191053732625105,-0.7229712549306548,0.42790489028142553,0.0,0.0,0.0,0.0,12.007017865994577
0.17261089272614177,0.8191053732625105,-0.7229712549306548,0.5074373415174769,0.0,0.0,0.0,0.0,11.991027463722105
0.30670044042043404,0.8191053732625105,-0.7229712549306548,0.6665022439895795,0.0,0.0,0.0,0.0,11.946012225174645
-0.0030186865207324225,0.8240939360282654,-0.7276512099699566,0.5869697927535281,0.0,0.0,0.0,0.0,12.164734893029634
0.13337282765758177,0.8240939360282654,-0.7276512099699566,0.5074373415174769,0.0,0.0,0.0,0.0,12.129197000747673
-0.250375448712934,0.8191053732625105,-0.732331165009255,0.42790489028142553,0.0,0.0,0.0,0.0,12.14844882928968
0.3304002317218438,0.8191053732625105,-0.7276512099699566,0.5869697927535281,0.0,0.0,0.0,0.0,12.139403856983334
0.04291600831952842,0.8191053732625105,-0.7276512099699566,0.5074373415174769,0.0,0.0,0.0,0.0,12.235636302128867
0.27122922959845586,0.8191053732625105,-0.7276512099699566,0.5869697927535281,0.0,0.0,0.0,0.0,12.190964083849375
0.13012914761191427,0.8191053732625105,-0.7276512099699566,0.5869697927535281,0.0,0.0,0.0,0.0,12.132431487478716
-0.11183892031087175,0.8290824987940204,-0.7276512099699566,0.3483724390453742,0.0,0.0,0.0,0.0,12.288117962028046
-0.1552623789867448,0.8290824987940204,-0.7276512099699566,0.5074373415174769,0.0,0.0,0.0,0.0,12.138334343884129
0.22095218889060783,0.8240939360282654,-0.7276512099699566,0.5869697927535281,0.0,0.0,0.0,0.0,12.152677143050752
-0.16881259079042085,0.8240939360282654,-0.7276512099699566,0.5074373415174769,0.0,0.0,0.0,0.0,12.240478903153711
0.9561688934352374,0.8240939360282654,-0.7276512099699566,0.5074373415174769,0.0,0.0,0.0,0.0,12.203073151542435
-0.311272925699339,0.8290824987940204,-0.7182912998913565,-0.04928981713488239,0.0,0.0,0.0,0.0,12.106810165667413
-0.4353698461561712,0.8290824987940204,-0.7229712549306548,-0.6855494270232929,0.0,0.0,0.0,0.0,12.130276325842603
0.5943416160830235,0.8240939360282654,-0.7229712549306548,0.5074373415174769,0.0,0.0,0.0,0.0,12.017940238399461
0.2609226978404473,0.8240939360282654,-0.7182912998913565,0.3483724390453742,0.0,0.0,0.0,0.0,11.921725007667265
0.06745287834240142,0.8240939360282654,-0.7182912998913565,0.5074373415174769,0.0,0.0,0.0,0.0,11.9873007744816
-0.48789653592794985,0.8390596243255232,-0.7182912998913565,-0.12882226837093372,0.0,0.0,0.0,0.0,12.102937429832547
-0.023997971977389013,0.8390596243255232,-0.7182912998913565,0.5074373415174769,0.0,0.0,0.0,0.0,12.077676615757813
-0.3930450533022178,0.8390596243255232,-0.7182912998913565,0.42790489028142553,0.0,0.0,0.0,0.0,12.035290255730404
0.3605873831145895,0.8340710615597683,-0.7182912998913565,0.5074373415174769,0.0,0.0,0.0,0.0,12.08164822965012
0.13012914761191427,0.8340710615597683,-0.7229712549306548,0.42790489028142553,0.0,0.0,0.0,0.0,12.30501712236033
-0.7636093398096975,0.8390596243255232,-0.7229712549306548,0.6665022439895795,0.0,0.0,0.0,0.0,12.107913912447533
-0.7738635541476145,0.8390596243255232,-0.7229712549306548,0.5074373415174769,0.0,0.0,0.0,0.0,12.148978347281835
-0.22547235674942126,0.8390596243255232,-0.7229712549306548,0.6665022439895795,0.0,0.0,0.0,0.0,12.082214317601338
0.2430824575892756,0.8340710615597683,-0.7229712549306548,0.8255671464616822,0.0,0.0,0.0,0.0,12.164213655182222
-0.5754758971609757,0.8440481870912782,-0.7276512099699566,0.10977508533722025,0.0,0.0,0.0,0.0,12.143138170555755
-0.3564751766583199,0.8390596243255232,-0.7276512099699566,-0.28788717084303633,0.0,0.0,0.0,0.0,12.242409396366712
0.0038872129313342898,0.8390596243255232,-0.732331165009255,0.2688399878093229,0.0,0.0,0.0,0.0,12.20757651415268
-0.3044716610874553,0.8340710615597683,-0.7276512099699566,0.2688399878093229,0.0,0.0,0.0,0.0,12.227839029667624
3.269069718256524,0.849036749857026,-0.7370111200485534,-0.28788717084303633,0.0,0.0,0.0,0.0,12.968048350739535
1.0720519789377176,0.8440481870912782,-0.7370111200485534,-0.446952073315139,0.0,0.0,0.0,0.0,13.104608691643616
1.89584207569711,0.8340710615597683,-0.7370111200485534,0.5074373415174769,0.0,0.0,0.0,0.0,12.567937598044296
0.8217131238003056,0.8340710615597683,-0.7370111200485534,0.3483724390453742,0.0,0.0,0.0,0.0,12.52343851241165
0.9230519665173729,0.8340710615597683,-0.7370111200485534,0.3483724390453742,0.0,0.0,0.0,0.0,12.492006941510096
0.05468742784009638,0.8390596243255232,-0.732331165009255,0.5074373415174769,0.0,0.0,0.0,0.0,12.147388951394372
-0.42966724736620693,0.8340710615597683,-0.732331165009255,0.5074373415174769,0.0,0.0,0.0,0.0,12.055255569732177
0.3356842911510768,0.8390596243255232,-0.732331165009255,0.5074373415174769,0.0,0.0,0.0,0.0,12.295917919903431
0.7795976006267177,0.8340710615597683,-0.7370111200485534,0.42790489028142553,0.0,0.0,0.0,0.0,12.499864763577847
1.0335986751705288,0.8340710615597683,-0.732331165009255,0.5869697927535281,0.0,0.0,0.0,0.0,12.42681732184313
0.6348352992337774,0.8290824987940204,-0.732331165009255,0.5869697927535281,0.0,0.0,0.0,0.0,12.149507585033072
0.3573960204890133,0.8290824987940204,-0.732331165009255,0.3483724390453742,0.0,0.0,0.0,0.0,12.226860081860359
-0.16823709916941526,0.8240939360282654,-0.7370111200485534,0.42790489028142553,0.0,0.0,0.0,0.0,12.194005125011843
0.467995046562261,0.8240939360282654,-0.732331165009255,0.5869697927535281,0.0,0.0,0.0,0.0,12.16369214550422
-0.3474242629825054,0.8240939360282654,-0.732331165009255,0.03024263410116893,0.0,0.0,0.0,0.0,12.18332077348399
0.6465020839141626,0.8290824987940204,-0.7370111200485534,0.03024263410116893,0.0,0.0,0.0,0.0,12.293630123379582
0.6275631778410711,0.8290824987940204,-0.741691075087855,0.5074373415174769,0.0,0.0,0.0,0.0,12.260091970916617
0.6841706263799803,0.8240939360282654,-0.7370111200485534,0.5074373415174769,0.0,0.0,0.0,0.0,12.323415584358154
0.83039781553548,0.8191053732625105,-0.7370111200485534,0.6665022439895795,0.0,0.0,0.0,0.0,12.216522851424992
0.032033984940514515,0.8191053732625105,-0.7370111200485534,0.5074373415174769,0.0,0.0,0.0,0.0,12.141539457711714
0.15529382667588393,0.8191053732625105,-0.741691075087855,0.5869697927535281,0.0,0.0,0.0,0.0,12.23125781971899
0.21781314368512292,0.8191053732625105,-0.741691075087855,0.2688399878093229,0.0,0.0,0.0,0.0,12.158462035413251
3.0502782674342335,0.8240939360282654,-0.732331165009255,0.7460346952256308,0.0,0.0,0.0,0.0,12.114510931441727
-0.2179909656763492,0.8191053732625105,-0.7370111200485534,-0.04928981713488239,0.0,0.0,0.0,0.0,12.219980481653478
0.0821540733880882,0.8141168104967627,-0.7370111200485534,0.2688399878093229,0.0,0.0,0.0,0.0,12.255819494787602
-0.11063561964876927,0.8141168104967627,-0.7370111200485534,0.42790489028142553,0.0,0.0,0.0,0.0,12.17510299851502
-0.27412755743443556,0.8141168104967627,-0.732331165009255,-0.28788717084303633,0.0,0.0,0.0,0.0,12.048254415120404
-0.3494646423660706,0.8091282477310077,-0.732331165009255,0.6665022439895795,0.0,0.0,0.0,0.0,12.181785075898826
0.3949599281146478,0.8091282477310077,-0.7370111200485534,0.2688399878093229,0.0,0.0,0.0,0.0,12.12703484943049
0.3848103486169136,0.8041396849652598,-0.732331165009255,0.5074373415174769,0.0,0.0,0.0,0.0,12.16369214550422
0.27933842971262457,0.8041396849652598,-0.7370111200485534,0.42790489028142553,0.0,0.0,0.0,0.0,12.118339189722553
-0.9465633578693694,0.8041396849652598,-0.7370111200485534,0.18930753657327157,0.0,0.0,0.0,0.0,12.027549864243364
-0.11508260035653949,0.7991511221995049,-0.741691075087855,0.3483724390453742,0.0,0.0,0.0,0.0,11.999669439469741
0.08926924252052053,0.7991511221995049,-0.7370111200485534,0.42790489028142553,0.0,0.0,0.0,0.0,12.02455676409265
0.3481358371328329,0.7941625594337499,-0.7370111200485534,0.3483724390453742,0.0,0.0,0.0,0.0,11.984808576881369
-0.3321998937359043,0.7991511221995049,-0.7370111200485534,0.18930753657327157,0.0,0.0,0.0,0.0,11.954407441448915
0.07906734560269503,0.7941625594337499,-0.7370111200485534,0.5869697927535281,0.0,0.0,0.0,0.0,11.9873007744816
-0.06846777905509022,0.7941625594337499,-0.741691075087855,0.5074373415174769,0.0,0.0,0.0,0.0,11.963370312187111
-0.0442448135527659,0.789173996668002,-0.741691075087855,0.5074373415174769,0.0,0.0,0.0,0.0,11.925703766372617
-0.5401616385992718,0.7991511221995049,-0.741691075087855,0.3483724390453742,0.0,0.0,0.0,0.0,11.967821801563451
-0.37122868912409845,0.7991511221995049,-0.741691075087855,0.5869697927535281,0.0,0.0,0.0,0.0,11.970356641102999
-0.1874899097630553,0.7991511221995049,-0.741691075087855,0.5869697927535281,0.0,0.0,0.0,0.0,11.991647230585656
-0.5456549677088701,0.7991511221995049,-0.741691075087855,0.42790489028142553,0.0,0.0,0.0,0.0,11.955692780409043
0.13949396580827725,0.7941625594337499,-0.741691075087855,0.3483724390453742,0.0,0.0,0.0,0.0,11.98168457011701
-0.21139897074483116,0.7941625594337499,-0.7463710301271534,0.42790489028142553,0.0,0.0,0.0,0.0,11.948602883419843
0.12699010240642936,0.7991511221995049,-0.7463710301271534,0.2688399878093229,0.0,0.0,0.0,0.0,12.003350402638521
-0.709983984215999,0.7991511221995049,-0.7463710301271534,-0.04928981713488239,0.0,0.0,0.0,0.0,11.965916446305247
-0.24315564474031884,0.8041396849652598,-0.7510509851664519,0.5074373415174769,0.0,0.0,0.0,0.0,11.921060339411943
0.05442584073963946,0.8041396849652598,-0.7510509851664519,0.5074373415174769,0.0,0.0,0.0,0.0,11.93558195089097
-0.061980418963755,0.8091282477310077,-0.7510509851664519,0.3483724390453742,0.0,0.0,0.0,0.0,11.956334830883424
-0.5965075000377238,0.8091282477310077,-0.7510509851664519,0.5074373415174769,0.0,0.0,0.0,0.0,11.889311855577725
0.39768043395940145,0.8041396849652598,-0.741691075087855,0.5074373415174769,0.0,0.0,0.0,0.0,12.002124919798158
0.4664778413796098,0.8091282477310077,-0.7463710301271534,0.5869697927535281,0.0,0.0,0.0,0.0,11.944064817531656
-0.37520481305104586,0.8041396849652598,-0.7463710301271534,0.5074373415174769,0.0,0.0,0.0,0.0,11.906999271191623
0.48091744932483965,0.8041396849652598,-0.7463710301271534,0.3483724390453742,0.0,0.0,0.0,0.0,11.97098934828825
0.07781172752050126,0.8041396849652598,-0.7463710301271534,0.42790489028142553,0.0,0.0,0.0,0.0,11.897514169490739
-0.07872199339300724,0.8041396849652598,-0.741691075087855,0.2688399878093229,0.0,0.0,0.0,0.0,12.111217862017215
-0.05517915435187134,0.8141168104967627,-0.741691075087855,0.42790489028142553,0.0,0.0,0.0,0.0,12.004574385508691
-0.16588281526530158,0.8141168104967627,-0.7463710301271534,0.5869697927535281,0.0,0.0,0.0,0.0,11.984184555794167
-0.018504642867790654,0.8141168104967627,-0.7463710301271534,0.42790489028142553,0.0,0.0,0.0,0.0,12.001511614739405
-0.2800917433248567,0.8141168104967627,-0.741691075087855,0.42790489028142553,0.0,0.0,0.0,0.0,11.990407312509369
-0.19999377316490294,0.8091282477310077,-0.741691075087855,0.18930753657327157,0.0,0.0,0.0,0.0,11.947955847790901
0.005299783273802407,0.8141168104967627,-0.7463710301271534,0.3483724390453742,0.0,0.0,0.0,0.0,11.97603664577121
-0.8382662982801442,0.8091282477310077,-0.7463710301271534,-0.12882226837093372,0.0,0.0,0.0,0.0,11.92371636583374
-0.024207241657754643,0.8141168104967627,-0.7510509851664519,0.5074373415174769,0.0,0.0,0.0,0.0,11.91170829631447
0.09198974836527418,0.8141168104967627,-0.7510509851664519,0.5074373415174769,0.0,0.0,0.0,0.0,11.930325731537252
-0.28113809172668486,0.8091282477310077,-0.7510509851664519,0.3483724390453742,0.0,0.0,0.0,0.0,11.969723533345908
-0.8841486757003135,0.8191053732625105,-0.7604108952450519,-0.446952073315139,0.0,0.0,0.0,0.0,11.967821801563451
0.18328364642479028,0.8191053732625105,-0.7604108952450519,0.3483724390453742,0.0,0.0,0.0,0.0,11.943414837983129
-0.002757099420275269,0.8141168104967627,-0.7557309402057503,-0.12882226837093372,0.0,0.0,0.0,0.0,12.000897933306716
-0.0006644026166187388,0.8091282477310077,-0.7557309402057503,-0.7650818782593443,0.0,0.0,0.0,0.0,11.817472029092508
0.1996066814933108,0.8091282477310077,-0.7557309402057503,-0.5264845245511903,0.0,0.0,0.0,0.0,11.878269721588795
0.12322324815984757,0.8240939360282654,-0.7510509851664519,0.5074373415174769,0.0,0.0,0.0,0.0,11.965916446305247
0.05165301747479451,0.8240939360282654,-0.7510509851664519,0.2688399878093229,0.0,0.0,0.0,0.0,11.997823864326225
0.023872467406254025,0.8240939360282654,-0.7510509851664519,0.5074373415174769,0.0,0.0,0.0,0.0,11.979805470779858
-0.009506046612067642,0.8191053732625105,-0.7510509851664519,0.5074373415174769,0.0,0.0,0.0,0.0,12.002124919798158
0.4789293873613659,0.8191053732625105,-0.7510509851664519,0.10977508533722025,0.0,0.0,0.0,0.0,12.010671928196443
0.5534817109916298,0.8191053732625105,-0.7463710301271534,-0.446952073315139,0.0,0.0,0.0,0.0,12.10625783509458
0.5279508099870202,0.8191053732625105,-0.7463710301271534,0.10977508533722025,0.0,0.0,0.0,0.0,12.090106084085123
0.35530332368535655,0.8340710615597683,-0.7463710301271534,-1.0832116832035494,0.0,0.0,0.0,0.0,12.536458540752227
1.963122277934667,0.8340710615597683,-0.741691075087855,0.3483724390453742,0.0,0.0,0.0,0.0,12.708062347258762
0.3955877371557447,0.8290824987940204,-0.7463710301271534,-1.0832116832035494,0.0,0.0,0.0,0.0,12.036475785297062
0.40934721863978635,0.8240939360282654,-0.741691075087855,0.5869697927535281,0.0,0.0,0.0,0.0,11.994740316298905
0.4617692735713824,0.8440481870912782,-0.7604108952450519,-1.0036792319674983,0.0,0.0,0.0,0.0,12.09066740567538
-0.12842354247984988,0.8440481870912782,-0.7650908502843503,-0.6060169757872417,0.0,0.0,0.0,0.0,12.16577655436517
-0.13015001734286646,0.8390596243255232,-0.7604108952450519,-0.446952073315139,0.0,0.0,0.0,0.0,11.945363510579819
-0.0442448135527659,0.8340710615597683,-0.7604108952450519,-0.12882226837093372,0.0,0.0,0.0,0.0,11.783723297487764
0.6247380371561349,0.8340710615597683,-0.7557309402057503,-1.0832116832035494,0.0,0.0,0.0,0.0,12.329179263520874
-0.02938666624680456,0.8290824987940204,-0.7557309402057503,-0.5264845245511903,0.0,0.0,0.0,0.0,11.821887014814502
-0.2622515030736848,0.8240939360282654,-0.7604108952450519,0.5074373415174769,0.0,0.0,0.0,0.0,11.753523791492476
-0.06606117773088525,0.7941625594337499,-0.7463710301271534,0.03024263410116893,0.0,0.0,0.0,0.0,12.157937516778192
-0.7854257039878169,0.8041396849652598,-0.7557309402057503,0.3483724390453742,0.0,0.0,0.0,0.0,11.80036500801413
-0.6546321537592839,0.7941625594337499,-0.7510509851664519,-0.6060169757872417,0.0,0.0,0.0,0.0,12.160557363077048
-0.22667565741152376,0.8340710615597683,-0.7697708053236487,-0.8446143294953956,0.0,0.0,0.0,0.0,12.05467400868968
-0.033362790173751995,0.8240939360282654,-0.7650908502843503,0.5869697927535281,0.0,0.0,0.0,0.0,11.822620954414864
0.032033984940514515,0.8440481870912782,-0.7650908502843503,0.2688399878093229,0.0,0.0,0.0,0.0,12.141539457711714
0.08168321660726564,0.8390596243255232,-0.7697708053236487,-0.5264845245511903,0.0,0.0,0.0,0.0,12.261038936200617
0.5497671741651398,0.849036749857026,-0.7697708053236487,-0.6060169757872417,0.0,0.0,0.0,0.0,12.253437985595856
-0.033362790173751995,0.7791968711364922,-0.741691075087855,0.6665022439895795,0.0,0.0,0.0,0.0,11.835016210489899
-0.3616546012473698,0.789173996668002,-0.7463710301271534,0.10977508533722025,0.0,0.0,0.0,0.0,12.033509321931893
0.6219128964711986,0.7742083083707443,-0.7463710301271534,-0.12882226837093372,0.0,0.0,0.0,0.0,12.280256686219182
0.7223623430467117,0.7841854339022472,-0.7510509851664519,-0.28788717084303633,0.0,0.0,0.0,0.0,12.32873708107804
-0.35490565405557745,0.7941625594337499,-0.7557309402057503,0.2688399878093229,0.0,0.0,0.0,0.0,12.12215284831553
0.30816532818299347,0.7941625594337499,-0.7557309402057503,0.3483724390453742,0.0,0.0,0.0,0.0,12.171486376730597
1.4766749059247075,0.789173996668002,-0.7650908502843503,-0.20835471960698504,0.0,0.0,0.0,0.0,12.854486546624395
0.7137299687316285,0.7742083083707443,-0.7557309402057503,-0.6060169757872417,0.0,0.0,0.0,0.0,12.619509230160354
-0.0682061919546333,0.7991511221995049,-0.7604108952450519,0.3483724390453742,0.0,0.0,0.0,0.0,11.937545932118134
-0.0878775419090046,0.7991511221995049,-0.7604108952450519,0.3483724390453742,0.0,0.0,0.0,0.0,12.016732516077072
-0.02321321067601779,0.7991511221995049,-0.7650908502843503,-0.04928981713488239,0.0,0.0,0.0,0.0,12.095146671399466
0.44832369660788945,0.7991511221995049,-0.7697708053236487,-0.5264845245511903,0.0,0.0,0.0,0.0,12.57729476436913
1.1210210841432804,0.7941625594337499,-0.7650908502843503,-0.5264845245511903,0.0,0.0,0.0,0.0,12.691275799522568
1.6749579280711633,0.7941625594337499,-0.7697708053236487,-0.20835471960698504,0.0,0.0,0.0,0.0,12.719797063728873
1.227068494668575,0.7941625594337499,-0.7744507603629505,-0.12882226837093372,0.0,0.0,0.0,0.0,12.717401142834069
1.618298162112163,0.789173996668002,-0.7744507603629505,-0.8446143294953956,0.0,0.0,0.0,0.0,12.794972579407254
0.13420990637904429,0.8091282477310077,-0.7650908502843503,0.42790489028142553,0.0,0.0,0.0,0.0,12.07994804051962
0.2759901148267745,0.8041396849652598,-0.7650908502843503,0.3483724390453742,0.0,0.0,0.0,0.0,12.137263685701864
0.33484721242961424,0.8041396849652598,-0.7650908502843503,0.42790489028142553,0.0,0.0,0.0,0.0,12.121608929585332
1.1922774103077851,0.8240939360282654,-0.7744507603629505,-1.4808739393838062,0.0,0.0,0.0,0.0,12.80078251189375
0.9392703667457108,0.8091282477310077,-0.7744507603629505,-1.0832116832035494,0.0,0.0,0.0,0.0,12.708062347258762
0.5953356470647604,0.8091282477310077,-0.7697708053236487,-1.0832116832035494,0.0,0.0,0.0,0.0,12.505810504075185
1.5284691518152063,0.8091282477310077,-0.7697708053236487,-0.3674196220790877,0.0,0.0,0.0,0.0,12.691583538230217
1.5553603057421928,0.8091282477310077,-0.7697708053236487,-0.28788717084303633,0.0,0.0,0.0,0.0,12.713495486391599
0.7371158555124901,0.8041396849652598,-0.7697708053236487,-0.28788717084303633,0.0,0.0,0.0,0.0,12.603508942150482
1.2427637206959987,0.8041396849652598,-0.7697708053236487,-0.28788717084303633,0.0,0.0,0.0,0.0,12.647872897281076
0.968149582636171,0.7991511221995049,-0.7697708053236487,-0.446952073315139,0.0,0.0,0.0,0.0,12.612540583969206
0.9754217040288776,0.8041396849652598,-0.7744507603629505,-0.28788717084303633,0.0,0.0,0.0,0.0,12.618847637882144
0.8740305438917186,0.8440481870912782,-0.7838106704415472,-1.0036792319674983,0.0,0.0,0.0,0.0,12.4882433080258
-0.7134892513621236,0.8390596243255232,-0.7744507603629505,-1.8785361955640627,0.0,0.0,0.0,0.0,12.12541016250223
-0.3260787555852088,0.8340710615597683,-0.7744507603629505,-0.6855494270232929,0.0,0.0,0.0,0.0,12.137263685701864
0.8052854538916016,0.8340710615597683,-0.7791307154022488,-0.446952073315139,0.0,0.0,0.0,0.0,12.269990661694345
-0.9940675753123728,0.908899503046057,-0.7370111200485534,1.8594890125303492,1.0,0.0,0.0,0.0,11.569315250157509
-1.766429648121906,0.908899503046057,-0.7370111200485534,1.8594890125303492,1.0,0.0,0.0,0.0,11.630717389475995
-1.2577473725730952,0.913888065811812,-0.7370111200485534,-1.958068646800114,1.0,0.0,0.0,0.0,11.83138646878959
-1.127790901066025,0.908899503046057,-0.741691075087855,-0.12882226837093372,1.0,0.0,0.0,0.0,11.58525542883217
-0.8817943917962,0.908899503046057,-0.741691075087855,0.6665022439895795,1.0,0.0,0.0,0.0,11.457423325808623
-0.9734545117963559,0.908899503046057,-0.7370111200485534,1.2232294026419388,1.0,0.0,0.0,0.0,11.630717389475995
-1.1778063546734159,0.908899503046057,-0.7370111200485534,1.8594890125303492,1.0,0.0,0.0,0.0,11.119897691565697
0.31695465475835083,0.8141168104967627,-0.6948915246948613,0.3483724390453742,1.0,0.0,0.0,0.0,12.3018418108936
0.8029311699874879,0.8141168104967627,-0.6995714797341596,0.3483724390453742,1.0,0.0,0.0,0.0,12.29865638469802
0.3573960204890133,0.8091282477310077,-0.6995714797341596,-1.2422765856756521,1.0,0.0,0.0,0.0,12.12541016250223
-0.43856120878174737,0.8091282477310077,-0.6995714797341596,0.3483724390453742,1.0,0.0,0.0,0.0,11.83138646878959
-0.7056416383484118,0.8041396849652598,-0.6995714797341596,-0.12882226837093372,1.0,0.0,0.0,0.0,11.929666757272708
-0.05769039051625913,0.8041396849652598,-0.6995714797341596,0.3483724390453742,1.0,0.0,0.0,0.0,12.007017865994577
0.03669023532865036,0.8041396849652598,-0.6995714797341596,-1.5604063906198575,1.0,0.0,0.0,0.0,12.098493002763465
-0.6669790649008573,0.7991511221995049,-0.6995714797341596,-1.0832116832035494,1.0,0.0,0.0,0.0,11.92039522907888
-0.40120657083647826,0.7991511221995049,-0.6995714797341596,0.3483724390453742,1.0,0.0,0.0,0.0,11.820417517632333
-0.22955311551655153,0.7991511221995049,-0.704251434773458,1.064164500169836,1.0,0.0,0.0,0.0,11.929666757272708
-0.43662546423836496,0.7941625594337499,-0.6995714797341596,-0.3674196220790877,1.0,0.0,0.0,0.0,11.904974309480183
0.06907471836523517,0.7941625594337499,-0.704251434773458,0.6665022439895795,1.0,0.0,0.0,0.0,11.869907361794104
-0.10236946727432597,0.7941625594337499,-0.704251434773458,0.03024263410116893,1.0,0.0,0.0,0.0,11.779136168550774
1.350485288664219,0.7991511221995049,-0.6948915246948613,0.3483724390453742,1.0,0.0,0.0,0.0,13.122367377396328
0.5862324159688548,0.7991511221995049,-0.6855316146162611,0.5074373415174769,1.0,0.0,0.0,0.0,12.59473402514672
1.1639213686182392,0.7841854339022472,-0.6902115696555629,1.064164500169836,1.0,0.0,0.0,0.0,12.650120442784763
0.8662352482980981,0.7791968711364922,-0.6902115696555629,1.4618267563500926,1.0,0.0,0.0,0.0,12.671380893706852
1.385956499486197,0.789173996668002,-0.6808516595769627,0.7460346952256308,1.0,0.0,0.0,0.0,12.807655372286902
0.48635846101434693,0.7841854339022472,-0.6902115696555629,1.8594890125303492,1.0,0.0,0.0,0.0,12.508400690203496
0.20860527774903428,0.7841854339022472,-0.6948915246948613,1.541359207586144,1.0,0.0,0.0,0.0,12.456056744871358
0.01895462991766126,0.7791968711364922,-0.6948915246948613,1.8594890125303492,1.0,0.0,0.0,0.0,12.48937388613538
-0.0006644026166187388,0.7742083083707443,-0.6948915246948613,1.2232294026419388,1.0,0.0,0.0,0.0,12.545401512381012
1.4714431639155658,0.7692197456049893,-0.6902115696555629,0.5869697927535281,1.0,0.0,0.0,0.0,13.122367377396328
0.15874677640191753,0.7692197456049893,-0.6948915246948613,1.1436969514058875,1.0,0.0,0.0,0.0,13.095610694325117
-0.144537307868005,0.7742083083707443,-0.6948915246948613,1.2232294026419388,1.0,0.0,0.0,0.0,12.635908363171778
1.7608108144411727,0.7542540573077315,-0.6855316146162611,0.7460346952256308,1.0,0.0,0.0,0.0,12.924890009482901
0.6131235698958408,0.7592426200734865,-0.6855316146162611,1.30276185387799,1.0,0.0,0.0,0.0,12.871080091495637
0.08487457923284185,0.7642311828392344,-0.6855316146162611,1.8594890125303492,1.0,0.0,0.0,0.0,12.490126895384028
0.7377959819736788,0.7642311828392344,-0.6808516595769627,0.6665022439895795,1.0,0.0,0.0,0.0,13.028933628481127
1.0892120927277011,0.7642311828392344,-0.6902115696555629,0.7460346952256308,1.0,0.0,0.0,0.0,12.767689287564181
0.35901786051184703,0.7592426200734865,-0.6902115696555629,0.5869697927535281,1.0,0.0,0.0,0.0,12.839472475608636
-0.1076535267035587,0.7542540573077315,-0.6902115696555629,1.3822943051140413,1.0,0.0,0.0,0.0,12.565497305532237
0.4944676611285157,0.7542540573077315,-0.6902115696555629,0.42790489028142553,1.0,0.0,0.0,0.0,12.80078251189375
0.13012914761191427,0.7492654945419838,-0.6902115696555629,0.5074373415174769,1.0,0.0,0.0,0.0,12.706850963741102
1.7187476086876765,0.7692197456049893,-0.6902115696555629,0.5869697927535281,1.0,0.0,0.0,0.0,13.091287484963173
3.1042698449685715,0.7692197456049893,-0.6902115696555629,0.8255671464616822,1.0,0.0,0.0,0.0,13.122367377396328
2.262273286017368,0.7592426200734865,-0.6948915246948613,0.2688399878093229,1.0,0.0,0.0,0.0,13.122367377396328
5.819700899973191,0.7542540573077315,-0.6948915246948613,0.6665022439895795,1.0,0.0,0.0,0.0,13.122367377396328
2.6663730388034432,0.7592426200734865,-0.6995714797341596,0.8255671464616822,1.0,0.0,0.0,0.0,13.122367377396328
-0.1266970676168331,0.7542540573077315,-0.704251434773458,0.9050995976977334,1.0,0.0,0.0,0.0,12.87774334868815
1.6507349625688392,0.7542540573077315,-0.6995714797341596,1.064164500169836,1.0,0.0,0.0,0.0,12.988377024158059
2.4132090429810944,0.7542540573077315,-0.6995714797341596,0.9050995976977334,1.0,0.0,0.0,0.0,13.122367377396328
0.4470680785256957,0.7692197456049893,-0.6995714797341596,1.2232294026419388,1.0,0.0,0.0,0.0,12.771957314336067
0.4021797320872627,0.7642311828392344,-0.704251434773458,-0.5264845245511903,1.0,0.0,0.0,0.0,12.528884140515583
-0.26900045026547714,0.7642311828392344,-0.6948915246948613,0.42790489028142553,1.0,0.0,0.0,0.0,12.840533480851393
5.819700899973191,0.7642311828392344,-0.704251434773458,0.5074373415174769,1.0,0.0,0.0,0.0,13.122367377396328
-0.07390879074459729,0.7592426200734865,-0.704251434773458,-0.446952073315139,1.0,0.0,0.0,0.0,12.293630123379582
-0.3056749617495578,0.7542540573077315,-0.704251434773458,-0.04928981713488239,1.0,0.0,0.0,0.0,12.33403040930302
-0.6511792040332505,0.7742083083707443,-0.6995714797341596,0.42790489028142553,1.0,0.0,0.0,0.0,12.440357896943219
0.03669023532865036,0.7742083083707443,-0.704251434773458,0.2688399878093229,1.0,0.0,0.0,0.0,12.519426119694613
-0.4204070640100268,0.7692197456049893,-0.6995714797341596,0.18930753657327157,1.0,0.0,0.0,0.0,12.399173397495133
0.43927278293207517,0.7791968711364922,-0.704251434773458,0.5869697927535281,1.0,0.0,0.0,0.0,12.81011808399072
0.7097538448046812,0.7742083083707443,-0.704251434773458,0.3483724390453742,1.0,0.0,0.0,0.0,12.973633644325302
2.016538363848,0.7742083083707443,-0.704251434773458,0.42790489028142553,1.0,0.0,0.0,0.0,12.969214528909768
0.5660902092336607,0.7692197456049893,-0.704251434773458,0.3483724390453742,1.0,0.0,0.0,0.0,13.007403602593786
1.1914403315863227,0.7742083083707443,-0.7089313898127597,0.6665022439895795,1.0,0.0,0.0,0.0,12.810391344620207
-0.03838526250252757,0.7742083083707443,-0.7136113448520581,0.5074373415174769,1.0,0.0,0.0,0.0,12.935554166134988
0.8262124219281669,0.7742083083707443,-0.7089313898127597,0.5869697927535281,1.0,0.0,0.0,0.0,12.886896707401087
1.413684732134646,0.7742083083707443,-0.7089313898127597,0.7460346952256308,1.0,0.0,0.0,0.0,12.920249641259614
1.410441052088978,0.7692197456049893,-0.7136113448520581,0.42790489028142553,1.0,0.0,0.0,0.0,12.988605673459045
-0.5446609367271333,0.7791968711364922,-0.6995714797341596,-0.6855494270232929,1.0,0.0,0.0,0.0,11.993504229837974
-0.18639124394113563,0.7791968711364922,-0.6995714797341596,-0.446952073315139,1.0,0.0,0.0,0.0,12.140472227446224
-0.39021991261728156,0.789173996668002,-0.6948915246948613,1.2232294026419388,1.0,0.0,0.0,0.0,12.131354487250757
-0.698212564695431,0.7841854339022472,-0.6948915246948613,1.1436969514058875,1.0,0.0,0.0,0.0,12.091228412360461
-0.33408332085919523,0.7791968711364922,-0.6948915246948613,0.2688399878093229,1.0,0.0,0.0,0.0,12.123239799036943
-0.12695865471729026,0.7941625594337499,-0.6995714797341596,-0.12882226837093372,1.0,0.0,0.0,0.0,12.36819574669825
-0.6873305413164171,0.789173996668002,-0.6995714797341596,0.10977508533722025,1.0,0.0,0.0,0.0,11.938199736300925
-0.30980803793677936,0.7841854339022472,-0.704251434773458,-0.3674196220790877,1.0,0.0,0.0,0.0,12.025755079404917
-1.4761202840346541,0.7841854339022472,-0.6995714797341596,0.18930753657327157,1.0,0.0,0.0,0.0,12.090106084085123
-0.31598149350756616,0.7841854339022472,-0.6995714797341596,0.8255671464616822,1.0,0.0,0.0,0.0,12.02515610124372
-0.17169004889544862,0.7841854339022472,-0.704251434773458,0.5074373415174769,1.0,0.0,0.0,0.0,11.97098934828825
-0.47910720935259243,0.789173996668002,-0.704251434773458,0.6665022439895795,1.0,0.0,0.0,0.0,11.770671388994348
-0.30897095921531686,0.789173996668002,-0.7089313898127597,0.6665022439895795,1.0,0.0,0.0,0.0,11.776066350866136
-0.6993635479374422,0.789173996668002,-0.7089313898127597,0.5074373415174769,1.0,0.0,0.0,0.0,11.843674210764698
0.023872467406254025,0.7841854339022472,-0.7089313898127597,0.6665022439895795,1.0,0.0,0.0,0.0,12.07254696717504
0.3917162480689803,0.7841854339022472,-0.7089313898127597,1.064164500169836,1.0,0.0,0.0,0.0,12.065666245536807
0.10287177174428787,0.7791968711364922,-0.704251434773458,0.7460346952256308,1.0,0.0,0.0,0.0,12.265760357995845
0.033341920442799815,0.7791968711364922,-0.7089313898127597,0.2688399878093229,1.0,0.0,0.0,0.0,12.536817799389974
-0.7140647429831292,0.7791968711364922,-0.7136113448520581,0.2688399878093229,1.0,0.0,0.0,0.0,12.26528921768626
-0.16415634040228502,0.7791968711364922,-0.7136113448520581,1.1436969514058875,1.0,0.0,0.0,0.0,12.262457704853034
0.17627311213254052,0.7791968711364922,-0.7136113448520581,0.5869697927535281,1.0,0.0,0.0,0.0,12.26528921768626
0.4482190617677064,0.7742083083707443,-0.7182912998913565,0.5869697927535281,1.0,0.0,0.0,0.0,12.361797799507952
-0.9979390643991373,0.7742083083707443,-0.7182912998913565,0.5869697927535281,1.0,0.0,0.0,0.0,12.328294703023394
0.3917162480689803,0.7742083083707443,-0.7136113448520581,0.8255671464616822,1.0,0.0,0.0,0.0,12.296831574998258
0.2863489640048743,0.7692197456049893,-0.7182912998913565,0.7460346952256308,1.0,0.0,0.0,0.0,12.361369810748965
0.033341920442799815,0.7692197456049893,-0.7182912998913565,0.18930753657327157,1.0,0.0,0.0,0.0,12.318959268856462
-0.4886812972293211,0.7692197456049893,-0.7182912998913565,0.2688399878093229,1.0,0.0,0.0,0.0,12.359227115018937
1.0679189027504963,0.7692197456049893,-0.7136113448520581,0.7460346952256308,1.0,0.0,0.0,0.0,12.940604062522764
0.5879065734117799,0.7642311828392344,-0.7136113448520581,1.2232294026419388,1.0,0.0,0.0,0.0,13.01053979885567
1.732873312112358,0.7642311828392344,-0.7136113448520581,0.6665022439895795,1.0,0.0,0.0,0.0,13.122367377396328
0.6668535603297224,0.7592426200734865,-0.7136113448520581,1.064164500169836,1.0,0.0,0.0,0.0,12.963369990577007
1.1570154691661725,0.7642311828392344,-0.704251434773458,0.8255671464616822,1.0,0.0,0.0,0.0,12.972007820313298
0.7055684511973681,0.7642311828392344,-0.7089313898127597,0.8255671464616822,1.0,0.0,0.0,0.0,13.006281144562495
0.9497338507639936,0.7642311828392344,-0.7089313898127597,0.10977508533722025,1.0,0.0,0.0,0.0,13.122367377396328
-0.17069601791371175,0.7592426200734865,-0.7089313898127597,-0.6855494270232929,1.0,0.0,0.0,0.0,13.074644738946118
0.3612151921556864,0.7542540573077315,-0.7089313898127597,0.42790489028142553,1.0,0.0,0.0,0.0,12.511721101590597
-0.3226258058591757,0.7592426200734865,-0.7136113448520581,1.541359207586144,1.0,0.0,0.0,0.0,12.51503052432271
-0.5810738611107569,0.7542540573077315,-0.7136113448520581,0.5869697927535281,1.0,0.0,0.0,0.0,12.386312871189734
-0.41376275165841747,0.7542540573077315,-0.7136113448520581,0.8255671464616822,1.0,0.0,0.0,0.0,12.424006650692137
0.4841611293705076,0.7642311828392344,-0.7182912998913565,0.8255671464616822,1.0,0.0,0.0,0.0,12.520156844130765
0.4796618312426459,0.7592426200734865,-0.7182912998913565,0.5869697927535281,1.0,0.0,0.0,0.0,12.515764466616417
-0.0061054143061258104,0.7542540573077315,-0.7182912998913565,0.7460346952256308,0.0,0.0,0.0,0.0,12.457224282783562
0.2490466434796963,0.7542540573077315,-0.7182912998913565,1.064164500169836,0.0,0.0,0.0,0.0,12.555323599726982
-0.09248147487704891,0.7542540573077315,-0.7182912998913565,0.7460346952256308,0.0,0.0,0.0,0.0,12.468825296104477
0.1425806935936704,0.7642311828392344,-0.7182912998913565,0.7460346952256308,1.0,0.0,0.0,0.0,12.368620824600177
0.3896758686854153,0.7642311828392344,-0.7229712549306548,0.42790489028142553,1.0,0.0,0.0,0.0,12.424810506025395
0.18616110452981782,0.7592426200734865,-0.7182912998913565,0.10977508533722025,1.0,0.0,0.0,0.0,12.437981667612153
0.09743076005478102,0.7542540573077315,-0.7229712549306548,0.7460346952256308,0.0,0.0,0.0,0.0,12.47801017053037
0.5143482807632528,0.7542540573077315,-0.7182912998913565,0.7460346952256308,0.0,0.0,0.0,0.0,12.490879338036375
-0.330787323393436,0.7542540573077315,-0.7229712549306548,0.5869697927535281,0.0,0.0,0.0,0.0,12.46110626016646
0.21634825592256304,0.7542540573077315,-0.7229712549306548,0.9050995976977334,0.0,0.0,0.0,0.0,12.435599778363322
-0.6952304717502205,0.7492654945419838,-0.7229712549306548,0.9050995976977334,0.0,0.0,0.0,0.0,12.19653228062948
0.11636966612787261,0.7492654945419838,-0.7229712549306548,0.5074373415174769,0.0,0.0,0.0,0.0,12.218006157094704
-0.5005050341699805,0.7442769317762288,-0.7229712549306548,0.3483724390453742,0.0,0.0,0.0,0.0,12.249136924251182
-0.08060542051629814,0.7442769317762288,-0.7229712549306548,0.42790489028142553,0.0,0.0,0.0,0.0,12.241444615610645
-0.08876693805055863,0.7442769317762288,-0.7229712549306548,0.2688399878093229,0.0,0.0,0.0,0.0,12.239512257194662
-0.023997971977389013,0.7642311828392344,-0.7229712549306548,0.42790489028142553,1.0,0.0,0.0,0.0,12.117246896289503
0.08408981793147062,0.7642311828392344,-0.7276512099699566,0.5074373415174769,0.0,0.0,0.0,0.0,12.062785246027499
-0.5456549677088701,0.7642311828392344,-0.7229712549306548,0.2688399878093229,1.0,0.0,0.0,0.0,12.133507329024972
-0.18283365937491944,0.7592426200734865,-0.7229712549306548,-0.446952073315139,0.0,0.0,0.0,0.0,11.894104711087113
-0.09514966330171104,0.7742083083707443,-0.7276512099699566,0.03024263410116893,1.0,0.0,0.0,0.0,12.073689165230697
-0.6197364345583112,0.7742083083707443,-0.7229712549306548,-0.3674196220790877,1.0,0.0,0.0,0.0,12.04355959836804
-0.5615594634166596,0.7692197456049893,-0.7229712549306548,0.03024263410116893,1.0,0.0,0.0,0.0,12.105705199284083
-0.7480710660425477,0.7692197456049893,-0.7276512099699566,0.2688399878093229,1.0,0.0,0.0,0.0,12.041203898548972
-0.24891056095037437,0.7841854339022472,-0.7182912998913565,0.42790489028142553,1.0,0.0,0.0,0.0,12.07994804051962
-0.21731083921516078,0.7791968711364922,-0.7182912998913565,0.5074373415174769,1.0,0.0,0.0,0.0,12.021554678392043
0.06159332729216309,0.7841854339022472,-0.7276512099699566,0.03024263410116893,1.0,0.0,0.0,0.0,12.182297237179363
-0.11675675779946475,0.7791968711364922,-0.7276512099699566,0.10977508533722025,1.0,0.0,0.0,0.0,12.021554678392043
-0.6639969719556468,0.7742083083707443,-0.7276512099699566,-0.04928981713488239,1.0,0.0,0.0,0.0,12.077676615757813
0.20860527774903428,0.7791968711364922,-0.7276512099699566,0.5074373415174769,1.0,0.0,0.0,0.0,12.06451484156046
-0.35673676375877705,0.7791968711364922,-0.7229712549306548,0.2688399878093229,1.0,0.0,0.0,0.0,12.110117757946444
0.403069128228817,0.7841854339022472,-0.7276512099699566,-0.446952073315139,1.0,0.0,0.0,0.0,12.128656901032139
-0.8072420681659361,0.7742083083707443,-0.7276512099699566,0.18930753657327157,1.0,0.0,0.0,0.0,12.008846566115903
-0.3276482781879513,0.7692197456049893,-0.7276512099699566,0.6665022439895795,1.0,0.0,0.0,0.0,11.977922833779727
-0.4747648634850053,0.7692197456049893,-0.7276512099699566,1.064164500169836,1.0,0.0,0.0,0.0,12.000283875037855
-0.7926978253805232,0.7642311828392344,-0.732331165009255,1.8594890125303492,0.0,0.0,0.0,0.0,11.785247676408115
-0.9589625864310345,0.7592426200734865,-0.7276512099699566,0.42790489028142553,0.0,0.0,0.0,0.0,11.840796531639839
-0.602105463987505,0.7592426200734865,-0.7276512099699566,-0.28788717084303633,0.0,0.0,0.0,0.0,11.874097282798648
-0.7245282270014118,0.7592426200734865,-0.7276512099699566,0.10977508533722025,0.0,0.0,0.0,0.0,11.977922833779727
-0.7138031558826723,0.7542540573077315,-0.7276512099699566,0.6665022439895795,0.0,0.0,0.0,0.0,12.103491596905931
-0.23860402919236606,0.7542540573077315,-0.7276512099699566,0.42790489028142553,0.0,0.0,0.0,0.0,12.150036542839864
-0.32403837620164383,0.7542540573077315,-0.7276512099699566,1.064164500169836,0.0,0.0,0.0,0.0,12.213549623135716
-0.337483953165137,0.7492654945419838,-0.7276512099699566,0.7460346952256308,0.0,0.0,0.0,0.0,12.263874463452428
-0.3930450533022178,0.7492654945419838,-0.732331165009255,-0.7650818782593443,0.0,0.0,0.0,0.0,12.240961875957243
-0.5599376233938259,0.7492654945419838,-0.7276512099699566,0.6665022439895795,0.0,0.0,0.0,0.0,12.276535769000125
-0.7760608857914538,0.7542540573077315,-0.732331165009255,0.10977508533722025,0.0,0.0,0.0,0.0,12.124868013083418
-0.4039270766812317,0.7692197456049893,-0.732331165009255,0.6665022439895795,0.0,0.0,0.0,0.0,11.931642378754141
-0.9055988179377928,0.7692197456049893,-0.7370111200485534,0.5869697927535281,0.0,0.0,0.0,0.0,11.9959748767362
-0.033362790173751995,0.7642311828392344,-0.732331165009255,0.8255671464616822,0.0,0.0,0.0,0.0,12.066816325306588
-0.8195366618874182,0.7642311828392344,-0.732331165009255,0.8255671464616822,0.0,0.0,0.0,0.0,12.061630518155123
-0.4932852301973656,0.7791968711364922,-0.732331165009255,-0.5264845245511903,1.0,0.0,0.0,0.0,12.115058723579269
-0.577673228804815,0.7791968711364922,-0.7370111200485534,-0.20835471960698504,1.0,0.0,0.0,0.0,11.953764151901414
-0.84773575131669,0.7791968711364922,-0.732331165009255,-0.3674196220790877,1.0,0.0,0.0,0.0,12.02455676409265
-0.8123168579148032,0.7742083083707443,-0.732331165009255,-0.6060169757872417,1.0,0.0,0.0,0.0,11.959538914341756
-0.7354102503804257,0.7692197456049893,-0.7370111200485534,0.18930753657327157,0.0,0.0,0.0,0.0,12.04708277568725
-0.9243807717506104,0.7692197456049893,-0.7370111200485534,-0.3674196220790877,0.0,0.0,0.0,0.0,11.814517839013352
-0.7265686063849771,0.7692197456049893,-0.7370111200485534,-0.12882226837093372,0.0,0.0,0.0,0.0,11.969090024509446
-0.9092610373441918,0.7642311828392344,-0.7370111200485534,0.18930753657327157,0.0,0.0,0.0,0.0,11.94081068679887
-0.36034666574508456,0.7642311828392344,-0.7370111200485534,0.10977508533722025,0.0,0.0,0.0,0.0,11.946012225174645
-0.3469010887815913,0.7642311828392344,-0.7370111200485534,0.8255671464616822,0.0,0.0,0.0,0.0,12.078812973059884
-0.8884387041478093,0.7592426200734865,-0.7370111200485534,0.2688399878093229,0.0,0.0,0.0,0.0,12.069685751267224
-0.9080577366820893,0.7592426200734865,-0.7370111200485534,1.30276185387799,0.0,0.0,0.0,0.0,11.998439434579149
-0.4464088217954592,0.7592426200734865,-0.7370111200485534,-0.28788717084303633,0.0,0.0,0.0,0.0,11.863589378812122
-1.0240454570247524,0.7542540573077315,-0.7370111200485534,-0.04928981713488239,0.0,0.0,0.0,0.0,12.019146503887916
-0.18869321042515777,0.7492654945419838,-0.732331165009255,0.18930753657327157,0.0,0.0,0.0,0.0,12.202571523749763
-0.306721310151386,0.7442769317762288,-0.732331165009255,0.2688399878093229,0.0,0.0,0.0,0.0,12.233206179086634
-0.6684962700835083,0.7492654945419838,-0.7370111200485534,0.42790489028142553,0.0,0.0,0.0,0.0,12.035290255730404
-0.6374197225492088,0.7642311828392344,-0.741691075087855,0.2688399878093229,0.0,0.0,0.0,0.0,11.962732764429129
-0.07762332757108757,0.7592426200734865,-0.741691075087855,0.5869697927535281,0.0,0.0,0.0,0.0,11.996591585872558
-0.6526440917958101,0.7542540573077315,-0.7463710301271534,-0.04928981713488239,0.0,0.0,0.0,0.0,11.984808576881369
-0.6967476769328713,0.7692197456049893,-0.7370111200485534,-0.3674196220790877,0.0,0.0,0.0,0.0,11.927687224983487
-0.4303996912474869,0.7642311828392344,-0.741691075087855,0.42790489028142553,0.0,0.0,0.0,0.0,11.83138646878959
-0.4584418284164843,0.7642311828392344,-0.7463710301271534,0.5074373415174769,0.0,0.0,0.0,0.0,11.986678307125475
-0.19685472795941827,0.7642311828392344,-0.7463710301271534,0.2688399878093229,0.0,0.0,0.0,0.0,12.014312686825066
0.2173422869042999,0.7592426200734865,-0.7463710301271534,0.3483724390453742,0.0,0.0,0.0,0.0,11.990407312509369
-0.7854257039878169,0.7542540573077315,-0.7510509851664519,0.5869697927535281,0.0,0.0,0.0,0.0,12.07254696717504
-0.8467940377550446,0.7742083083707443,-0.7370111200485534,-0.20835471960698504,0.0,0.0,0.0,0.0,12.065666245536807
-0.6906265387821761,0.7742083083707443,-0.741691075087855,0.42790489028142553,0.0,0.0,0.0,0.0,11.959538914341756
-0.5654309525034242,0.7692197456049893,-0.741691075087855,0.5869697927535281,0.0,0.0,0.0,0.0,11.967187086434018
-0.19010578076762588,0.7692197456049893,-0.741691075087855,0.5869697927535281,0.0,0.0,0.0,0.0,11.86569981146014
-0.8978035223441724,0.7791968711364922,-0.741691075087855,0.18930753657327157,0.0,0.0,0.0,0.0,11.993504229837974
-0.7926978253805232,0.7742083083707443,-0.741691075087855,-0.04928981713488239,0.0,0.0,0.0,0.0,12.025755079404917
-0.42574344085935106,0.7742083083707443,-0.741691075087855,0.3483724390453742,0.0,0.0,0.0,0.0,12.01854355302823
-0.5201240667042605,0.7742083083707443,-0.7463710301271534,-0.04928981713488239,0.0,0.0,0.0,0.0,11.97098934828825
3.3235321525716843,0.7392883690104738,-0.6808516595769627,0.42790489028142553,1.0,0.0,0.0,0.0,13.122367377396328
2.0835569789851003,0.7492654945419838,-0.6855316146162611,0.42790489028142553,1.0,0.0,0.0,0.0,13.02761523962479
0.8713623554670568,0.7492654945419838,-0.6855316146162611,0.5869697927535281,1.0,0.0,0.0,0.0,12.694962428316714
0.9567967024763343,0.7492654945419838,-0.6855316146162611,0.5074373415174769,1.0,0.0,0.0,0.0,12.694655727828803
2.006127197249809,0.7342998062447259,-0.6808516595769627,0.8255671464616822,1.0,0.0,0.0,0.0,13.017005083966255
2.9589320519546263,0.729311243478971,-0.6761717045376644,1.7004241100582467,1.0,0.0,0.0,0.0,13.08839492693925
2.5673361625703985,0.724322680713216,-0.6761717045376644,1.8594890125303492,1.0,0.0,0.0,0.0,13.003807293022762
1.5437458384818992,0.729311243478971,-0.6714917494983627,0.5869697927535281,1.0,0.0,0.0,0.0,12.792194035742861
1.3354178716778917,0.7193341179474682,-0.6714917494983627,1.3822943051140413,1.0,0.0,0.0,0.0,12.596427499917318
0.4450276991421302,0.7193341179474682,-0.6761717045376644,1.541359207586144,1.0,0.0,0.0,0.0,12.624457269455574
1.2065077485726499,0.7193341179474682,-0.6668117944590642,0.5869697927535281,1.0,0.0,0.0,0.0,12.521251930587761
0.9347187511977578,0.7193341179474682,-0.6714917494983627,1.30276185387799,1.0,0.0,0.0,0.0,12.36308066783498
-0.5002957644896149,0.7193341179474682,-0.6761717045376644,1.1436969514058875,1.0,0.0,0.0,0.0,12.397523238911763
0.4466495391649644,0.7143455551817133,-0.6761717045376644,1.30276185387799,1.0,0.0,0.0,0.0,12.211065162153215
0.6377650747588965,0.7143455551817133,-0.6714917494983627,0.8255671464616822,1.0,0.0,0.0,0.0,12.242409396366712
0.14415021619641286,0.7093569924159583,-0.6714917494983627,1.8594890125303492,1.0,0.0,0.0,0.0,12.112316757188815
0.3263194729547138,0.7093569924159583,-0.6714917494983627,1.3822943051140413,1.0,0.0,0.0,0.0,12.123782831670258
0.8352110181838899,0.7093569924159583,-0.6668117944590642,0.42790489028142553,1.0,0.0,0.0,0.0,12.38380451915696
-0.34250642549391264,0.7093569924159583,-0.6761717045376644,1.541359207586144,0.0,0.0,0.0,0.0,11.992885613168797
-0.13961947037941225,0.7093569924159583,-0.6761717045376644,1.4618267563500926,0.0,0.0,0.0,0.0,11.9873007744816
0.1955259227261808,0.7043684296502104,-0.6761717045376644,0.9050995976977334,0.0,0.0,0.0,0.0,12.088982494773598
-0.029282031406621747,0.7043684296502104,-0.6714917494983627,1.1436969514058875,0.0,0.0,0.0,0.0,12.07824495582233
1.1029715742117427,0.6943913041187005,-0.6621318394197658,0.9050995976977334,0.0,0.0,0.0,0.0,12.39545670404338
3.1207498322973675,0.6894027413529527,-0.6621318394197658,0.2688399878093229,0.0,0.0,0.0,0.0,13.122367377396328
2.3507420433919477,0.6794256158214499,-0.6621318394197658,0.6665022439895795,0.0,0.0,0.0,0.0,13.122367377396328
2.534114600812351,0.6943913041187005,-0.6714917494983627,1.2232294026419388,0.0,0.0,0.0,0.0,12.938202530152253
1.853464965423065,0.6894027413529527,-0.6714917494983627,0.9846320489337848,0.0,0.0,0.0,0.0,13.089222226206084
1.4003961074314268,0.6894027413529527,-0.6668117944590642,0.9846320489337848,0.0,0.0,0.0,0.0,13.122367377396328
2.0724133685056296,0.6844141785871977,-0.6668117944590642,0.9050995976977334,0.0,0.0,0.0,0.0,13.122367377396328
1.5071759618380014,0.6844141785871977,-0.6668117944590642,1.064164500169836,0.0,0.0,0.0,0.0,13.003356843579219
0.46935529948463733,0.6794256158214499,-0.6668117944590642,0.9846320489337848,0.0,0.0,0.0,0.0,13.018781279423914
2.408657427433142,0.6744370530556949,-0.6574518843804675,0.42790489028142553,0.0,0.0,0.0,0.0,13.122367377396328
2.8094611827534584,0.6794256158214499,-0.6621318394197658,0.8255671464616822,0.0,0.0,0.0,0.0,13.122367377396328
1.6373417030254371,0.6744370530556949,-0.6621318394197658,0.8255671464616822,0.0,0.0,0.0,0.0,13.122367377396328
1.0991000851249784,0.6694484902899399,-0.6621318394197658,0.6665022439895795,0.0,0.0,0.0,0.0,12.975720112947148
1.3095730661527338,0.6794256158214499,-0.6714917494983627,0.5074373415174769,0.0,0.0,0.0,0.0,13.122367377396328
1.6274537106281604,0.6844141785871977,-0.6714917494983627,1.2232294026419388,0.0,0.0,0.0,0.0,13.122367377396328
5.819700899973191,0.6943913041187005,-0.6761717045376644,1.541359207586144,0.0,0.0,0.0,0.0,13.122367377396328
5.819700899973191,0.6894027413529527,-0.6761717045376644,0.42790489028142553,0.0,0.0,0.0,0.0,13.122367377396328
5.819700899973191,0.6844141785871977,-0.6761717045376644,0.7460346952256308,0.0,0.0,0.0,0.0,13.122367377396328
2.71733020597248,0.6943913041187005,-0.6855316146162611,1.1436969514058875,0.0,0.0,0.0,0.0,13.122367377396328
2.9415103510641853,0.6943913041187005,-0.6902115696555629,0.42790489028142553,0.0,0.0,0.0,0.0,13.122367377396328
-0.8598210753578064,0.7093569924159583,-0.6808516595769627,1.3822943051140413,0.0,0.0,0.0,0.0,11.864293351358109
-0.9670717865452034,0.7093569924159583,-0.6855316146162611,1.3822943051140413,0.0,0.0,0.0,0.0,11.755879486687116
-1.0374910339882457,0.7043684296502104,-0.6808516595769627,1.2232294026419388,0.0,0.0,0.0,0.0,11.82115253615114
-0.7652834972526228,0.7043684296502104,-0.6808516595769627,1.541359207586144,0.0,0.0,0.0,0.0,11.818209214992565
-0.5383828463161637,0.6993798668844555,-0.6808516595769627,1.2232294026419388,0.0,0.0,0.0,0.0,12.295917919903431
-0.294949890630818,0.7093569924159583,-0.6808516595769627,1.064164500169836,0.0,0.0,0.0,0.0,11.950541482162043
-0.15044917633833488,0.7043684296502104,-0.6761717045376644,1.2232294026419388,0.0,0.0,0.0,0.0,11.941462360646149
0.2609226978404473,0.6993798668844555,-0.6808516595769627,0.7460346952256308,0.0,0.0,0.0,0.0,12.023957067521133
0.11626503128768956,0.6993798668844555,-0.6761717045376644,1.30276185387799,0.0,0.0,0.0,0.0,12.061630518155123
0.10208701044291664,0.7193341179474682,-0.6761717045376644,1.064164500169836,1.0,0.0,0.0,0.0,12.36308066783498
-0.18827467106442652,0.7143455551817133,-0.6808516595769627,1.4618267563500926,0.0,0.0,0.0,0.0,12.330504638906516
1.055624309029014,0.7342998062447259,-0.6808516595769627,1.4618267563500926,1.0,0.0,0.0,0.0,12.614536585975857
1.0592342110153214,0.729311243478971,-0.6808516595769627,1.8594890125303492,1.0,0.0,0.0,0.0,12.837347081942964
1.2924652697828416,0.724322680713216,-0.6808516595769627,1.2232294026419388,1.0,0.0,0.0,0.0,12.773375951490893
0.44356281137957076,0.7342998062447259,-0.6855316146162611,1.3822943051140413,1.0,0.0,0.0,0.0,12.541118865873308
-0.311272925699339,0.7342998062447259,-0.6855316146162611,1.541359207586144,1.0,0.0,0.0,0.0,12.499119054168606
0.5826748314026386,0.729311243478971,-0.6855316146162611,1.7004241100582467,1.0,0.0,0.0,0.0,12.474575721187843
-0.4001079050145586,0.729311243478971,-0.6855316146162611,1.3822943051140413,1.0,0.0,0.0,0.0,12.365641477767022
-0.2085215126398034,0.724322680713216,-0.6808516595769627,1.4618267563500926,1.0,0.0,0.0,0.0,12.348444223321136
-0.840777534444532,0.724322680713216,-0.6855316146162611,0.6665022439895795,1.0,0.0,0.0,0.0,12.323860125621126
-0.08390141798205716,0.724322680713216,-0.6855316146162611,1.8594890125303492,1.0,0.0,0.0,0.0,12.661600124083094
-0.13961947037941225,0.7193341179474682,-0.6855316146162611,1.8594890125303492,0.0,0.0,0.0,0.0,12.474193386571581
0.048409337429126786,0.7143455551817133,-0.6808516595769627,1.8594890125303492,0.0,0.0,0.0,0.0,12.07254696717504
0.09214670062554806,0.7143455551817133,-0.6855316146162611,1.8594890125303492,0.0,0.0,0.0,0.0,12.061630518155123
-0.2979319835760286,0.7143455551817133,-0.6808516595769627,1.7004241100582467,0.0,0.0,0.0,0.0,11.947308393235778
-0.8246637690563768,0.7143455551817133,-0.6855316146162611,0.9050995976977334,0.0,0.0,0.0,0.0,11.896151780740423
-0.8231465638737256,0.7093569924159583,-0.6808516595769627,1.30276185387799,0.0,0.0,0.0,0.0,11.910365121788654
-1.353540568760473,0.7093569924159583,-0.6902115696555629,-0.8446143294953956,0.0,0.0,0.0,0.0,12.107913912447533
-0.8369583627778588,0.7093569924159583,-0.6902115696555629,0.7460346952256308,0.0,0.0,0.0,0.0,11.895469889693825
-1.1217743977555124,0.7043684296502104,-0.6902115696555629,1.2232294026419388,0.0,0.0,0.0,0.0,12.091789104493502
-0.14929819309632367,0.7043684296502104,-0.6855316146162611,1.3822943051140413,0.0,0.0,0.0,0.0,11.953764151901414
0.14415021619641286,0.7043684296502104,-0.6902115696555629,1.1436969514058875,0.0,0.0,0.0,0.0,12.348877778786173
1.1477029683899014,0.7043684296502104,-0.6902115696555629,1.8594890125303492,0.0,0.0,0.0,0.0,12.475339952160343
1.4266071348972251,0.7043684296502104,-0.6948915246948613,-0.7650818782593443,0.0,0.0,0.0,0.0,13.122367377396328
1.828614190879644,0.7043684296502104,-0.6948915246948613,-0.9241467807314468,0.0,0.0,0.0,0.0,12.479913113434042
-0.6807908638049903,0.7143455551817133,-0.6902115696555629,0.8255671464616822,0.0,0.0,0.0,0.0,11.941462360646149
-1.235041612253422,0.7143455551817133,-0.6948915246948613,1.8594890125303492,0.0,0.0,0.0,0.0,12.141539457711714
-1.4175770909523626,0.7093569924159583,-0.6948915246948613,1.8594890125303492,0.0,0.0,0.0,0.0,13.122367377396328
-1.1427013657920777,0.7093569924159583,-0.6902115696555629,1.8594890125303492,0.0,0.0,0.0,0.0,11.998439434579149
-0.7904481763165924,0.7093569924159583,-0.6948915246948613,1.6208916588221953,0.0,0.0,0.0,0.0,11.83138646878959
-0.9095749418647403,0.7143455551817133,-0.6902115696555629,0.10977508533722025,0.0,0.0,0.0,0.0,11.86569981146014
-1.1444801580751855,0.7093569924159583,-0.6902115696555629,-0.6855494270232929,0.0,0.0,0.0,0.0,11.909020140718255
-1.460529692847413,0.7093569924159583,-0.6855316146162611,0.5869697927535281,0.0,0.0,0.0,0.0,11.894104711087113
-0.3068259449915688,0.7193341179474682,-0.6855316146162611,1.6208916588221953,0.0,0.0,0.0,0.0,12.206077645517674
-0.6563586286223004,0.7143455551817133,-0.6902115696555629,0.5869697927535281,0.0,0.0,0.0,0.0,11.959538914341756
-0.6048782872523499,0.7143455551817133,-0.6855316146162611,1.8594890125303492,0.0,0.0,0.0,0.0,12.234178937077944
-0.8720110342391058,0.7193341179474682,-0.6902115696555629,0.5869697927535281,0.0,0.0,0.0,0.0,12.082214317601338
-0.556536991087884,0.7193341179474682,-0.6948915246948613,-0.3674196220790877,0.0,0.0,0.0,0.0,11.86147448281689
-0.9856444706776553,0.7143455551817133,-0.6948915246948613,0.9846320489337848,0.0,0.0,0.0,0.0,13.122367377396328
-1.5865100404275359,0.7143455551817133,-0.6948915246948613,-0.9241467807314468,0.0,0.0,0.0,0.0,12.07254696717504
-0.8678779580518841,0.7143455551817133,-0.6902115696555629,0.7460346952256308,0.0,0.0,0.0,0.0,12.280256686219182
-0.5300643765216289,0.724322680713216,-0.6902115696555629,0.10977508533722025,0.0,0.0,0.0,0.0,12.147388951394372
-0.7296030167502789,0.7193341179474682,-0.6902115696555629,0.3483724390453742,0.0,0.0,0.0,0.0,12.040614105490253
-0.6657234468186634,0.7193341179474682,-0.6948915246948613,-0.8446143294953956,0.0,0.0,0.0,0.0,11.955050317440996
-0.889380417709455,0.724322680713216,-0.6948915246948613,-0.7650818782593443,0.0,0.0,0.0,0.0,12.036475785297062
-0.4522160554256062,0.724322680713216,-0.6948915246948613,-0.5264845245511903,0.0,0.0,0.0,0.0,12.051761119434515
-0.36034666574508456,0.7193341179474682,-0.6948915246948613,-1.5604063906198575,0.0,0.0,0.0,0.0,12.061630518155123
-0.6727862985310041,0.7193341179474682,-0.6948915246948613,-0.04928981713488239,0.0,0.0,0.0,0.0,11.736077016252437
0.43608142030649893,0.724322680713216,-0.6855316146162611,1.8594890125303492,1.0,0.0,0.0,0.0,12.570371950022508
0.06473237249764777,0.7193341179474682,-0.6902115696555629,1.8594890125303492,0.0,0.0,0.0,0.0,12.430818911810329
-0.106921082822279,0.7193341179474682,-0.6902115696555629,1.8594890125303492,0.0,0.0,0.0,0.0,12.336666603113574
-0.6852901619328521,0.7193341179474682,-0.6902115696555629,1.8594890125303492,0.0,0.0,0.0,0.0,12.278397958261774
0.22602697863947468,0.7392883690104738,-0.6855316146162611,0.5869697927535281,1.0,0.0,0.0,0.0,12.503584992123654
0.18956173683575964,0.7342998062447259,-0.6902115696555629,1.2232294026419388,1.0,0.0,0.0,0.0,12.555676145640925
-0.20674272035669533,0.7342998062447259,-0.6855316146162611,1.2232294026419388,1.0,0.0,0.0,0.0,12.613206360738884
-0.43662546423836496,0.724322680713216,-0.6855316146162611,1.8594890125303492,1.0,0.0,0.0,0.0,12.313136210176474
0.8088430384578178,0.729311243478971,-0.6902115696555629,1.8594890125303492,1.0,0.0,0.0,0.0,12.693427984358877
0.17276784498641612,0.729311243478971,-0.6902115696555629,1.8594890125303492,1.0,0.0,0.0,0.0,12.677016457665433
-0.2186710921375376,0.729311243478971,-0.6902115696555629,1.8594890125303492,1.0,0.0,0.0,0.0,12.3879816172226
-0.6587129125264141,0.729311243478971,-0.6948915246948613,0.9050995976977334,0.0,0.0,0.0,0.0,12.186385111610496
-0.1197388507446751,0.729311243478971,-0.6948915246948613,-0.20835471960698504,0.0,0.0,0.0,0.0,12.123239799036943
-0.24043513889556542,0.724322680713216,-0.6948915246948613,0.5074373415174769,0.0,0.0,0.0,0.0,12.197036946273975
0.6003058019734446,0.724322680713216,-0.6902115696555629,1.8594890125303492,0.0,0.0,0.0,0.0,12.39628383052922
0.7590891719508841,0.7342998062447259,-0.6902115696555629,1.3822943051140413,1.0,0.0,0.0,0.0,12.707456838931174
-0.4534193560877087,0.7342998062447259,-0.6948915246948613,0.2688399878093229,1.0,0.0,0.0,0.0,12.201065128819632
-0.5928452806313248,0.7342998062447259,-0.6948915246948613,-1.1627441344396008,1.0,0.0,0.0,0.0,12.086731521684555
0.3504378036168553,0.7442769317762288,-0.6902115696555629,1.064164500169836,1.0,0.0,0.0,0.0,12.398348658581329
-0.8601872972984463,0.7392883690104738,-0.6948915246948613,1.3822943051140413,1.0,0.0,0.0,0.0,12.377927112974284
-0.1671384333474956,0.7392883690104738,-0.6948915246948613,1.8594890125303492,1.0,0.0,0.0,0.0,12.230770136157428
0.24533210665320626,0.7392883690104738,-0.6948915246948613,1.6208916588221953,1.0,0.0,0.0,0.0,12.468825296104477
0.6084673195077052,0.7392883690104738,-0.6902115696555629,1.30276185387799,1.0,0.0,0.0,0.0,12.679510994367368
1.36016401138113,0.7492654945419838,-0.6902115696555629,0.8255671464616822,1.0,0.0,0.0,0.0,12.89295272879663
0.17684860375354614,0.7492654945419838,-0.6902115696555629,0.5074373415174769,1.0,0.0,0.0,0.0,12.819638053836195
-0.2446205325028785,0.7492654945419838,-0.6948915246948613,1.30276185387799,1.0,0.0,0.0,0.0,12.251050791276203
-0.2622515030736848,0.7492654945419838,-0.6995714797341596,1.064164500169836,1.0,0.0,0.0,0.0,12.469978029554953
-1.766429648121906,0.7442769317762288,-0.6948915246948613,-0.04928981713488239,1.0,0.0,0.0,0.0,13.122367377396328
-0.36798500907843096,0.7442769317762288,-0.6995714797341596,1.30276185387799,1.0,0.0,0.0,0.0,12.295460779128113
2.39526416788974,0.7442769317762288,-0.704251434773458,1.3822943051140413,1.0,0.0,0.0,0.0,13.122367377396328
1.8532033783226083,0.7442769317762288,-0.704251434773458,0.5074373415174769,1.0,0.0,0.0,0.0,13.122367377396328
0.0019514683879518658,0.7442769317762288,-0.6995714797341596,1.064164500169836,1.0,0.0,0.0,0.0,12.54646931434116
0.7645825010604822,0.7392883690104738,-0.6995714797341596,0.9050995976977334,1.0,0.0,0.0,0.0,12.831478849227416
-0.5627104466586709,0.7392883690104738,-0.6948915246948613,1.30276185387799,1.0,0.0,0.0,0.0,12.259144108039314
-0.15479152220592204,0.7342998062447259,-0.6995714797341596,1.30276185387799,0.0,0.0,0.0,0.0,12.6897356838327
1.1606776885725718,0.729311243478971,-0.6995714797341596,1.8594890125303492,0.0,0.0,0.0,0.0,12.790244451361485
-0.1146117435757167,0.7342998062447259,-0.6995714797341596,-0.20835471960698504,0.0,0.0,0.0,0.0,12.269990661694345
0.13400063669867865,0.729311243478971,-0.6995714797341596,1.2232294026419388,0.0,0.0,0.0,0.0,12.98264373413455
-0.4043979334620545,0.724322680713216,-0.6995714797341596,-0.28788717084303633,0.0,0.0,0.0,0.0,12.29179611018331
0.49917622893674307,0.7193341179474682,-0.704251434773458,0.8255671464616822,0.0,0.0,0.0,0.0,13.108672077845291
-0.22139159798229102,0.7193341179474682,-0.6995714797341596,-0.446952073315139,0.0,0.0,0.0,0.0,12.259144108039314
-0.32016688711487923,0.7193341179474682,-0.6995714797341596,0.03024263410116893,0.0,0.0,0.0,0.0,12.007017865994577
-0.0923768400368661,0.7143455551817133,-0.6995714797341596,-0.3674196220790877,0.0,0.0,0.0,0.0,12.323860125621126
-0.0006644026166187388,0.7093569924159583,-0.6995714797341596,-0.12882226837093372,0.0,0.0,0.0,0.0,12.461880850543723
-0.8246637690563768,0.7093569924159583,-0.6995714797341596,1.30276185387799,0.0,0.0,0.0,0.0,10.915106645867503
-1.1778063546734159,0.7093569924159583,-0.6995714797341596,1.8594890125303492,0.0,0.0,0.0,0.0,12.141539457711714
2.2848220940767665,0.7043684296502104,-0.6995714797341596,-0.12882226837093372,0.0,0.0,0.0,0.0,13.122367377396328
1.8862679878203814,0.7043684296502104,-0.6995714797341596,0.9846320489337848,0.0,0.0,0.0,0.0,13.122367377396328
4.139945493098188,0.6993798668844555,-0.6995714797341596,1.30276185387799,0.0,0.0,0.0,0.0,13.122367377396328
2.1162553665422337,0.6943913041187005,-0.704251434773458,1.2232294026419388,0.0,0.0,0.0,0.0,13.076949606797566
1.2132566957644417,0.6943913041187005,-0.704251434773458,0.8255671464616822,0.0,0.0,0.0,0.0,12.80216086806413
2.00654573661054,0.6943913041187005,-0.6995714797341596,0.7460346952256308,0.0,0.0,0.0,0.0,12.796358961477692
0.44654490432478133,0.7093569924159583,-0.704251434773458,0.10977508533722025,0.0,0.0,0.0,0.0,13.122367377396328
0.44895150564898634,0.7093569924159583,-0.704251434773458,1.7004241100582467,0.0,0.0,0.0,0.0,12.659378260676938
2.0125099225009615,0.7043684296502104,-0.704251434773458,0.5869697927535281,0.0,0.0,0.0,0.0,13.122367377396328
2.156173558071982,0.7193341179474682,-0.704251434773458,1.8594890125303492,0.0,0.0,0.0,0.0,13.122367377396328
3.590769534398623,0.7193341179474682,-0.7089313898127597,1.3822943051140413,0.0,0.0,0.0,0.0,13.122367377396328
0.6439908477497747,0.7143455551817133,-0.704251434773458,1.6208916588221953,0.0,0.0,0.0,0.0,13.080918272124213
-0.12418583145244531,0.7093569924159583,-0.704251434773458,0.42790489028142553,0.0,0.0,0.0,0.0,12.278397958261774
4.096312764741949,0.724322680713216,-0.704251434773458,1.8594890125303492,0.0,0.0,0.0,0.0,13.122367377396328
3.5578095597410333,0.729311243478971,-0.7089313898127597,1.541359207586144,0.0,0.0,0.0,0.0,13.122367377396328
4.020400188189309,0.729311243478971,-0.7089313898127597,1.8594890125303492,0.0,0.0,0.0,0.0,13.122367377396328
5.819700899973191,0.724322680713216,-0.7089313898127597,1.8594890125303492,0.0,0.0,0.0,0.0,13.122367377396328
3.324997040334244,0.724322680713216,-0.7136113448520581,1.8594890125303492,0.0,0.0,0.0,0.0,13.122367377396328
2.752435194853818,0.7193341179474682,-0.7136113448520581,1.8594890125303492,0.0,0.0,0.0,0.0,13.122367377396328
2.2162339563369238,0.7143455551817133,-0.7136113448520581,1.8594890125303492,0.0,0.0,0.0,0.0,13.122367377396328
4.471794888738022,0.7342998062447259,-0.704251434773458,1.2232294026419388,0.0,0.0,0.0,0.0,13.122367377396328
3.094538804831569,0.7342998062447259,-0.704251434773458,1.2232294026419388,0.0,0.0,0.0,0.0,13.122367377396328
2.07094848074307,0.7392883690104738,-0.7089313898127597,1.30276185387799,0.0,0.0,0.0,0.0,13.122367377396328
1.26871316106134,0.7342998062447259,-0.7089313898127597,1.6208916588221953,0.0,0.0,0.0,0.0,13.122367377396328
4.065497804308107,0.7342998062447259,-0.7089313898127597,1.7004241100582467,0.0,0.0,0.0,0.0,13.122367377396328
5.819700899973191,0.7342998062447259,-0.704251434773458,1.4618267563500926,0.0,0.0,0.0,0.0,13.122367377396328
1.0873286656044103,0.7442769317762288,-0.704251434773458,0.8255671464616822,1.0,0.0,0.0,0.0,12.890938127295817
0.8529989410149708,0.7442769317762288,-0.7089313898127597,0.9846320489337848,0.0,0.0,0.0,0.0,12.691583538230217
0.82521839094643,0.7392883690104738,-0.7089313898127597,0.7460346952256308,0.0,0.0,0.0,0.0,12.744613625862527
0.9097633418141537,0.7392883690104738,-0.7089313898127597,0.7460346952256308,0.0,0.0,0.0,0.0,12.79358427261286
-0.30096639394133046,0.7492654945419838,-0.704251434773458,-0.12882226837093372,1.0,0.0,0.0,0.0,12.434008694459976
-0.16174973907808005,0.7442769317762288,-0.704251434773458,-0.04928981713488239,1.0,0.0,0.0,0.0,12.339295865674435
0.12416496172149313,0.7492654945419838,-0.7089313898127597,0.10977508533722025,1.0,0.0,0.0,0.0,12.5421912482017
0.18569024774899526,0.7492654945419838,-0.7089313898127597,1.1436969514058875,1.0,0.0,0.0,0.0,12.515764466616417
-0.10127080145240629,0.7442769317762288,-0.7089313898127597,0.42790489028142553,0.0,0.0,0.0,0.0,12.484086884722583
0.19207297300014767,0.7442769317762288,-0.7089313898127597,-0.12882226837093372,0.0,0.0,0.0,0.0,12.508031074119511
0.62641219459906,0.7492654945419838,-0.7136113448520581,0.9846320489337848,0.0,0.0,0.0,0.0,12.508770169721908
-0.3759895743524171,0.7492654945419838,-0.7136113448520581,1.4618267563500926,0.0,0.0,0.0,0.0,12.323860125621126
0.03669023532865036,0.7442769317762288,-0.7136113448520581,1.064164500169836,0.0,0.0,0.0,0.0,12.457613159362927
0.8978349700333115,0.7442769317762288,-0.7136113448520581,1.064164500169836,0.0,0.0,0.0,0.0,12.561300042277818
-0.41559386136161686,0.7442769317762288,-0.7182912998913565,0.2688399878093229,0.0,0.0,0.0,0.0,12.276535769000125
0.4017611927265315,0.7392883690104738,-0.7136113448520581,0.5869697927535281,0.0,0.0,0.0,0.0,12.666029095483083
1.376748633550108,0.7392883690104738,-0.7136113448520581,1.30276185387799,0.0,0.0,0.0,0.0,12.935554166134988
-0.06606117773088525,0.7342998062447259,-0.7182912998913565,1.8594890125303492,0.0,0.0,0.0,0.0,12.54254845357358
1.4804417601712894,0.7342998062447259,-0.7136113448520581,1.6208916588221953,0.0,0.0,0.0,0.0,12.769683300490902
1.4824821395548544,0.729311243478971,-0.7136113448520581,1.7004241100582467,0.0,0.0,0.0,0.0,12.771957314336067
0.6993949956265813,0.724322680713216,-0.7136113448520581,1.541359207586144,0.0,0.0,0.0,0.0,12.792750362443366
0.09382085806847357,0.724322680713216,-0.7182912998913565,1.6208916588221953,0.0,0.0,0.0,0.0,12.551791287796721
0.1873644051919203,0.724322680713216,-0.7182912998913565,0.42790489028142553,0.0,0.0,0.0,0.0,12.632323557588636
-0.6853424793529433,0.7193341179474682,-0.7182912998913565,-0.7650818782593443,0.0,0.0,0.0,0.0,12.193498926601634
-0.5727030738961307,0.7193341179474682,-0.7229712549306548,-0.6060169757872417,0.0,0.0,0.0,0.0,12.145265819615581
-0.4007357140556555,0.7193341179474682,-0.7182912998913565,-0.20835471960698504,0.0,0.0,0.0,0.0,12.274203145281486
-0.501342112891443,0.7143455551817133,-0.7229712549306548,-0.6855494270232929,0.0,0.0,0.0,0.0,12.248657884620656
0.4963510882518068,0.7193341179474682,-0.7136113448520581,1.30276185387799,0.0,0.0,0.0,0.0,12.768829210343865
-0.35511492373594333,0.7193341179474682,-0.7182912998913565,-0.3674196220790877,0.0,0.0,0.0,0.0,12.438774371606481
-0.5149969595353019,0.7143455551817133,-0.7182912998913565,1.8594890125303492,0.0,0.0,0.0,0.0,12.462267920852137
0.7078181002612988,0.7143455551817133,-0.7136113448520581,1.8594890125303492,0.0,0.0,0.0,0.0,13.004707583652351
0.03778890115057003,0.7093569924159583,-0.7182912998913565,1.8594890125303492,0.0,0.0,0.0,0.0,12.945867219975694
-0.0453957967947771,0.7093569924159583,-0.7136113448520581,1.8594890125303492,0.0,0.0,0.0,0.0,12.807107278406626
0.22069060179015043,0.7093569924159583,-0.7136113448520581,1.8594890125303492,0.0,0.0,0.0,0.0,12.773659437577876
-0.01756292930614532,0.7093569924159583,-0.7089313898127597,0.5869697927535281,0.0,0.0,0.0,0.0,12.675141462975478
-0.24823043448918594,0.7093569924159583,-0.7089313898127597,1.8594890125303492,0.0,0.0,0.0,0.0,12.228328144428588
1.121491940924103,0.7093569924159583,-0.7089313898127597,1.6208916588221953,0.0,0.0,0.0,0.0,13.122365377402328
0.8058086280925159,0.7043684296502104,-0.7089313898127597,0.7460346952256308,0.0,0.0,0.0,0.0,12.983333467028356
0.2187548572467685,0.6993798668844555,-0.7089313898127597,0.6665022439895795,0.0,0.0,0.0,0.0,12.779030460041641
-0.15107698537943176,0.7093569924159583,-0.7136113448520581,0.8255671464616822,0.0,0.0,0.0,0.0,12.64207019177495
-0.2199267102197314,0.7093569924159583,-0.7182912998913565,0.8255671464616822,0.0,0.0,0.0,0.0,12.807381362897626
-0.07992529405510973,0.7043684296502104,-0.7136113448520581,1.541359207586144,0.0,0.0,0.0,0.0,12.48219187523
-0.12329643531089127,0.6993798668844555,-0.7136113448520581,0.8255671464616822,0.0,0.0,0.0,0.0,12.538612159123673
0.570955729302162,0.6993798668844555,-0.7136113448520581,-0.20835471960698504,0.0,0.0,0.0,0.0,12.851606594064263
2.1877732798071956,0.6993798668844555,-0.7182912998913565,-0.28788717084303633,0.0,0.0,0.0,0.0,13.075902598110167
-0.401939014717758,0.7143455551817133,-0.7182912998913565,-0.12882226837093372,0.0,0.0,0.0,0.0,12.35017731849889
-0.559832988553643,0.7093569924159583,-0.7229712549306548,-0.12882226837093372,0.0,0.0,0.0,0.0,12.169413847867123
0.2900111834112731,0.7093569924159583,-0.7229712549306548,1.8594890125303492,0.0,0.0,0.0,0.0,12.327409359385856
-0.3954516546264228,0.7043684296502104,-0.7229712549306548,1.8594890125303492,0.0,0.0,0.0,0.0,12.319405795112926
-0.3950854326857828,0.7093569924159583,-0.7182912998913565,0.5869697927535281,0.0,0.0,0.0,0.0,12.342790829935483
-0.3930450533022178,0.7093569924159583,-0.7276512099699566,1.2232294026419388,0.0,0.0,0.0,0.0,12.233692676364548
-0.5901247747865713,0.7143455551817133,-0.7229712549306548,-0.04928981713488239,0.0,0.0,0.0,0.0,12.295917919903431
-0.536917958553604,0.7143455551817133,-0.7229712549306548,0.7460346952256308,0.0,0.0,0.0,0.0,12.296831574998258
-0.6135106615674332,0.7143455551817133,-0.7276512099699566,-0.3674196220790877,0.0,0.0,0.0,0.0,12.04355959836804
-0.800388486133961,0.7143455551817133,-0.7276512099699566,0.10977508533722025,0.0,0.0,0.0,0.0,12.16369214550422
-0.4895706933708751,0.7143455551817133,-0.7276512099699566,-0.3674196220790877,0.0,0.0,0.0,0.0,12.291337080838684
-0.11053098480858646,0.7143455551817133,-0.732331165009255,1.8594890125303492,0.0,0.0,0.0,0.0,12.303203893455684
-0.28950887894131094,0.729311243478971,-0.7182912998913565,1.2232294026419388,0.0,0.0,0.0,0.0,12.330946040628971
-0.33774554026559395,0.724322680713216,-0.7229712549306548,-0.28788717084303633,0.0,0.0,0.0,0.0,12.14632794896594
-0.4543610696493541,0.7193341179474682,-0.7229712549306548,1.064164500169836,0.0,0.0,0.0,0.0,12.16369214550422
-0.6807908638049903,0.7193341179474682,-0.7276512099699566,0.9050995976977334,0.0,0.0,0.0,0.0,12.33885813503812
-0.6387799754715856,0.7342998062447259,-0.7182912998913565,0.9846320489337848,0.0,0.0,0.0,0.0,12.117793192144138
-0.8004931209741438,0.7392883690104738,-0.7229712549306548,0.5869697927535281,0.0,0.0,0.0,0.0,12.146858590895919
-0.034670725676037295,0.7342998062447259,-0.7182912998913565,0.03024263410116893,0.0,0.0,0.0,0.0,12.365641477767022
-0.2595833146490226,0.729311243478971,-0.7182912998913565,-0.6855494270232929,0.0,0.0,0.0,0.0,12.167856627501678
-0.8037368010198115,0.7342998062447259,-0.7182912998913565,0.42790489028142553,0.0,0.0,0.0,0.0,12.259144108039314
-0.22955311551655153,0.7492654945419838,-0.7182912998913565,0.42790489028142553,0.0,0.0,0.0,0.0,12.467671232325932
-0.14019496200041784,0.7492654945419838,-0.7229712549306548,0.3483724390453742,0.0,0.0,0.0,0.0,12.264346270624157
-0.180479375470806,0.7442769317762288,-0.7182912998913565,0.5869697927535281,0.0,0.0,0.0,0.0,12.269990661694345
-0.10812438348438148,0.7392883690104738,-0.7182912998913565,0.9050995976977334,0.0,0.0,0.0,0.0,12.256770512686108
0.023872467406254025,0.7442769317762288,-0.7276512099699566,0.7460346952256308,0.0,0.0,0.0,0.0,12.231745265561225
-0.4747648634850053,0.7442769317762288,-0.7276512099699566,1.1436969514058875,0.0,0.0,0.0,0.0,12.261512082776054
-0.45190215090505753,0.7392883690104738,-0.7229712549306548,0.9050995976977334,0.0,0.0,0.0,0.0,12.319405795112926
-0.6205735132797737,0.7392883690104738,-0.7276512099699566,0.42790489028142553,0.0,0.0,0.0,0.0,12.369894975232734
-0.43976450944384987,0.7392883690104738,-0.7276512099699566,0.3483724390453742,0.0,0.0,0.0,0.0,12.235636302128867
-0.37436773432958337,0.7392883690104738,-0.7276512099699566,1.064164500169836,0.0,0.0,0.0,0.0,12.293630123379582
0.5225097982975133,0.7342998062447259,-0.7229712549306548,1.064164500169836,0.0,0.0,0.0,0.0,12.33403040930302
-0.6975324382342426,0.7342998062447259,-0.7276512099699566,0.6665022439895795,0.0,0.0,0.0,0.0,12.245778817752209
-0.6214629094213278,0.7342998062447259,-0.7276512099699566,-0.3674196220790877,0.0,0.0,0.0,0.0,12.22881702007325
0.007497114917641752,0.7342998062447259,-0.7229712549306548,1.3822943051140413,0.0,0.0,0.0,0.0,12.381289859469133
-0.2509509403339396,0.729311243478971,-0.7276512099699566,1.064164500169836,0.0,0.0,0.0,0.0,12.4016435409078
-0.2794639342837598,0.729311243478971,-0.7276512099699566,0.10977508533722025,0.0,0.0,0.0,0.0,12.211065162153215
0.7301576386403321,0.729311243478971,-0.732331165009255,1.3822943051140413,0.0,0.0,0.0,0.0,12.406565597924235
-0.6163881196724607,0.724322680713216,-0.7229712549306548,-0.28788717084303633,0.0,0.0,0.0,0.0,12.245298166364206
0.7465329911289449,0.724322680713216,-0.7276512099699566,1.8594890125303492,0.0,0.0,0.0,0.0,12.411870628505058
-0.37562335241177713,0.724322680713216,-0.7276512099699566,1.6208916588221953,0.0,0.0,0.0,0.0,12.49949197838354
-0.6302522359966851,0.7193341179474682,-0.7276512099699566,0.42790489028142553,0.0,0.0,0.0,0.0,12.333150131430498
-0.4584418284164843,0.724322680713216,-0.7276512099699566,0.5074373415174769,0.0,0.0,0.0,0.0,12.444699706243501
-0.6788551192616081,0.7193341179474682,-0.7276512099699566,0.5074373415174769,0.0,0.0,0.0,0.0,12.314931534737134
-0.33580979572221176,0.724322680713216,-0.7276512099699566,0.5869697927535281,0.0,0.0,0.0,0.0,12.366919427768636
-0.4139720213387831,0.7193341179474682,-0.732331165009255,0.2688399878093229,0.0,0.0,0.0,0.0,12.303657509006147
-0.4274699157223676,0.724322680713216,-0.732331165009255,1.30276185387799,0.0,0.0,0.0,0.0,12.26670197321789
-0.9685366743077631,0.724322680713216,-0.732331165009255,1.1436969514058875,0.0,0.0,0.0,0.0,12.281184756225146
-0.863326342503931,0.724322680713216,-0.7370111200485534,-0.446952073315139,0.0,0.0,0.0,0.0,12.263402433573614
-1.4066950675733487,0.7193341179474682,-0.7370111200485534,-0.9241467807314468,0.0,0.0,0.0,0.0,12.12215284831553
-0.7899250021156784,0.7193341179474682,-0.732331165009255,-0.6855494270232929,0.0,0.0,0.0,0.0,12.166296978418426
-0.7410082143302069,0.724322680713216,-0.7370111200485534,-0.9241467807314468,0.0,0.0,0.0,0.0,12.109567251742098
-0.8041030229604512,0.729311243478971,-0.732331165009255,-0.7650818782593443,0.0,0.0,0.0,0.0,12.217511966297351
-0.8129446669559002,0.729311243478971,-0.7370111200485534,-0.8446143294953956,0.0,0.0,0.0,0.0,12.166817131771358
0.16424010551151566,0.7143455551817133,-0.732331165009255,1.064164500169836,0.0,0.0,0.0,0.0,12.367345048436391
-0.04738385875825082,0.7143455551817133,-0.7370111200485534,0.8255671464616822,0.0,0.0,0.0,0.0,12.411870628505058
-0.3080292456536713,0.7093569924159583,-0.732331165009255,1.8594890125303492,0.0,0.0,0.0,0.0,12.364788602887499
-0.7541398867731517,0.7093569924159583,-0.732331165009255,1.2232294026419388,0.0,0.0,0.0,0.0,12.30456412327217
-0.1254937669547306,0.7043684296502104,-0.732331165009255,1.064164500169836,0.0,0.0,0.0,0.0,12.447452892827501
-0.3930450533022178,0.7093569924159583,-0.732331165009255,0.9050995976977334,0.0,0.0,0.0,0.0,12.399585512019348
-0.19423885695484766,0.7093569924159583,-0.7370111200485534,-0.04928981713488239,0.0,0.0,0.0,0.0,12.227349675556338
1.0210948117686813,0.7043684296502104,-0.7370111200485534,-0.12882226837093372,0.0,0.0,0.0,0.0,12.615201035620073
-0.24299869248004474,0.7143455551817133,-0.741691075087855,-0.28788717084303633,0.0,0.0,0.0,0.0,12.739933900094027
-0.19219847757128242,0.7093569924159583,-0.741691075087855,0.18930753657327157,0.0,0.0,0.0,0.0,12.630689842582935
-0.015208645402031635,0.7093569924159583,-0.741691075087855,0.3483724390453742,0.0,0.0,0.0,0.0,12.58895466443808
-0.5279193622978811,0.7193341179474682,-0.7370111200485534,0.10977508533722025,0.0,0.0,0.0,0.0,12.198549416880068
-0.2540899855394243,0.7143455551817133,-0.7370111200485534,-0.12882226837093372,0.0,0.0,0.0,0.0,12.376663161948423
0.040195502474775005,0.7193341179474682,-0.741691075087855,0.5074373415174769,0.0,0.0,0.0,0.0,12.500237409855137
-0.0006644026166187388,0.7143455551817133,-0.741691075087855,0.8255671464616822,0.0,0.0,0.0,0.0,12.373284794623576
-0.7032350370242068,0.724322680713216,-0.7370111200485534,0.5074373415174769,0.0,0.0,0.0,0.0,12.19197879213173
-0.35945726960353047,0.724322680713216,-0.7370111200485534,-0.28788717084303633,0.0,0.0,0.0,0.0,12.277001641517879
-0.9261072466136269,0.729311243478971,-0.7370111200485534,0.2688399878093229,0.0,0.0,0.0,0.0,12.277001641517879
-0.551095979398377,0.729311243478971,-0.7370111200485534,-1.0036792319674983,0.0,0.0,0.0,0.0,12.00579687207606
-0.47078873955805783,0.729311243478971,-0.7370111200485534,-1.1627441344396008,0.0,0.0,0.0,0.0,11.984808576881369
-0.6709551888278048,0.7392883690104738,-0.732331165009255,1.30276185387799,0.0,0.0,0.0,0.0,12.202571523749763
-0.323567519420821,0.7392883690104738,-0.732331165009255,0.7460346952256308,0.0,0.0,0.0,0.0,12.123782831670258
-0.7200289288735503,0.7342998062447259,-0.7276512099699566,-0.6060169757872417,0.0,0.0,0.0,0.0,12.112316757188815
-0.669594935905428,0.7342998062447259,-0.732331165009255,0.03024263410116893,0.0,0.0,0.0,0.0,12.082780085278282
-0.29688563517420025,0.729311243478971,-0.732331165009255,0.8255671464616822,0.0,0.0,0.0,0.0,12.136727926437826
-0.7236388308598578,0.7342998062447259,-0.732331165009255,0.5869697927535281,0.0,0.0,0.0,0.0,12.045322738624144
-0.7145879171840432,0.7342998062447259,-0.732331165009255,0.5869697927535281,0.0,0.0,0.0,0.0,12.128116509451258
-0.8508224791020833,0.7342998062447259,-0.732331165009255,0.3483724390453742,0.0,0.0,0.0,0.0,12.224408511383015
-0.44028768364476395,0.7392883690104738,-0.732331165009255,1.30276185387799,0.0,0.0,0.0,0.0,12.118339189722553
-0.8024811829376175,0.7392883690104738,-0.732331165009255,0.18930753657327157,0.0,0.0,0.0,0.0,12.146858590895919
-0.6627936712935443,0.7392883690104738,-0.7370111200485534,0.10977508533722025,0.0,0.0,0.0,0.0,12.097378802727306
-0.6525394569556273,0.7392883690104738,-0.7370111200485534,0.7460346952256308,0.0,0.0,0.0,0.0,12.052927293524847
0.4425687803978339,0.7442769317762288,-0.7463710301271534,-0.6855494270232929,0.0,0.0,0.0,0.0,12.128656901032139
-0.8726388432802027,0.7392883690104738,-0.7370111200485534,0.18930753657327157,0.0,0.0,0.0,0.0,12.131354487250757
-0.48334492037999705,0.7342998062447259,-0.7370111200485534,0.18930753657327157,0.0,0.0,0.0,0.0,12.094028734547074
-0.3276482781879513,0.7342998062447259,-0.7370111200485534,0.5869697927535281,0.0,0.0,0.0,0.0,12.09626335986454
-0.6944980278689407,0.729311243478971,-0.7370111200485534,0.10977508533722025,0.0,0.0,0.0,0.0,12.141539457711714
-0.17817740898678383,0.7392883690104738,-0.741691075087855,-0.5264845245511903,0.0,0.0,0.0,0.0,12.201065128819632
-0.06292213252540056,0.7342998062447259,-0.741691075087855,0.18930753657327157,0.0,0.0,0.0,0.0,12.118884889350285
-0.5039579838960139,0.7342998062447259,-0.741691075087855,-0.20835471960698504,0.0,0.0,0.0,0.0,11.933614104849879
-0.11775078878120161,0.7392883690104738,-0.7463710301271534,-0.8446143294953956,0.0,0.0,0.0,0.0,12.034696963475044
1.340492661426759,0.7392883690104738,-0.7463710301271534,-0.3674196220790877,0.0,0.0,0.0,0.0,12.515764466616417
1.1079940465405187,0.729311243478971,-0.741691075087855,-0.446952073315139,0.0,0.0,0.0,0.0,12.493883459694384
0.7158749829553767,0.729311243478971,-0.7463710301271534,-0.04928981713488239,0.0,0.0,0.0,0.0,12.460718739865236
-0.11183892031087175,0.724322680713216,-0.741691075087855,0.2688399878093229,0.0,0.0,0.0,0.0,12.419573858556635
-0.1532743170232711,0.7193341179474682,-0.7463710301271534,0.5869697927535281,0.0,0.0,0.0,0.0,12.33403040930302
-0.4017820624574839,0.7193341179474682,-0.7463710301271534,0.9050995976977334,0.0,0.0,0.0,0.0,12.303657509006147
0.13666882512334103,0.7143455551817133,-0.7510509851664519,0.7460346952256308,0.0,0.0,0.0,0.0,12.261985005589679
-0.8799109646729092,0.7093569924159583,-0.7463710301271534,0.3483724390453742,0.0,0.0,0.0,0.0,12.222442918443495
-0.29029364024268217,0.7143455551817133,-0.7463710301271534,1.1436969514058875,0.0,0.0,0.0,0.0,12.251528686253542
-0.08651728898662776,0.7143455551817133,-0.7463710301271534,0.9050995976977334,0.0,0.0,0.0,0.0,12.200059603373045
-0.6600731654487909,0.7143455551817133,-0.7463710301271534,0.6665022439895795,0.0,0.0,0.0,0.0,12.4016435409078
-0.1826243896945538,0.729311243478971,-0.7510509851664519,0.5869697927535281,0.0,0.0,0.0,0.0,12.272333120753473
0.25548168615094047,0.7193341179474682,-0.7463710301271534,1.064164500169836,0.0,0.0,0.0,0.0,12.261512082776054
0.1138061125433933,0.724322680713216,-0.7463710301271534,0.5074373415174769,0.0,0.0,0.0,0.0,12.41674272554783
1.8747581554002704,0.8191053732625105,-0.7884906254808456,0.18930753657327157,0.0,0.0,0.0,0.0,13.122367377396328
1.5395081274544948,0.8091282477310077,-0.7884906254808456,0.03024263410116893,0.0,0.0,0.0,0.0,12.846085364109054
2.3391798935517456,0.8091282477310077,-0.7791307154022488,0.3483724390453742,0.0,0.0,0.0,0.0,13.122367377396328
1.7635836377060177,0.7991511221995049,-0.7838106704415472,0.10977508533722025,0.0,0.0,0.0,0.0,12.998841154071691
1.2103792376594142,0.7941625594337499,-0.7884906254808456,0.5074373415174769,0.0,0.0,0.0,0.0,12.551083325671442
3.4567323041244227,0.789173996668002,-0.7884906254808456,0.10977508533722025,0.0,0.0,0.0,0.0,13.119561455685307
1.5353227338471818,0.7841854339022472,-0.7884906254808456,0.5074373415174769,0.0,0.0,0.0,0.0,12.901719200051183
0.6329518721104866,0.7791968711364922,-0.7884906254808456,0.5074373415174769,0.0,0.0,0.0,0.0,12.600480176681053
2.7612245214291753,0.7841854339022472,-0.7838106704415472,0.6665022439895795,0.0,0.0,0.0,0.0,13.025414054939377
3.624095730996854,0.789173996668002,-0.7791307154022488,-0.8446143294953956,0.0,0.0,0.0,0.0,13.122367377396328
-0.9162192542163499,0.7592426200734865,-0.7557309402057503,0.18930753657327157,0.0,0.0,0.0,0.0,12.834683971615659
1.2324048715178995,0.7692197456049893,-0.7604108952450519,-1.4808739393838062,0.0,0.0,0.0,0.0,12.90842978392491
0.7216822165855235,0.7542540573077315,-0.7557309402057503,-0.28788717084303633,0.0,0.0,0.0,0.0,12.14844882928968
0.017175837634553173,0.7542540573077315,-0.7604108952450519,0.42790489028142553,0.0,0.0,0.0,0.0,11.951831796597101
-0.04063491156645844,0.7492654945419838,-0.7604108952450519,0.7460346952256308,0.0,0.0,0.0,0.0,12.049424683420915
-0.33418795569937804,0.7492654945419838,-0.7604108952450519,0.5869697927535281,0.0,0.0,0.0,0.0,12.082780085278282
-0.20412684935212472,0.7442769317762288,-0.7604108952450519,0.2688399878093229,0.0,0.0,0.0,0.0,11.97098934828825
-0.6520162827547132,0.7492654945419838,-0.7650908502843503,1.064164500169836,0.0,0.0,0.0,0.0,11.876185678347824
-0.5051612845581164,0.7442769317762288,-0.7650908502843503,0.5074373415174769,0.0,0.0,0.0,0.0,11.924379271639218
-0.6693333488049709,0.7442769317762288,-0.7604108952450519,0.42790489028142553,0.0,0.0,0.0,0.0,11.919729676079623
-0.4939653566585538,0.7442769317762288,-0.7557309402057503,-1.1627441344396008,0.0,0.0,0.0,0.0,11.8789634386217
-0.5798705604486544,0.7442769317762288,-0.7604108952450519,0.3483724390453742,0.0,0.0,0.0,0.0,12.080515091473
-0.35218514821082403,0.7442769317762288,-0.7604108952450519,0.5869697927535281,0.0,0.0,0.0,0.0,11.902267966193309
-0.1723178579365455,0.7392883690104738,-0.7604108952450519,0.5869697927535281,0.0,0.0,0.0,0.0,11.922389234432126
-0.9434766300839761,0.7392883690104738,-0.7604108952450519,1.064164500169836,0.0,0.0,0.0,0.0,11.644839300053654
0.2391063336623282,0.7392883690104738,-0.7604108952450519,0.18930753657327157,0.0,0.0,0.0,0.0,11.915058360753719
-0.4348989893753484,0.7392883690104738,-0.7650908502843503,0.5869697927535281,0.0,0.0,0.0,0.0,11.986678307125475
0.14101117099092841,0.7392883690104738,-0.7650908502843503,0.5074373415174769,0.0,0.0,0.0,0.0,11.998439434579149
-0.09640528138390482,0.7392883690104738,-0.7697708053236487,0.42790489028142553,0.0,0.0,0.0,0.0,12.058737851357439
-0.0987595652880185,0.7342998062447259,-0.7697708053236487,0.5869697927535281,0.0,0.0,0.0,0.0,12.073689165230697
-0.23316301750285898,0.7342998062447259,-0.7697708053236487,0.5074373415174769,0.0,0.0,0.0,0.0,11.998439434579149
-0.6048259698322583,0.7342998062447259,-0.7697708053236487,0.18930753657327157,0.0,0.0,0.0,0.0,12.15636230813118
0.10015126589953467,0.7442769317762288,-0.7744507603629505,0.5869697927535281,0.0,0.0,0.0,0.0,12.01854355302823
-0.14281083300498845,0.7442769317762288,-0.7744507603629505,0.8255671464616822,0.0,0.0,0.0,0.0,11.969090024509446
-0.15725044095021853,0.7392883690104738,-0.7697708053236487,0.5074373415174769,0.0,0.0,0.0,0.0,12.088982494773598
-0.134283093530088,0.7442769317762288,-0.7697708053236487,0.7460346952256308,0.0,0.0,0.0,0.0,12.047668766996187
-0.7200289288735503,0.7442769317762288,-0.7697708053236487,0.6665022439895795,0.0,0.0,0.0,0.0,11.995357787034976
-0.5551244207454159,0.7442769317762288,-0.7697708053236487,0.5869697927535281,0.0,0.0,0.0,0.0,12.007017865994577
-1.514364318121477,0.7442769317762288,-0.7650908502843503,0.2688399878093229,0.0,0.0,0.0,0.0,12.021554678392043
0.35744833790910463,0.7492654945419838,-0.7697708053236487,0.5074373415174769,0.0,0.0,0.0,0.0,12.013100572810686
-0.4282546770237388,0.7492654945419838,-0.7697708053236487,0.9846320489337848,0.0,0.0,0.0,0.0,12.003350402638521
-0.3276482781879513,0.7492654945419838,-0.7697708053236487,0.8255671464616822,0.0,0.0,0.0,0.0,11.940158587995837
-0.2720871780508705,0.7542540573077315,-0.7744507603629505,0.9050995976977334,0.0,0.0,0.0,0.0,12.03884263630228
0.18014460121930537,0.7542540573077315,-0.7744507603629505,0.9050995976977334,0.0,0.0,0.0,0.0,12.08954444723597
0.8171091908322613,0.7542540573077315,-0.7744507603629505,1.064164500169836,0.0,0.0,0.0,0.0,12.138334343884129
-0.4802581925946036,0.7542540573077315,-0.7744507603629505,1.7004241100582467,0.0,0.0,0.0,0.0,12.058737851357439
0.4448707468818563,0.7542540573077315,-0.7744507603629505,0.7460346952256308,0.0,0.0,0.0,0.0,12.087294740154986
0.025128085488448037,0.7542540573077315,-0.7650908502843503,0.42790489028142553,0.0,0.0,0.0,0.0,12.300477870531845
0.12008420295436312,0.7492654945419838,-0.7650908502843503,0.6665022439895795,0.0,0.0,0.0,0.0,12.027549864243364
0.6888791941882071,0.7592426200734865,-0.7697708053236487,1.064164500169836,0.0,0.0,0.0,0.0,12.481432864791325
-0.33502503442084053,0.7642311828392344,-0.7697708053236487,0.5869697927535281,0.0,0.0,0.0,0.0,12.19905306582726
-0.07505977398660826,0.7592426200734865,-0.7697708053236487,0.7460346952256308,0.0,0.0,0.0,0.0,12.113962839063479
0.2609226978404473,0.7542540573077315,-0.7697708053236487,0.7460346952256308,0.0,0.0,0.0,0.0,12.134582014379962
-0.0486394768404446,0.7542540573077315,-0.7697708053236487,1.4618267563500926,0.0,0.0,0.0,0.0,12.02035131605286
0.3513271997584091,0.7542540573077315,-0.7697708053236487,1.30276185387799,0.0,0.0,0.0,0.0,12.144202560946876
-0.4584418284164843,0.7642311828392344,-0.7744507603629505,1.7004241100582467,0.0,0.0,0.0,0.0,12.002737848944351
-0.9739253685771787,0.7592426200734865,-0.7744507603629505,0.9846320489337848,0.0,0.0,0.0,0.0,11.83138646878959
-0.5468059509508811,0.7592426200734865,-0.7744507603629505,0.9846320489337848,0.0,0.0,0.0,0.0,11.953120448266079
0.6917566522932351,0.7642311828392344,-0.7650908502843503,0.10977508533722025,0.0,0.0,0.0,0.0,12.539687231525832
-0.23284911298231054,0.7692197456049893,-0.7697708053236487,1.8594890125303492,0.0,0.0,0.0,0.0,12.40410759774362
-0.5851546198778871,0.7692197456049893,-0.7744507603629505,1.3822943051140413,0.0,0.0,0.0,0.0,12.374975404956045
-0.6546321537592839,0.7642311828392344,-0.7744507603629505,1.1436969514058875,0.0,0.0,0.0,0.0,12.003350402638521
-0.9979390643991373,0.7642311828392344,-0.7744507603629505,-0.04928981713488239,0.0,0.0,0.0,0.0,12.017336559562407
-0.8151419985997396,0.7642311828392344,-0.7744507603629505,-0.28788717084303633,0.0,0.0,0.0,0.0,12.112316757188815
-0.1196865333245838,0.7642311828392344,-0.7697708053236487,1.4618267563500926,0.0,0.0,0.0,0.0,12.19147156669466
2.5067525901045418,0.7742083083707443,-0.7744507603629505,-0.446952073315139,0.0,0.0,0.0,0.0,12.714999467712902
-0.025515177160039947,0.7692197456049893,-0.7791307154022488,0.2688399878093229,0.0,0.0,0.0,0.0,12.38212878217386
1.1885105560612033,0.7742083083707443,-0.7791307154022488,0.42790489028142553,0.0,0.0,0.0,0.0,12.65651430601914
1.1449824625451477,0.7791968711364922,-0.7791307154022488,0.5869697927535281,0.0,0.0,0.0,0.0,12.580394463425135
1.1457672238465189,0.7841854339022472,-0.7791307154022488,0.10977508533722025,0.0,0.0,0.0,0.0,12.828263420989288
0.7476839743709556,0.7791968711364922,-0.7838106704415472,0.5869697927535281,0.0,0.0,0.0,0.0,12.519060557144618
0.34965304231548405,0.7742083083707443,-0.7838106704415472,0.5869697927535281,0.0,0.0,0.0,0.0,12.40779233605911
0.39046062998678654,0.7742083083707443,-0.7838106704415472,0.5869697927535281,0.0,0.0,0.0,0.0,12.3000228100237
0.4912239810828482,0.7692197456049893,-0.7791307154022488,0.5869697927535281,0.0,0.0,0.0,0.0,12.356219606876625
0.4047956030918338,0.7692197456049893,-0.7791307154022488,0.8255671464616822,0.0,0.0,0.0,0.0,12.320744178813118
-0.3092325463157738,0.7692197456049893,-0.7791307154022488,0.8255671464616822,0.0,0.0,0.0,0.0,12.18689492294037
-0.5505204877773716,0.7692197456049893,-0.7791307154022488,0.5869697927535281,0.0,0.0,0.0,0.0,12.031129798974042
-0.6634214803346412,0.7642311828392344,-0.7791307154022488,0.03024263410116893,0.0,0.0,0.0,0.0,11.998439434579149
-0.6841391786908408,0.7642311828392344,-0.7791307154022488,-0.28788717084303633,0.0,0.0,0.0,0.0,12.086731521684555
-0.671373728188536,0.7692197456049893,-0.7791307154022488,-0.5264845245511903,0.0,0.0,0.0,0.0,12.165255859329688
0.2173422869042999,0.7742083083707443,-0.7884906254808456,0.7460346952256308,0.0,0.0,0.0,0.0,12.03706802344148
0.12123518619637386,0.7742083083707443,-0.7884906254808456,0.5869697927535281,0.0,0.0,0.0,0.0,12.107362191339584
0.09277450966664541,0.7692197456049893,-0.7838106704415472,0.6665022439895795,0.0,0.0,0.0,0.0,12.051761119434515
-0.39723044690953085,0.7692197456049893,-0.7838106704415472,0.6665022439895795,0.0,0.0,0.0,0.0,12.011279642540796
0.1416912974521166,0.7692197456049893,-0.7884906254808456,0.6665022439895795,0.0,0.0,0.0,0.0,12.088420226343088
-0.028706539785616148,0.7642311828392344,-0.7884906254808456,0.5869697927535281,0.0,0.0,0.0,0.0,12.092349482427034
-0.3407276332108045,0.7642311828392344,-0.7838106704415472,0.6665022439895795,0.0,0.0,0.0,0.0,11.944714374881176
-0.29029364024268217,0.7642311828392344,-0.7838106704415472,1.064164500169836,0.0,0.0,0.0,0.0,11.910365121788654
-0.47340461056262845,0.7592426200734865,-0.7838106704415472,0.6665022439895795,0.0,0.0,0.0,0.0,11.984808576881369
-0.43275397515160036,0.7642311828392344,-0.7791307154022488,0.42790489028142553,0.0,0.0,0.0,0.0,11.971621655408228
0.08456067471229317,0.7592426200734865,-0.7744507603629505,0.42790489028142553,0.0,0.0,0.0,0.0,12.059895922372384
-0.144537307868005,0.7592426200734865,-0.7791307154022488,0.5869697927535281,0.0,0.0,0.0,0.0,11.944714374881176
0.23230506905044404,0.7542540573077315,-0.7791307154022488,0.6665022439895795,0.0,0.0,0.0,0.0,11.977922833779727
-0.34894146816515653,0.7492654945419838,-0.7744507603629505,0.2688399878093229,0.0,0.0,0.0,0.0,12.030534032473051
0.048409337429126786,0.7492654945419838,-0.7744507603629505,0.9846320489337848,0.0,0.0,0.0,0.0,12.04238244212355
0.04443321350217936,0.7542540573077315,-0.7791307154022488,0.8255671464616822,0.0,0.0,0.0,0.0,12.077107952499174
-0.37714055759442805,0.7492654945419838,-0.7791307154022488,0.5869697927535281,0.0,0.0,0.0,0.0,12.047668766996187
0.16936721268047428,0.7442769317762288,-0.7791307154022488,0.7460346952256308,0.0,0.0,0.0,0.0,12.002737848944351
-0.7405896749694757,0.7492654945419838,-0.7791307154022488,0.2688399878093229,0.0,0.0,0.0,0.0,11.955050317440996
-0.6158649454715466,0.7492654945419838,-0.7838106704415472,0.10977508533722025,0.0,0.0,0.0,0.0,11.898874704662955
0.5318746164938764,0.7492654945419838,-0.7791307154022488,0.5869697927535281,0.0,0.0,0.0,0.0,11.958898918415885
0.052856318136897,0.7442769317762288,-0.7791307154022488,0.5869697927535281,0.0,0.0,0.0,0.0,12.023957067521133
0.3960585939365677,0.7442769317762288,-0.7791307154022488,0.5074373415174769,0.0,0.0,0.0,0.0,11.990407312509369
-0.17169004889544862,0.7442769317762288,-0.7791307154022488,0.5869697927535281,0.0,0.0,0.0,0.0,12.003350402638521
-0.0987595652880185,0.7392883690104738,-0.7744507603629505,0.8255671464616822,0.0,0.0,0.0,0.0,12.040614105490253
0.1374012690046205,0.7392883690104738,-0.7791307154022488,0.8255671464616822,0.0,0.0,0.0,0.0,12.019749091416921
-0.07516440882679107,0.7392883690104738,-0.7791307154022488,0.5074373415174769,0.0,0.0,0.0,0.0,12.009455390434104
-0.24482980218324413,0.7342998062447259,-0.7744507603629505,0.42790489028142553,0.0,0.0,0.0,0.0,11.96209480994468
-0.37436773432958337,0.7392883690104738,-0.7744507603629505,0.6665022439895795,0.0,0.0,0.0,0.0,12.056417678159836
-0.18283365937491944,0.7342998062447259,-0.7744507603629505,0.3483724390453742,0.0,0.0,0.0,0.0,11.931642378754141
-0.12376729209171405,0.729311243478971,-0.7791307154022488,0.3483724390453742,0.0,0.0,0.0,0.0,12.023357011097826
-0.2522065584161334,0.729311243478971,-0.7744507603629505,0.5869697927535281,0.0,0.0,0.0,0.0,11.899554278732099
-0.26900045026547714,0.7392883690104738,-0.7838106704415472,0.5869697927535281,0.0,0.0,0.0,0.0,12.04179334395687
-0.23609279302797825,0.7392883690104738,-0.7838106704415472,0.5869697927535281,0.0,0.0,0.0,0.0,12.002737848944351
0.3263194729547138,0.7392883690104738,-0.7884906254808456,0.5869697927535281,0.0,0.0,0.0,0.0,12.023357011097826
0.15424747827405577,0.7342998062447259,-0.7838106704415472,0.7460346952256308,0.0,0.0,0.0,0.0,11.983560145061489
0.08340969147028243,0.7342998062447259,-0.7838106704415472,0.5869697927535281,0.0,0.0,0.0,0.0,11.998439434579149
-0.46780664661284727,0.7342998062447259,-0.7791307154022488,-0.6855494270232929,0.0,0.0,0.0,0.0,11.86710429621008
0.49917622893674307,0.7442769317762288,-0.7884906254808456,0.2688399878093229,0.0,0.0,0.0,0.0,11.986678307125475
0.06975484482642334,0.7442769317762288,-0.7838106704415472,0.5074373415174769,0.0,0.0,0.0,0.0,12.013706813470414
0.2577836526349624,0.7442769317762288,-0.7838106704415472,0.42790489028142553,0.0,0.0,0.0,0.0,12.016128107502665
-0.5815447178915796,0.7392883690104738,-0.7838106704415472,-0.6855494270232929,0.0,0.0,0.0,0.0,12.001511614739405
-0.16635367204612436,0.7392883690104738,-0.7884906254808456,0.2688399878093229,0.0,0.0,0.0,0.0,12.048254415120404
0.10899290989498335,0.7392883690104738,-0.7931705805201473,0.5869697927535281,0.0,0.0,0.0,0.0,12.11943029135234
0.3423286035026861,0.7392883690104738,-0.7978505355594456,0.5869697927535281,0.0,0.0,0.0,0.0,12.11943029135234
-0.011546425995632648,0.7392883690104738,-0.7931705805201473,0.3483724390453742,0.0,0.0,0.0,0.0,12.074830060158243
-0.7239004179603149,0.7442769317762288,-0.7931705805201473,-0.6060169757872417,0.0,0.0,0.0,0.0,12.051761119434515
0.7010168356494151,0.7642311828392344,-0.7884906254808456,0.5074373415174769,0.0,0.0,0.0,0.0,12.05467400868968
0.3917162480689803,0.7642311828392344,-0.7931705805201473,0.18930753657327157,0.0,0.0,0.0,0.0,12.066241450757124
-0.1379976303565785,0.7592426200734865,-0.7884906254808456,0.3483724390453742,0.0,0.0,0.0,0.0,12.048254415120404
-1.0102336581206193,0.7592426200734865,-0.7931705805201473,0.42790489028142553,0.0,0.0,0.0,0.0,11.91170829631447
-0.35490565405557745,0.7642311828392344,-0.7978505355594456,0.5869697927535281,0.0,0.0,0.0,0.0,11.994122464057146
-0.10420057697752558,0.7592426200734865,-0.7978505355594456,0.18930753657327157,0.0,0.0,0.0,0.0,11.860062063178267
-0.3792855718181761,0.7592426200734865,-0.7978505355594456,0.5074373415174769,0.0,0.0,0.0,0.0,11.918397239722838
-0.33439722537974365,0.7592426200734865,-0.802530490598744,0.3483724390453742,0.0,0.0,0.0,0.0,11.949249500664376
-0.0006644026166187388,0.7692197456049893,-0.7978505355594456,-0.5264845245511903,0.0,0.0,0.0,0.0,12.011886987792716
-0.041524307708012485,0.7742083083707443,-0.802530490598744,0.5074373415174769,0.0,0.0,0.0,0.0,12.012493964400264
-0.4584418284164843,0.7692197456049893,-0.802530490598744,0.10977508533722025,0.0,0.0,0.0,0.0,11.972253562968545
-0.1062932737811821,0.7692197456049893,-0.802530490598744,0.5074373415174769,0.0,0.0,0.0,0.0,12.025755079404917
0.15194551179003338,0.7642311828392344,-0.7978505355594456,0.5074373415174769,0.0,0.0,0.0,0.0,11.930984271840668
-0.20172024802791974,0.7642311828392344,-0.802530490598744,0.42790489028142553,0.0,0.0,0.0,0.0,11.941462360646149
0.2661021224294972,0.7642311828392344,-0.7978505355594456,0.5869697927535281,0.0,0.0,0.0,0.0,11.878269721588795
0.13337282765758177,0.7742083083707443,-0.7978505355594456,0.5074373415174769,0.0,0.0,0.0,0.0,12.174587138384211
0.7310470347818864,0.7692197456049893,-0.7978505355594456,0.5074373415174769,0.0,0.0,0.0,0.0,12.097936057925594
0.25004067446143313,0.7692197456049893,-0.7931705805201473,0.6665022439895795,0.0,0.0,0.0,0.0,12.099605962739451
-0.20412684935212472,0.7692197456049893,-0.7931705805201473,0.10977508533722025,0.0,0.0,0.0,0.0,12.085039960478051
0.17203540110513618,0.7642311828392344,-0.7931705805201473,0.6665022439895795,0.0,0.0,0.0,0.0,12.010063844310778
-0.20773675133843217,0.7692197456049893,-0.7931705805201473,0.42790489028142553,0.0,0.0,0.0,0.0,12.037659911047468
0.29063899245236996,0.7791968711364922,-0.7884906254808456,0.5869697927535281,0.0,0.0,0.0,0.0,12.106810165667413
0.3882632983429472,0.7742083083707443,-0.7884906254808456,0.5869697927535281,0.0,0.0,0.0,0.0,12.099605962739451
0.18464389934716666,0.7742083083707443,-0.7884906254808456,0.5869697927535281,0.0,0.0,0.0,0.0,12.097936057925594
0.42692587179050157,0.7791968711364922,-0.7884906254808456,0.6665022439895795,0.0,0.0,0.0,0.0,12.10625783509458
0.7456959124074819,0.7742083083707443,-0.7931705805201473,0.3483724390453742,0.0,0.0,0.0,0.0,12.166296978418426
-0.20313281837038785,0.7742083083707443,-0.7931705805201473,-0.446952073315139,0.0,0.0,0.0,0.0,12.164213655182222
-0.2028189138498394,0.7742083083707443,-0.7884906254808456,0.5074373415174769,0.0,0.0,0.0,0.0,12.066241450757124
0.11626503128768956,0.7941625594337499,-0.7931705805201473,0.2688399878093229,0.0,0.0,0.0,0.0,12.329179263520874
1.264056910673204,0.7941625594337499,-0.7978505355594456,-0.12882226837093372,0.0,0.0,0.0,0.0,12.356649805075568
-0.12057592946613785,0.789173996668002,-0.7978505355594456,0.3483724390453742,0.0,0.0,0.0,0.0,12.245778817752209
0.22822431028331405,0.789173996668002,-0.7931705805201473,0.42790489028142553,0.0,0.0,0.0,0.0,12.273735966890268
-0.0898656038724783,0.789173996668002,-0.7931705805201473,0.10977508533722025,0.0,0.0,0.0,0.0,12.265760357995845
0.040823311515871895,0.7841854339022472,-0.7931705805201473,0.5074373415174769,0.0,0.0,0.0,0.0,12.27560337234701
0.678834249530656,0.7841854339022472,-0.7931705805201473,0.5869697927535281,0.0,0.0,0.0,0.0,12.224408511383015
0.5455817805578267,0.7791968711364922,-0.7931705805201473,0.5869697927535281,0.0,0.0,0.0,0.0,12.147919030759663
0.20640794610519492,0.7791968711364922,-0.7931705805201473,0.5074373415174769,0.0,0.0,0.0,0.0,12.071403463011007
0.28017550843408756,0.7791968711364922,-0.7978505355594456,0.18930753657327157,0.0,0.0,0.0,0.0,12.069112524385531
-0.1430724201054456,0.7742083083707443,-0.7978505355594456,0.3483724390453742,0.0,0.0,0.0,0.0,12.12649358035784
0.5106337439367623,0.789173996668002,-0.7978505355594456,0.5869697927535281,0.0,0.0,0.0,0.0,12.077107952499174
0.5463142244391062,0.7841854339022472,-0.7978505355594456,0.5074373415174769,0.0,0.0,0.0,0.0,12.066241450757124
-0.31456892316509805,0.7791968711364922,-0.7978505355594456,0.42790489028142553,0.0,0.0,0.0,0.0,12.15425816271595
0.5919350147588186,0.7841854339022472,-0.7978505355594456,0.5074373415174769,0.0,0.0,0.0,0.0,12.128116509451258
-0.06606117773088525,0.7841854339022472,-0.7931705805201473,0.6665022439895795,0.0,0.0,0.0,0.0,12.069112524385531
0.7084982267224874,0.7791968711364922,-0.802530490598744,0.42790489028142553,0.0,0.0,0.0,0.0,12.23125781971899
0.7307331302613377,0.7791968711364922,-0.802530490598744,0.5074373415174769,0.0,0.0,0.0,0.0,12.14207264603046
0.861945219850602,0.7742083083707443,-0.802530490598744,0.42790489028142553,0.0,0.0,0.0,0.0,12.129736808912964
1.1776808501022809,0.7841854339022472,-0.802530490598744,-0.20835471960698504,0.0,0.0,0.0,0.0,12.57625939252641
1.1000941161067153,0.7841854339022472,-0.8072104456380458,-0.7650818782593443,0.0,0.0,0.0,0.0,12.560949473827492
0.04249746895879716,0.7841854339022472,-0.7978505355594456,-0.3674196220790877,0.0,0.0,0.0,0.0,12.280256686219182
0.09664599875340979,0.789173996668002,-0.802530490598744,-0.12882226837093372,0.0,0.0,0.0,0.0,12.313585343581135
0.9255632026817608,0.789173996668002,-0.8118904006773442,0.3483724390453742,0.0,0.0,0.0,0.0,12.219980481653478
-0.15191406410089428,0.789173996668002,-0.8118904006773442,0.10977508533722025,0.0,0.0,0.0,0.0,12.204576526902637
0.6079964627268826,0.7841854339022472,-0.8165703557166426,0.5074373415174769,0.0,0.0,0.0,0.0,12.210069646866993
0.6599476608776557,0.7841854339022472,-0.8165703557166426,0.42790489028142553,0.0,0.0,0.0,0.0,12.27045959268099
0.26516040886785164,0.7841854339022472,-0.8118904006773442,0.5074373415174769,0.0,0.0,0.0,0.0,12.253914741377207
0.3338531814478774,0.7841854339022472,-0.8118904006773442,0.5074373415174769,0.0,0.0,0.0,0.0,12.237091546357338
0.38355473053471983,0.7791968711364922,-0.8118904006773442,-0.20835471960698504,0.0,0.0,0.0,0.0,12.211065162153215
0.3786368930461268,0.7791968711364922,-0.8165703557166426,0.42790489028142553,0.0,0.0,0.0,0.0,12.222934679005357
0.18464389934716666,0.7791968711364922,-0.8165703557166426,0.3483724390453742,0.0,0.0,0.0,0.0,12.268112735686705
0.05746025110494132,0.7841854339022472,-0.8165703557166426,0.5074373415174769,0.0,0.0,0.0,0.0,12.147919030759663
0.8809364433437854,0.7742083083707443,-0.8118904006773442,0.5869697927535281,0.0,0.0,0.0,0.0,12.231745265561225
0.3239128716305088,0.7742083083707443,-0.8118904006773442,0.42790489028142553,0.0,0.0,0.0,0.0,12.220473454337986
0.39715725975848715,0.7791968711364922,-0.8165703557166426,0.5869697927535281,0.0,0.0,0.0,0.0,12.220473454337986
0.6318008888684754,0.7742083083707443,-0.8165703557166426,0.5869697927535281,0.0,0.0,0.0,0.0,12.197036946273975
-0.34219252097336417,0.7742083083707443,-0.802530490598744,0.42790489028142553,0.0,0.0,0.0,0.0,12.295460779128113
0.1853240258083553,0.7791968711364922,-0.8072104456380458,0.2688399878093229,0.0,0.0,0.0,0.0,12.307730815958307
0.6533033485260463,0.7791968711364922,-0.8118904006773442,0.5869697927535281,0.0,0.0,0.0,0.0,12.262930180777365
0.8095231649190064,0.7742083083707443,-0.8072104456380458,0.5074373415174769,0.0,0.0,0.0,0.0,12.286273802188468
-0.14778098791367275,0.7742083083707443,-0.8118904006773442,0.42790489028142553,0.0,0.0,0.0,0.0,12.254391269970792
-0.07610612238843664,0.7692197456049893,-0.8118904006773442,0.5074373415174769,0.0,0.0,0.0,0.0,12.218006157094704
0.6483331936173621,0.7742083083707443,-0.8072104456380458,0.5074373415174769,0.0,0.0,0.0,0.0,12.272333120753473
0.4759996118362471,0.7742083083707443,-0.8072104456380458,0.42790489028142553,0.0,0.0,0.0,0.0,12.258195345865499
0.19222992526042154,0.7692197456049893,-0.8072104456380458,0.5074373415174769,0.0,0.0,0.0,0.0,12.008237370904832
0.7544852389828393,0.7692197456049893,-0.8118904006773442,0.5869697927535281,0.0,0.0,0.0,0.0,12.050009304398564
-1.766429648121906,0.7642311828392344,-0.8118904006773442,0.5869697927535281,0.0,0.0,0.0,0.0,11.998439434579149
0.8494936738688459,0.7392883690104738,-0.7510509851664519,-0.12882226837093372,0.0,0.0,0.0,0.0,12.53105411543589
0.3538384359227971,0.7392883690104738,-0.7557309402057503,-0.04928981713488239,0.0,0.0,0.0,0.0,12.430019873809519
-0.32126555293679887,0.7392883690104738,-0.7557309402057503,0.3483724390453742,0.0,0.0,0.0,0.0,12.248178615401173
0.541187117270148,0.7342998062447259,-0.7557309402057503,0.3483724390453742,0.0,0.0,0.0,0.0,12.5421912482017
0.667167464850271,0.729311243478971,-0.7557309402057503,-0.9241467807314468,0.0,0.0,0.0,0.0,12.672635988772473
-0.4307659131881266,0.724322680713216,-0.7557309402057503,-0.28788717084303633,0.0,0.0,0.0,0.0,12.490503187481444
0.9076706450104974,0.724322680713216,-0.7510509851664519,-0.6855494270232929,0.0,0.0,0.0,0.0,12.637858308703688
-0.6363210567272891,0.7342998062447259,-0.7604108952450519,0.03024263410116893,0.0,0.0,0.0,0.0,12.15056522099821
-1.328742111637143,0.7342998062447259,-0.7604108952450519,-0.446952073315139,0.0,0.0,0.0,0.0,12.118884889350285
-0.42574344085935106,0.7342998062447259,-0.7557309402057503,0.6665022439895795,0.0,0.0,0.0,0.0,12.151621739551222
0.03857366245194126,0.729311243478971,-0.7557309402057503,0.9050995976977334,0.0,0.0,0.0,0.0,12.255819494787602
-0.7406943098096584,0.729311243478971,-0.7604108952450519,1.1436969514058875,0.0,0.0,0.0,0.0,12.185875040240456
-0.7573835668188195,0.724322680713216,-0.7557309402057503,0.5869697927535281,0.0,0.0,0.0,0.0,12.233692676364548
-1.0388512869106223,0.724322680713216,-0.7557309402057503,0.2688399878093229,0.0,0.0,0.0,0.0,12.32163544049751
-0.4473505353571048,0.7193341179474682,-0.7510509851664519,0.18930753657327157,0.0,0.0,0.0,0.0,12.246259238225438
-0.6754544869556663,0.7193341179474682,-0.7557309402057503,0.7460346952256308,0.0,0.0,0.0,0.0,12.128656901032139
-0.8058818152435594,0.7193341179474682,-0.7557309402057503,0.9050995976977334,0.0,0.0,0.0,0.0,12.15109361980364
-0.8344471266134711,0.7193341179474682,-0.7557309402057503,0.9846320489337848,0.0,0.0,0.0,0.0,12.165255859329688
-0.5084572820238754,0.7193341179474682,-0.7557309402057503,1.1436969514058875,0.0,0.0,0.0,0.0,12.06047445534465
-0.5892353786450173,0.7143455551817133,-0.7557309402057503,1.30276185387799,0.0,0.0,0.0,0.0,12.091228412360461
0.09743076005478102,0.7143455551817133,-0.7510509851664519,1.2232294026419388,0.0,0.0,0.0,0.0,12.211562548398803
-0.5429344618641168,0.7193341179474682,-0.7510509851664519,1.064164500169836,0.0,0.0,0.0,0.0,12.166296978418426
-0.7403280878690187,0.7143455551817133,-0.7510509851664519,1.30276185387799,0.0,0.0,0.0,0.0,12.103491596905931
-0.5505728051974629,0.7093569924159583,-0.7557309402057503,1.1436969514058875,0.0,0.0,0.0,0.0,11.922389234432126
-0.3682465961788879,0.7043684296502104,-0.7510509851664519,0.9846320489337848,0.0,0.0,0.0,0.0,11.860768522363712
-0.9535738921616189,0.7093569924159583,-0.7510509851664519,1.2232294026419388,0.0,0.0,0.0,0.0,12.135655546026104
-0.6255436681884581,0.7093569924159583,-0.7510509851664519,1.064164500169836,0.0,0.0,0.0,0.0,12.15109361980364
-0.0987595652880185,0.7093569924159583,-0.7463710301271534,1.2232294026419388,0.0,0.0,0.0,0.0,11.998439434579149
-0.3593003173432564,0.7043684296502104,-0.7463710301271534,1.30276185387799,0.0,0.0,0.0,0.0,11.959538914341756
-1.2391223710205521,0.7043684296502104,-0.7463710301271534,-0.5264845245511903,0.0,0.0,0.0,0.0,12.111217862017215
-0.6140338357683472,0.7043684296502104,-0.7463710301271534,0.7460346952256308,0.0,0.0,0.0,0.0,11.884495917930655
-1.2970377550617467,0.7043684296502104,-0.7463710301271534,-1.4013414881477548,0.0,0.0,0.0,0.0,11.808583147519697
-0.7636093398096975,0.6993798668844555,-0.7510509851664519,0.18930753657327157,0.0,0.0,0.0,0.0,11.74006900564972
-1.1778063546734159,0.6993798668844555,-0.7463710301271534,0.7460346952256308,0.0,0.0,0.0,0.0,11.772987080375044
-0.885090389261959,0.6993798668844555,-0.7370111200485534,0.5869697927535281,0.0,0.0,0.0,0.0,11.726430716744437
-0.3785008105168049,0.6993798668844555,-0.741691075087855,0.5074373415174769,0.0,0.0,0.0,0.0,11.710143844404854
-0.61377224866789,0.6943913041187005,-0.741691075087855,0.9846320489337848,0.0,0.0,0.0,0.0,11.600945499760169
-0.7183024540105337,0.6993798668844555,-0.7370111200485534,1.2232294026419388,0.0,0.0,0.0,0.0,11.789806920177805
-0.7331082838964036,0.6993798668844555,-0.7370111200485534,1.1436969514058875,0.0,0.0,0.0,0.0,11.867805799560465
-1.560194378121555,0.6943913041187005,-0.7370111200485534,0.3483724390453742,0.0,0.0,0.0,0.0,11.494771677590096
-0.8181240915449501,0.6894027413529527,-0.7370111200485534,0.6665022439895795,0.0,0.0,0.0,0.0,11.662215780913316
-0.7043337028461265,0.6943913041187005,-0.7370111200485534,1.30276185387799,0.0,0.0,0.0,0.0,11.8515453936489
-1.0731715144905896,0.6943913041187005,-0.741691075087855,1.8594890125303492,0.0,0.0,0.0,0.0,11.798111925972618
-1.0295911035544423,0.6894027413529527,-0.741691075087855,1.064164500169836,0.0,0.0,0.0,0.0,11.688566422839942
-0.5927929632112335,0.6894027413529527,-0.741691075087855,0.5074373415174769,0.0,0.0,0.0,0.0,11.814517839013352
-0.7527273164306836,0.6894027413529527,-0.741691075087855,1.4618267563500926,0.0,0.0,0.0,0.0,11.719134432217524
-0.5476430296723439,0.6943913041187005,-0.741691075087855,0.7460346952256308,0.0,0.0,0.0,0.0,11.748005492256807
-0.06606117773088525,0.6943913041187005,-0.741691075087855,0.9846320489337848,0.0,0.0,0.0,0.0,11.720760435616398
-0.2840678672518041,0.6943913041187005,-0.741691075087855,0.9846320489337848,0.0,0.0,0.0,0.0,11.65356528276954
-1.2170444197419756,0.6943913041187005,-0.7463710301271534,0.5869697927535281,0.0,0.0,0.0,0.0,11.767575435251748
-0.43662546423836496,0.6943913041187005,-0.7463710301271534,1.2232294026419388,0.0,0.0,0.0,0.0,11.86147448281689
-0.5347206269097647,0.6894027413529527,-0.7463710301271534,0.42790489028142553,0.0,0.0,0.0,0.0,11.897514169490739
-0.8238790077550057,0.6894027413529527,-0.7463710301271534,0.8255671464616822,0.0,0.0,0.0,0.0,11.788289480716973
-0.6172775158140147,0.6894027413529527,-0.741691075087855,0.03024263410116893,0.0,0.0,0.0,0.0,11.713422508992204
-0.999037730221057,0.6993798668844555,-0.7463710301271534,1.2232294026419388,0.0,0.0,0.0,0.0,11.804855999911272
-0.5892353786450173,0.6993798668844555,-0.7463710301271534,0.8255671464616822,0.0,0.0,0.0,0.0,11.918397239722838
-0.5020222393526315,0.6943913041187005,-0.7510509851664519,0.8255671464616822,0.0,0.0,0.0,0.0,11.889997957243736
-1.1124095795591493,0.6993798668844555,-0.7463710301271534,1.1436969514058875,0.0,0.0,0.0,0.0,11.80560254159177
-0.5543396594440447,0.6993798668844555,-0.7463710301271534,1.30276185387799,0.0,0.0,0.0,0.0,11.643962499267984
-0.2622515030736848,0.6993798668844555,-0.741691075087855,0.8255671464616822,0.0,0.0,0.0,0.0,11.744045122410057
-0.6696995707456108,0.6993798668844555,-0.741691075087855,1.30276185387799,0.0,0.0,0.0,0.0,11.72885102917796
-1.0865124566138997,0.6894027413529527,-0.7510509851664519,-0.12882226837093372,0.0,0.0,0.0,0.0,11.94081068679887
-0.9277814040565522,0.6894027413529527,-0.7463710301271534,1.1436969514058875,0.0,0.0,0.0,0.0,11.940158587995837
-0.6172775158140147,0.6894027413529527,-0.7510509851664519,0.18930753657327157,0.0,0.0,0.0,0.0,11.736077016252437
-0.8565773953121388,0.6943913041187005,-0.7510509851664519,0.6665022439895795,0.0,0.0,0.0,0.0,11.706030338921243
-0.9963172243763034,0.6894027413529527,-0.7510509851664519,1.064164500169836,0.0,0.0,0.0,0.0,11.807093955056784
-0.9416455203807766,0.6943913041187005,-0.7510509851664519,0.9050995976977334,0.0,0.0,0.0,0.0,11.888625282853006
-1.096662036111634,0.6894027413529527,-0.7557309402057503,1.30276185387799,0.0,0.0,0.0,0.0,11.869207331664223
-0.8344471266134711,0.6943913041187005,-0.7557309402057503,0.5869697927535281,0.0,0.0,0.0,0.0,11.923053020292636
-0.9031398991934966,0.6943913041187005,-0.7557309402057503,0.6665022439895795,0.0,0.0,0.0,0.0,11.792078770667635
-0.8017487390563378,0.6894027413529527,-0.7557309402057503,0.9050995976977334,0.0,0.0,0.0,0.0,11.83138646878959
-0.5119625491700001,0.6943913041187005,-0.7557309402057503,0.5074373415174769,0.0,0.0,0.0,0.0,11.86710429621008
-1.0404731269334562,0.6894027413529527,-0.7557309402057503,0.42790489028142553,0.0,0.0,0.0,0.0,11.825551337974238
-0.40758929608763067,0.6943913041187005,-0.7557309402057503,0.3483724390453742,0.0,0.0,0.0,0.0,11.736077016252437
-0.6546321537592839,0.6943913041187005,-0.7557309402057503,1.1436969514058875,0.0,0.0,0.0,0.0,11.804855999911272
-0.8004931209741438,0.6943913041187005,-0.7604108952450519,1.064164500169836,0.0,0.0,0.0,0.0,11.754309639974188
-0.8780798549697095,0.6993798668844555,-0.7510509851664519,0.9846320489337848,0.0,0.0,0.0,0.0,11.855102824953585
-0.8297908762253352,0.6993798668844555,-0.7510509851664519,1.1436969514058875,0.0,0.0,0.0,0.0,11.934270483892945
-0.5834804624349618,0.6993798668844555,-0.7510509851664519,1.064164500169836,0.0,0.0,0.0,0.0,11.695255355062795
-0.8251346258371994,0.6943913041187005,-0.7510509851664519,1.2232294026419388,0.0,0.0,0.0,0.0,11.83138646878959
-0.8206353277093379,0.6993798668844555,-0.7557309402057503,0.9846320489337848,0.0,0.0,0.0,0.0,11.853681370708943
-0.9162192542163499,0.6993798668844555,-0.7557309402057503,0.8255671464616822,0.0,0.0,0.0,0.0,11.876185678347824
-1.0506227064311904,0.6993798668844555,-0.7557309402057503,0.3483724390453742,0.0,0.0,0.0,0.0,11.630717389475995
-0.6655141771382977,0.7043684296502104,-0.7510509851664519,1.30276185387799,0.0,0.0,0.0,0.0,11.884495917930655
-0.793796491202443,0.7043684296502104,-0.7510509851664519,0.9050995976977334,0.0,0.0,0.0,0.0,11.87340018062404
-0.9061743095587985,0.7043684296502104,-0.7557309402057503,0.5074373415174769,0.0,0.0,0.0,0.0,11.913049669142206
-1.0872449004951794,0.7043684296502104,-0.7557309402057503,0.9846320489337848,0.0,0.0,0.0,0.0,12.019749091416921
-0.7461876389192569,0.6993798668844555,-0.7557309402057503,1.064164500169836,0.0,0.0,0.0,0.0,11.790564777297387
-1.0488439141480825,0.7043684296502104,-0.7557309402057503,0.42790489028142553,0.0,0.0,0.0,0.0,11.846543632608535
-0.8017487390563378,0.7093569924159583,-0.7557309402057503,1.064164500169836,0.0,0.0,0.0,0.0,11.946660519211651
-0.6142431054487129,0.7093569924159583,-0.7557309402057503,0.6665022439895795,0.0,0.0,0.0,0.0,11.930984271840668
-0.7036535763849381,0.7043684296502104,-0.7557309402057503,1.064164500169836,0.0,0.0,0.0,0.0,11.963370312187111
-1.172365342983909,0.7043684296502104,-0.7604108952450519,0.6665022439895795,0.0,0.0,0.0,0.0,11.97603664577121
-0.8458000067733078,0.7043684296502104,-0.7604108952450519,0.9050995976977334,0.0,0.0,0.0,0.0,11.83138646878959
-0.9979390643991373,0.7043684296502104,-0.7557309402057503,1.2232294026419388,0.0,0.0,0.0,0.0,12.066241450757124
-0.667711508782137,0.7143455551817133,-0.7557309402057503,0.9050995976977334,0.0,0.0,0.0,0.0,12.104045457048253
-0.9162192542163499,0.7193341179474682,-0.7557309402057503,0.5869697927535281,0.0,0.0,0.0,0.0,11.941462360646149
-0.4490770102201213,0.7143455551817133,-0.7604108952450519,1.064164500169836,0.0,0.0,0.0,0.0,11.942764435686394
-1.286208049102824,0.7143455551817133,-0.7557309402057503,1.064164500169836,0.0,0.0,0.0,0.0,11.8879382384223
-0.7760608857914538,0.7143455551817133,-0.7604108952450519,1.3822943051140413,0.0,0.0,0.0,0.0,11.962732764429129
-0.7029734499237497,0.7143455551817133,-0.7604108952450519,1.064164500169836,0.0,0.0,0.0,0.0,11.960817678718287
-0.9423779642620563,0.7193341179474682,-0.7604108952450519,0.9050995976977334,0.0,0.0,0.0,0.0,11.925703766372617
-0.3779776363158908,0.7193341179474682,-0.7604108952450519,1.1436969514058875,0.0,0.0,0.0,0.0,11.946660519211651
-0.832668334330363,0.729311243478971,-0.7604108952450519,0.9846320489337848,0.0,0.0,0.0,0.0,12.154784614286667
-0.5992803233025688,0.724322680713216,-0.7650908502843503,0.18930753657327157,0.0,0.0,0.0,0.0,12.065666245536807
-0.7587961371612876,0.724322680713216,-0.7604108952450519,0.9050995976977334,0.0,0.0,0.0,0.0,12.011279642540796
-0.9885742462027743,0.724322680713216,-0.7604108952450519,0.3483724390453742,0.0,0.0,0.0,0.0,12.021554678392043
-0.5991233710422944,0.7342998062447259,-0.7650908502843503,0.2688399878093229,0.0,0.0,0.0,0.0,12.039433474778324
-0.6001174020240312,0.729311243478971,-0.7650908502843503,-0.3674196220790877,0.0,0.0,0.0,0.0,12.174587138384211
-0.4475598050374704,0.729311243478971,-0.7650908502843503,0.7460346952256308,0.0,0.0,0.0,0.0,12.174071012004374
-0.6546321537592839,0.729311243478971,-0.7650908502843503,0.3483724390453742,0.0,0.0,0.0,0.0,12.093469297102763
-0.8747838575039505,0.729311243478971,-0.7604108952450519,-0.5264845245511903,0.0,0.0,0.0,0.0,11.998439434579149
-0.0987595652880185,0.724322680713216,-0.7744507603629505,1.2232294026419388,0.0,0.0,0.0,0.0,12.090106084085123
-0.7608888339649441,0.724322680713216,-0.7697708053236487,-0.3674196220790877,0.0,0.0,0.0,0.0,11.83138646878959
-0.8344471266134711,0.7093569924159583,-0.7744507603629505,-0.9241467807314468,0.0,0.0,0.0,0.0,11.888625282853006
-0.3848835357679573,0.7093569924159583,-0.7650908502843503,0.2688399878093229,0.0,0.0,0.0,0.0,12.074259775399616
-0.11403625195471111,0.7043684296502104,-0.7650908502843503,0.6665022439895795,0.0,0.0,0.0,0.0,11.921725007667265
-1.1030447613627865,0.7043684296502104,-0.7604108952450519,0.5869697927535281,0.0,0.0,0.0,0.0,11.869207331664223
-0.5735924700376848,0.6993798668844555,-0.7604108952450519,0.5869697927535281,0.0,0.0,0.0,0.0,11.913719681428494
-0.3439713132564723,0.6794256158214499,-0.7697708053236487,0.8255671464616822,0.0,0.0,0.0,0.0,11.630717389475995
-1.2313270754269316,0.6694484902899399,-0.7650908502843503,0.5074373415174769,0.0,0.0,0.0,0.0,12.765691290604371
-0.8815851221158344,0.6694484902899399,-0.7697708053236487,0.6665022439895795,0.0,0.0,0.0,0.0,11.630717389475995
-0.6172775158140147,0.6744370530556949,-0.7697708053236487,-0.3674196220790877,0.0,0.0,0.0,0.0,12.002737848944351
0.23026468966687905,0.6744370530556949,-0.7697708053236487,-1.7990037443280114,0.0,0.0,0.0,0.0,11.872004516724523
-0.7520995073895868,0.6744370530556949,-0.7744507603629505,0.42790489028142553,0.0,0.0,0.0,0.0,12.07254696717504
-0.6390415625720428,0.6744370530556949,-0.7744507603629505,-0.12882226837093372,0.0,0.0,0.0,0.0,11.72157244693173
-0.6130398047866104,0.6744370530556949,-0.7744507603629505,-1.0832116832035494,0.0,0.0,0.0,0.0,12.157937516778192
-0.7775780909741048,0.6694484902899399,-0.7744507603629505,-0.28788717084303633,0.0,0.0,0.0,0.0,12.118884889350285
0.3372014963337279,0.6694484902899399,-0.7697708053236487,-1.8785361955640627,0.0,0.0,0.0,0.0,12.013706813470414
-0.9853305661571068,0.6694484902899399,-0.7744507603629505,0.10977508533722025,0.0,0.0,0.0,0.0,11.922389234432126
-1.1124095795591493,0.6644599275241921,-0.7744507603629505,0.10977508533722025,0.0,0.0,0.0,0.0,11.656168298529856
-1.228972791522818,0.6594713647584372,-0.7697708053236487,0.9846320489337848,0.0,0.0,0.0,0.0,11.515930943990057
-1.297456294422478,0.6594713647584372,-0.7697708053236487,0.9846320489337848,0.0,0.0,0.0,0.0,11.439289689006644
-0.8262856090792106,0.6594713647584372,-0.7744507603629505,1.4618267563500926,0.0,0.0,0.0,0.0,11.667370387218226
-1.1559899904952966,0.6594713647584372,-0.7744507603629505,1.2232294026419388,0.0,0.0,0.0,0.0,11.630717389475995
-1.1277385836459335,0.6594713647584372,-0.7744507603629505,0.9050995976977334,0.0,0.0,0.0,0.0,11.562677071567636
-1.089965406339933,0.6594713647584372,-0.7744507603629505,0.6665022439895795,0.0,0.0,0.0,0.0,11.484536278461452
-1.118792304810302,0.6594713647584372,-0.7744507603629505,0.8255671464616822,0.0,0.0,0.0,0.0,11.710964518881163
-0.8741560484628537,0.6644599275241921,-0.7744507603629505,1.30276185387799,0.0,0.0,0.0,0.0,11.736077016252437
-0.4205640162703011,0.6644599275241921,-0.7744507603629505,1.30276185387799,0.0,0.0,0.0,0.0,11.614588152079595
-0.962938710357982,0.6744370530556949,-0.7744507603629505,0.10977508533722025,0.0,0.0,0.0,0.0,12.042971193457888
-0.3930450533022178,0.6744370530556949,-0.7744507603629505,1.064164500169836,0.0,0.0,0.0,0.0,12.021554678392043
-0.7016131970013728,0.6744370530556949,-0.7744507603629505,0.2688399878093229,0.0,0.0,0.0,0.0,12.124868013083418
-1.3970686622765285,0.6744370530556949,-0.7744507603629505,-0.8446143294953956,0.0,0.0,0.0,0.0,12.449022745701502
-1.155048276933651,0.6744370530556949,-0.7744507603629505,0.42790489028142553,0.0,0.0,0.0,0.0,11.766023856597407
-0.8738944613623965,0.6694484902899399,-0.7744507603629505,0.5074373415174769,0.0,0.0,0.0,0.0,11.918397239722838
-1.03764798624852,0.6844141785871977,-0.7744507603629505,0.7460346952256308,0.0,0.0,0.0,0.0,12.002124919798158
-0.9290370221387462,0.6794256158214499,-0.7791307154022488,0.5074373415174769,0.0,0.0,0.0,0.0,12.051177522006789
-0.3125808612016243,0.6794256158214499,-0.7744507603629505,0.8255671464616822,0.0,0.0,0.0,0.0,12.037659911047468
-0.6249158591473611,0.6794256158214499,-0.7744507603629505,0.6665022439895795,0.0,0.0,0.0,0.0,12.011279642540796
-0.8115844140335233,0.6794256158214499,-0.7744507603629505,0.5074373415174769,0.0,0.0,0.0,0.0,11.992266613576142
-0.632501885060616,0.6894027413529527,-0.7697708053236487,0.7460346952256308,0.0,0.0,0.0,0.0,11.86569981146014
-0.2560257300828067,0.6894027413529527,-0.7697708053236487,0.9050995976977334,0.0,0.0,0.0,0.0,11.965916446305247
-0.5518807406997482,0.6894027413529527,-0.7744507603629505,0.9050995976977334,0.0,0.0,0.0,0.0,11.970356641102999
-0.45247764252606315,0.6894027413529527,-0.7697708053236487,1.064164500169836,0.0,0.0,0.0,0.0,11.967187086434018
-0.5079341078229611,0.6894027413529527,-0.7697708053236487,0.6665022439895795,0.0,0.0,0.0,0.0,11.959538914341756
-0.35490565405557745,0.6844141785871977,-0.7697708053236487,0.5074373415174769,0.0,0.0,0.0,0.0,11.949249500664376
-0.6933470446269295,0.6844141785871977,-0.7697708053236487,0.10977508533722025,0.0,0.0,0.0,0.0,11.982935344196433
-0.7411651665904813,0.6894027413529527,-0.7697708053236487,0.5074373415174769,0.0,0.0,0.0,0.0,11.949249500664376
-0.6655141771382977,0.6894027413529527,-0.7744507603629505,0.42790489028142553,0.0,0.0,0.0,0.0,11.96209480994468
-0.7453505601977943,0.6894027413529527,-0.7697708053236487,0.5869697927535281,0.0,0.0,0.0,0.0,11.903622053373214
-1.027027549969963,0.6844141785871977,-0.7697708053236487,0.18930753657327157,0.0,0.0,0.0,0.0,11.948602883419843
-0.9019889159514854,0.6844141785871977,-0.7744507603629505,1.1436969514058875,0.0,0.0,0.0,0.0,11.979178318844294
-1.283801447778619,0.6894027413529527,-0.7744507603629505,0.3483724390453742,0.0,0.0,0.0,0.0,12.152677143050752
-1.1091658995134817,0.6894027413529527,-0.7791307154022488,0.10977508533722025,0.0,0.0,0.0,0.0,12.107913912447533
-0.7620921346270466,0.6894027413529527,-0.7791307154022488,0.42790489028142553,0.0,0.0,0.0,0.0,12.091789104493502
-0.9770644137826633,0.6894027413529527,-0.7744507603629505,0.5869697927535281,0.0,0.0,0.0,0.0,12.055836792757997
-0.9816160293306163,0.6844141785871977,-0.7744507603629505,0.2688399878093229,0.0,0.0,0.0,0.0,12.059317054505962
-0.8788646162710808,0.6844141785871977,-0.7744507603629505,0.10977508533722025,0.0,0.0,0.0,0.0,11.973516181427835
-0.7766886948325508,0.6844141785871977,-0.7791307154022488,0.10977508533722025,0.0,0.0,0.0,0.0,11.948602883419843
-0.7527273164306836,0.6943913041187005,-0.7697708053236487,0.5869697927535281,0.0,0.0,0.0,0.0,11.949895700065218
-1.1730454694450971,0.6943913041187005,-0.7697708053236487,0.7460346952256308,0.0,0.0,0.0,0.0,11.994122464057146
-0.8855612460427816,0.6943913041187005,-0.7744507603629505,-0.3674196220790877,0.0,0.0,0.0,0.0,11.995357787034976
-0.8014348345357893,0.6943913041187005,-0.7744507603629505,0.10977508533722025,0.0,0.0,0.0,0.0,11.958258512632908
-0.9020935507916682,0.6943913041187005,-0.7697708053236487,0.5074373415174769,0.0,0.0,0.0,0.0,12.048254415120404
-0.3650029161332204,0.6993798668844555,-0.7744507603629505,0.9846320489337848,0.0,0.0,0.0,0.0,11.791322060504474
-0.7697827953804842,0.6993798668844555,-0.7791307154022488,0.18930753657327157,0.0,0.0,0.0,0.0,11.976665770490767
-0.8549032378692136,0.6993798668844555,-0.7791307154022488,0.3483724390453742,0.0,0.0,0.0,0.0,12.032914971806521
-0.46660334595074476,0.6993798668844555,-0.7744507603629505,0.5869697927535281,0.0,0.0,0.0,0.0,12.005185815601541
-0.5986001968413803,0.6993798668844555,-0.7744507603629505,0.9846320489337848,0.0,0.0,0.0,0.0,11.957617696467539
-0.4376194952201018,0.6943913041187005,-0.7744507603629505,0.5869697927535281,0.0,0.0,0.0,0.0,12.016128107502665
-0.8705984638966374,0.6943913041187005,-0.7791307154022488,0.10977508533722025,0.0,0.0,0.0,0.0,12.04002396437039
-0.9786339363854057,0.6943913041187005,-0.7791307154022488,0.42790489028142553,0.0,0.0,0.0,0.0,12.151621739551222
-0.6546321537592839,0.6943913041187005,-0.7744507603629505,0.9050995976977334,0.0,0.0,0.0,0.0,12.237091546357338
-0.6832497825492868,0.6943913041187005,-0.7744507603629505,0.7460346952256308,0.0,0.0,0.0,0.0,12.092909546513004
-0.8246637690563768,0.7093569924159583,-0.7744507603629505,0.6665022439895795,0.0,0.0,0.0,0.0,12.017336559562407
-0.758586867480922,0.7093569924159583,-0.7791307154022488,0.2688399878093229,0.0,0.0,0.0,0.0,11.97098934828825
-0.7686318121384733,0.7093569924159583,-0.7791307154022488,0.3483724390453742,0.0,0.0,0.0,0.0,12.046496440791149
-0.8211061844901607,0.7043684296502104,-0.7791307154022488,-0.446952073315139,0.0,0.0,0.0,0.0,11.969090024509446
-0.8904267661112831,0.7043684296502104,-0.7791307154022488,0.10977508533722025,0.0,0.0,0.0,0.0,12.07824495582233
-0.6520162827547132,0.7143455551817133,-0.7791307154022488,0.03024263410116893,0.0,0.0,0.0,0.0,11.957617696467539
-0.45247764252606315,0.7143455551817133,-0.7791307154022488,0.18930753657327157,0.0,0.0,0.0,0.0,12.083910661257521
-0.8910545751523802,0.7143455551817133,-0.7838106704415472,0.7460346952256308,0.0,0.0,0.0,0.0,11.876185678347824
-0.8983790139651779,0.7093569924159583,-0.7791307154022488,0.2688399878093229,0.0,0.0,0.0,0.0,12.109016442313738
-0.9542017012027159,0.7143455551817133,-0.7791307154022488,0.18930753657327157,0.0,0.0,0.0,0.0,11.987922854613139
-0.6486679678688627,0.7143455551817133,-0.7791307154022488,0.5869697927535281,0.0,0.0,0.0,0.0,11.918397239722838
-0.49114021597361757,0.7043684296502104,-0.7744507603629505,0.3483724390453742,0.0,0.0,0.0,0.0,11.998439434579149
-0.9198291562026574,0.7043684296502104,-0.7791307154022488,0.8255671464616822,0.0,0.0,0.0,0.0,12.08164822965012
-1.0096581664996138,0.7043684296502104,-0.7791307154022488,0.2688399878093229,0.0,0.0,0.0,0.0,12.157937516778192
-0.7760608857914538,0.7043684296502104,-0.7791307154022488,0.18930753657327157,0.0,0.0,0.0,0.0,12.160557363077048
-1.0306374519562704,0.7043684296502104,-0.7791307154022488,-1.2422765856756521,0.0,0.0,0.0,0.0,12.07254696717504
-0.4093680883707388,0.6993798668844555,-0.7744507603629505,0.18930753657327157,0.0,0.0,0.0,0.0,11.953764151901414
-0.7293937470699133,0.7093569924159583,-0.7838106704415472,0.3483724390453742,0.0,0.0,0.0,0.0,11.918397239722838
-0.6998867221383562,0.7093569924159583,-0.7838106704415472,0.3483724390453742,0.0,0.0,0.0,0.0,11.98854454800156
-0.8246637690563768,0.6993798668844555,-0.7838106704415472,-0.28788717084303633,0.0,0.0,0.0,0.0,12.008846566115903
-0.749745223485473,0.7043684296502104,-0.7838106704415472,-0.3674196220790877,0.0,0.0,0.0,0.0,12.141539457711714
-0.8342378569331055,0.6993798668844555,-0.7838106704415472,-0.28788717084303633,0.0,0.0,0.0,0.0,12.008846566115903
-0.6909404433027245,0.6993798668844555,-0.7838106704415472,0.03024263410116893,0.0,0.0,0.0,0.0,11.89478753335453
-1.2867835407238295,0.6943913041187005,-0.7838106704415472,-0.6855494270232929,0.0,0.0,0.0,0.0,11.83138646878959
-0.9731406072758074,0.6894027413529527,-0.7838106704415472,-0.04928981713488239,0.0,0.0,0.0,0.0,11.863589378812122
-0.8155082205403795,0.6943913041187005,-0.7791307154022488,-0.20835471960698504,0.0,0.0,0.0,0.0,11.947955847790901
-1.0085595006776942,0.6894027413529527,-0.7791307154022488,-0.12882226837093372,0.0,0.0,0.0,0.0,11.893421422254848
-0.5871426818413608,0.6844141785871977,-0.7791307154022488,-0.04928981713488239,0.0,0.0,0.0,0.0,12.020953178232556
-1.0393221436914453,0.6844141785871977,-0.7791307154022488,1.1436969514058875,0.0,0.0,0.0,0.0,12.068538968726306
-0.7363519639420714,0.6794256158214499,-0.7838106704415472,0.7460346952256308,0.0,0.0,0.0,0.0,12.037659911047468
0.033760459803531075,0.6794256158214499,-0.7791307154022488,1.6208916588221953,0.0,0.0,0.0,0.0,12.04708277568725
-0.442066475927872,0.6794256158214499,-0.7791307154022488,1.1436969514058875,0.0,0.0,0.0,0.0,12.02035131605286
-0.3589864128227077,0.6794256158214499,-0.7791307154022488,1.8594890125303492,0.0,0.0,0.0,0.0,12.029341433599432
-0.442066475927872,0.6744370530556949,-0.7791307154022488,1.1436969514058875,0.0,0.0,0.0,0.0,12.02035131605286
-0.6476216194670346,0.6744370530556949,-0.7791307154022488,1.4618267563500926,0.0,0.0,0.0,0.0,12.000897933306716
-0.6179576422752031,0.6694484902899399,-0.7791307154022488,1.2232294026419388,0.0,0.0,0.0,0.0,12.039433474778324
-0.45096043734341223,0.6694484902899399,-0.7838106704415472,1.2232294026419388,0.0,0.0,0.0,0.0,11.906324739459684
0.0965936813333185,0.6744370530556949,-0.7791307154022488,1.4618267563500926,0.0,0.0,0.0,0.0,12.051177522006789
-0.5206995583252662,0.6744370530556949,-0.7791307154022488,1.4618267563500926,0.0,0.0,0.0,0.0,12.118884889350285
-1.1874850773903274,0.6694484902899399,-0.7791307154022488,1.4618267563500926,0.0,0.0,0.0,0.0,11.620891583095712
-0.9068544360199868,0.6644599275241921,-0.7791307154022488,0.7460346952256308,0.0,0.0,0.0,0.0,11.682676678340282
-0.9387680622757489,0.6644599275241921,-0.7791307154022488,1.1436969514058875,0.0,0.0,0.0,0.0,11.624475784206961
-0.9045524695359647,0.6644599275241921,-0.7791307154022488,0.9846320489337848,0.0,0.0,0.0,0.0,11.65356528276954
-0.6764485179374031,0.6644599275241921,-0.7791307154022488,0.6665022439895795,0.0,0.0,0.0,0.0,11.630717389475995
-1.1502873917053325,0.6594713647584372,-0.7791307154022488,0.2688399878093229,0.0,0.0,0.0,0.0,11.650955473631058
-1.1015275561801354,0.6594713647584372,-0.7791307154022488,0.5869697927535281,0.0,0.0,0.0,0.0,11.538602958260002
-1.419251248395288,0.6594713647584372,-0.7791307154022488,0.8255671464616822,0.0,0.0,0.0,0.0,11.596356272699
-1.0277076764311515,0.6594713647584372,-0.7791307154022488,1.1436969514058875,0.0,0.0,0.0,0.0,11.500863005142227
-0.6919867917045529,0.6644599275241921,-0.7791307154022488,0.6665022439895795,0.0,0.0,0.0,0.0,11.671645688511857
-0.829006114923964,0.6594713647584372,-0.7791307154022488,0.6665022439895795,0.0,0.0,0.0,0.0,11.626263078808801
-0.9647175026410898,0.6594713647584372,-0.7838106704415472,1.1436969514058875,0.0,0.0,0.0,0.0,11.630717389475995
-1.0516690548330188,0.6594713647584372,-0.7791307154022488,0.7460346952256308,0.0,0.0,0.0,0.0,11.576848171532921
-0.9252178504720728,0.6644599275241921,-0.7838106704415472,0.42790489028142553,0.0,0.0,0.0,0.0,11.518917476956224
-1.1602800189427924,0.6594713647584372,-0.7838106704415472,1.541359207586144,0.0,0.0,0.0,0.0,11.439289689006644
-0.7794615180973957,0.6594713647584372,-0.7838106704415472,1.064164500169836,0.0,0.0,0.0,0.0,11.500863005142227
-1.051093563212013,0.6594713647584372,-0.7838106704415472,1.1436969514058875,0.0,0.0,0.0,0.0,11.493752839181418
-1.5178172678475104,0.6594713647584372,-0.7884906254808456,1.541359207586144,0.0,0.0,0.0,0.0,11.466891997618188
-0.9921841481890818,0.6594713647584372,-0.7884906254808456,0.9846320489337848,0.0,0.0,0.0,0.0,11.493752839181418
-1.1411841606094266,0.6694484902899399,-0.7838106704415472,0.8255671464616822,0.0,0.0,0.0,0.0,11.459535236710686
-1.1596522099016955,0.6694484902899399,-0.7838106704415472,0.5869697927535281,0.0,0.0,0.0,0.0,11.600029337681997
-1.0978653367737365,0.6644599275241921,-0.7838106704415472,1.2232294026419388,0.0,0.0,0.0,0.0,11.60733523953139
-0.68188952962691,0.6644599275241921,-0.7838106704415472,0.8255671464616822,0.0,0.0,0.0,0.0,11.485564545613576
-1.1178505912486565,0.6644599275241921,-0.7838106704415472,0.42790489028142553,0.0,0.0,0.0,0.0,11.570259974415547
-0.9473481191707407,0.6644599275241921,-0.7838106704415472,0.6665022439895795,0.0,0.0,0.0,0.0,11.444657330797734
-1.5484229586009872,0.6694484902899399,-0.7884906254808456,1.064164500169836,0.0,0.0,0.0,0.0,11.502885230075814
-0.9089471328236434,0.6794256158214499,-0.7838106704415472,0.8255671464616822,0.0,0.0,0.0,0.0,12.03706802344148
-0.9019889159514854,0.6794256158214499,-0.7838106704415472,0.8255671464616822,0.0,0.0,0.0,0.0,11.953120448266079
-0.6694903010652452,0.6744370530556949,-0.7838106704415472,0.2688399878093229,0.0,0.0,0.0,0.0,12.048839720461636
-1.03246856165947,0.6744370530556949,-0.7838106704415472,0.5869697927535281,0.0,0.0,0.0,0.0,12.008846566115903
-0.6583466905857741,0.6744370530556949,-0.7838106704415472,0.5074373415174769,0.0,0.0,0.0,0.0,11.975407125004564
-0.5630766685993108,0.6744370530556949,-0.7838106704415472,1.064164500169836,0.0,0.0,0.0,0.0,11.994122464057146
-1.0978653367737365,0.6794256158214499,-0.7884906254808456,0.7460346952256308,0.0,0.0,0.0,0.0,11.944714374881176
-0.5543396594440447,0.6744370530556949,-0.7884906254808456,0.5869697927535281,0.0,0.0,0.0,0.0,11.985432208809083
-0.6722631243300901,0.6694484902899399,-0.7838106704415472,1.064164500169836,0.0,0.0,0.0,0.0,11.929007348474721
-0.8565250778920473,0.6694484902899399,-0.7884906254808456,1.1436969514058875,0.0,0.0,0.0,0.0,11.93689170019576
-0.6395647367729569,0.6744370530556949,-0.7931705805201473,1.064164500169836,0.0,0.0,0.0,0.0,11.87340018062404
-0.4111991980739381,0.6744370530556949,-0.7931705805201473,1.064164500169836,0.0,0.0,0.0,0.0,11.941462360646149
-0.27313352645269867,0.6744370530556949,-0.7931705805201473,0.7460346952256308,0.0,0.0,0.0,0.0,11.943414837983129
-0.23227362136130494,0.6744370530556949,-0.7931705805201473,0.9846320489337848,0.0,0.0,0.0,0.0,11.88173350431221
-0.8131016192161745,0.6844141785871977,-0.7838106704415472,1.2232294026419388,0.0,0.0,0.0,0.0,11.992885613168797
-0.5436669057453964,0.6844141785871977,-0.7838106704415472,1.1436969514058875,0.0,0.0,0.0,0.0,11.991027463722105
-0.42966724736620693,0.6844141785871977,-0.7838106704415472,0.9846320489337848,0.0,0.0,0.0,0.0,12.025755079404917
-0.4703178827772351,0.6844141785871977,-0.7838106704415472,0.6665022439895795,0.0,0.0,0.0,0.0,12.011279642540796
-0.8120552708143461,0.6794256158214499,-0.7838106704415472,1.1436969514058875,0.0,0.0,0.0,0.0,11.978550773342342
-1.3569412010664148,0.6794256158214499,-0.7838106704415472,1.541359207586144,0.0,0.0,0.0,0.0,11.8879382384223
-1.052715403234847,0.6794256158214499,-0.7884906254808456,1.1436969514058875,0.0,0.0,0.0,0.0,12.014312686825066
-0.7583775978005562,0.6844141785871977,-0.7884906254808456,0.5074373415174769,0.0,0.0,0.0,0.0,11.928347504569842
-0.9080577366820893,0.6844141785871977,-0.7884906254808456,0.9846320489337848,0.0,0.0,0.0,0.0,12.015523333397592
-0.8272796400609475,0.6794256158214499,-0.7884906254808456,0.2688399878093229,0.0,0.0,0.0,0.0,11.952476330009466
-0.8252915780974738,0.6794256158214499,-0.7884906254808456,0.5074373415174769,0.0,0.0,0.0,0.0,11.94081068679887
-0.9621539490566107,0.6794256158214499,-0.7884906254808456,0.5074373415174769,0.0,0.0,0.0,0.0,11.987922854613139
-0.27679574585909766,0.6844141785871977,-0.7931705805201473,1.064164500169836,0.0,0.0,0.0,0.0,11.946012225174645
0.08780435475796113,0.6844141785871977,-0.7931705805201473,1.30276185387799,0.0,0.0,0.0,0.0,11.967187086434018
-0.7483326531430049,0.6794256158214499,-0.7931705805201473,0.9050995976977334,0.0,0.0,0.0,0.0,11.876185678347824
-0.5421497005627455,0.6794256158214499,-0.7931705805201473,0.9846320489337848,0.0,0.0,0.0,0.0,11.958258512632908
-0.3136272096034525,0.6894027413529527,-0.7884906254808456,1.2232294026419388,0.0,0.0,0.0,0.0,12.095705171506136
-0.2669077534618206,0.6894027413529527,-0.7931705805201473,1.30276185387799,0.0,0.0,0.0,0.0,11.987922854613139
-0.4148614174803371,0.6894027413529527,-0.7884906254808456,0.9846320489337848,0.0,0.0,0.0,0.0,12.012493964400264
-0.7785198045357503,0.6894027413529527,-0.7884906254808456,1.064164500169836,0.0,0.0,0.0,0.0,11.905649752427557
-0.19031505044799152,0.6844141785871977,-0.7931705805201473,1.2232294026419388,0.0,0.0,0.0,0.0,12.039433474778324
-0.0733332991235917,0.6844141785871977,-0.7931705805201473,1.30276185387799,0.0,0.0,0.0,0.0,12.054092109237121
-0.6491911420697768,0.6894027413529527,-0.7838106704415472,0.9050995976977334,0.0,0.0,0.0,0.0,11.930325731537252
-0.6046167001518927,0.6894027413529527,-0.7884906254808456,1.064164500169836,0.0,0.0,0.0,0.0,11.9959748767362
0.467995046562261,0.7043684296502104,-0.7931705805201473,0.2688399878093229,0.0,0.0,0.0,0.0,12.092909546513004
-0.21317776302793925,0.6943913041187005,-0.7931705805201473,1.2232294026419388,0.0,0.0,0.0,0.0,12.120520203776788
-0.5058414110193046,0.6943913041187005,-0.7884906254808456,0.8255671464616822,0.0,0.0,0.0,0.0,11.932957294690372
-0.17901448770824635,0.6943913041187005,-0.7884906254808456,1.064164500169836,0.0,0.0,0.0,0.0,12.02874460037869
-0.6153940886907239,0.6943913041187005,-0.7931705805201473,1.1436969514058875,0.0,0.0,0.0,0.0,12.013706813470414
0.39898836946168653,0.6993798668844555,-0.7931705805201473,-0.9241467807314468,0.0,0.0,0.0,0.0,12.016732516077072
-1.0283354854722484,0.6993798668844555,-0.7884906254808456,-0.446952073315139,0.0,0.0,0.0,0.0,12.111217862017215
0.2565803519728599,0.6993798668844555,-0.802530490598744,0.5869697927535281,0.0,0.0,0.0,0.0,12.054092109237121
-0.3785008105168049,0.6993798668844555,-0.802530490598744,1.1436969514058875,0.0,0.0,0.0,0.0,12.02455676409265
-0.14778098791367275,0.7043684296502104,-0.802530490598744,1.2232294026419388,0.0,0.0,0.0,0.0,11.991027463722105
-0.47711914738911876,0.7043684296502104,-0.8072104456380458,0.9846320489337848,0.0,0.0,0.0,0.0,11.996591585872558
-0.40157279277711827,0.6993798668844555,-0.8072104456380458,0.8255671464616822,0.0,0.0,0.0,0.0,12.049424683420915
-0.31540600188656054,0.6943913041187005,-0.802530490598744,0.2688399878093229,0.0,0.0,0.0,0.0,11.823354355742923
-0.940546854558857,0.6894027413529527,-0.802530490598744,0.5869697927535281,0.0,0.0,0.0,0.0,11.847975261832087
-0.8957631429606073,0.6943913041187005,-0.7978505355594456,0.18930753657327157,0.0,0.0,0.0,0.0,11.719134432217524
-0.7568080751978138,0.6943913041187005,-0.7978505355594456,0.5074373415174769,0.0,0.0,0.0,0.0,11.899554278732099
-0.21192214494574524,0.6894027413529527,-0.7978505355594456,0.9050995976977334,0.0,0.0,0.0,0.0,11.87965667474488
-0.35841092120170237,0.6894027413529527,-0.7978505355594456,1.064164500169836,0.0,0.0,0.0,0.0,11.894104711087113
-0.22814054517408341,0.6844141785871977,-0.7978505355594456,0.9050995976977334,0.0,0.0,0.0,0.0,11.914389245098882
-0.37122868912409845,0.6894027413529527,-0.7978505355594456,1.2232294026419388,0.0,0.0,0.0,0.0,11.889311855577725
-0.40680453478625944,0.6894027413529527,-0.802530490598744,1.1436969514058875,0.0,0.0,0.0,0.0,11.845109950883979
-0.41287335551686344,0.6844141785871977,-0.802530490598744,1.064164500169836,0.0,0.0,0.0,0.0,11.840796531639839
-0.180479375470806,0.6844141785871977,-0.7978505355594456,0.7460346952256308,0.0,0.0,0.0,0.0,11.89478753335453
-0.882055978896657,0.6794256158214499,-0.7931705805201473,0.42790489028142553,0.0,0.0,0.0,0.0,11.998439434579149
-0.5769931023436266,0.6794256158214499,-0.7931705805201473,0.42790489028142553,0.0,0.0,0.0,0.0,11.85723122498801
-0.9989854128009655,0.6794256158214499,-0.7978505355594456,0.10977508533722025,0.0,0.0,0.0,0.0,11.932300052847731
-0.8918916538738427,0.6844141785871977,-0.7978505355594456,0.5869697927535281,0.0,0.0,0.0,0.0,11.783723297487764
-0.832668334330363,0.6794256158214499,-0.7978505355594456,0.3483724390453742,0.0,0.0,0.0,0.0,11.795853756086931
-0.649975903371148,0.6844141785871977,-0.7978505355594456,0.9846320489337848,0.0,0.0,0.0,0.0,11.889311855577725
-0.7103502061566389,0.6844141785871977,-0.7978505355594456,0.5869697927535281,0.0,0.0,0.0,0.0,11.840796531639839
-0.6178530074350204,0.6794256158214499,-0.7978505355594456,0.5869697927535281,0.0,0.0,0.0,0.0,11.703554089007538
-0.5798705604486544,0.6794256158214499,-0.7978505355594456,0.8255671464616822,0.0,0.0,0.0,0.0,11.598194491615347
-0.4497048192612182,0.6744370530556949,-0.7978505355594456,0.8255671464616822,0.0,0.0,0.0,0.0,11.775297421715827
-0.6709551888278048,0.6744370530556949,-0.7931705805201473,0.9050995976977334,0.0,0.0,0.0,0.0,11.656168298529856
-1.250475251180389,0.6694484902899399,-0.7978505355594456,-0.446952073315139,0.0,0.0,0.0,0.0,11.462694763725304
-0.9471911669104666,0.6694484902899399,-0.7978505355594456,0.10977508533722025,0.0,0.0,0.0,0.0,11.442513730229855
-0.8788646162710808,0.6744370530556949,-0.7978505355594456,0.10977508533722025,0.0,0.0,0.0,0.0,11.736077016252437
-0.7156865830059629,0.6794256158214499,-0.7978505355594456,0.9846320489337848,0.0,0.0,0.0,0.0,11.679295469550114
-0.43662546423836496,0.6794256158214499,-0.802530490598744,0.5074373415174769,0.0,0.0,0.0,0.0,11.672498559754418
-1.0325731964996527,0.6794256158214499,-0.802530490598744,-0.04928981713488239,0.0,0.0,0.0,0.0,11.789806920177805
-1.294055662116536,0.6694484902899399,-0.7978505355594456,0.6665022439895795,0.0,0.0,0.0,0.0,11.565527402710426
-1.1170658299472853,0.6694484902899399,-0.7978505355594456,0.5074373415174769,0.0,0.0,0.0,0.0,11.47937902264955
-1.3885409228016283,0.6694484902899399,-0.802530490598744,0.2688399878093229,0.0,0.0,0.0,0.0,11.582460855933538
-0.7480710660425477,0.6644599275241921,-0.802530490598744,1.064164500169836,0.0,0.0,0.0,0.0,11.486591756518374
-0.8554787294902192,0.6644599275241921,-0.802530490598744,1.2232294026419388,0.0,0.0,0.0,0.0,11.574970254341755
-0.536917958553604,0.6594713647584372,-0.7978505355594456,0.7460346952256308,0.0,0.0,0.0,0.0,11.407576060361786
-0.30583191400983195,0.6594713647584372,-0.7978505355594456,-0.12882226837093372,0.0,0.0,0.0,0.0,11.32781201446548
-0.9561897631661895,0.6594713647584372,-0.7978505355594456,1.064164500169836,0.0,0.0,0.0,0.0,11.530775206233024
-0.9348965731889843,0.6594713647584372,-0.802530490598744,1.3822943051140413,0.0,0.0,0.0,0.0,11.477308649967686
-0.7010377053803672,0.6594713647584372,-0.802530490598744,1.2232294026419388,0.0,0.0,0.0,0.0,11.47107168834584
-0.9816160293306163,0.6594713647584372,-0.802530490598744,1.2232294026419388,0.0,0.0,0.0,0.0,11.43605521971203
-0.9916086565680763,0.6544828019926822,-0.802530490598744,1.064164500169836,0.0,0.0,0.0,0.0,11.557908390796706
-0.5181360047407868,0.6544828019926822,-0.8072104456380458,1.2232294026419388,0.0,0.0,0.0,0.0,11.701899842594283
-1.024254726705118,0.6494942392269343,-0.802530490598744,0.42790489028142553,0.0,0.0,0.0,0.0,11.443586104891608
-0.5918512496495879,0.6494942392269343,-0.802530490598744,0.5074373415174769,0.0,0.0,0.0,0.0,11.578722568760277
-0.4584418284164843,0.6445056764611794,-0.802530490598744,0.8255671464616822,0.0,0.0,0.0,0.0,11.608244735642321
-0.42966724736620693,0.6445056764611794,-0.802530490598744,0.6665022439895795,0.0,0.0,0.0,0.0,11.565527402710426
-0.6546321537592839,0.6494942392269343,-0.8072104456380458,1.064164500169836,0.0,0.0,0.0,0.0,11.52387529615648
-0.6013207026861337,0.6494942392269343,-0.8072104456380458,0.6665022439895795,0.0,0.0,0.0,0.0,11.72885102917796
-1.4155890289888888,0.6494942392269343,-0.8072104456380458,0.2688399878093229,0.0,0.0,0.0,0.0,11.613684409620816
0.3084792327035421,0.6494942392269343,-0.8165703557166426,0.2688399878093229,0.0,0.0,0.0,0.0,11.835740580500783
0.2095469913106794,0.6494942392269343,-0.8259302657952426,-0.6060169757872417,0.0,0.0,0.0,0.0,12.10846532932714
-0.7581683281201906,0.6594713647584372,-0.8118904006773442,1.064164500169836,0.0,0.0,0.0,0.0,11.402005077384885
0.07697464879903827,0.6544828019926822,-0.8118904006773442,0.7460346952256308,0.0,0.0,0.0,0.0,11.625369830810577
-0.9765935570018408,0.6544828019926822,-0.8118904006773442,-0.5264845245511903,0.0,0.0,0.0,0.0,11.614588152079595
0.11924712423290014,0.6594713647584372,-0.802530490598744,0.5869697927535281,0.0,0.0,0.0,0.0,11.731265497840116
-0.6927715530059242,0.6594713647584372,-0.8118904006773442,0.5869697927535281,0.0,0.0,0.0,0.0,11.636036503798104
-0.20119707382700566,0.6594713647584372,-0.8072104456380458,0.5074373415174769,0.0,0.0,0.0,0.0,11.603688960617083
-0.7527273164306836,0.6544828019926822,-0.8072104456380458,0.8255671464616822,0.0,0.0,0.0,0.0,11.531757032705352
-0.6738849643529239,0.6544828019926822,-0.8072104456380458,0.3483724390453742,0.0,0.0,0.0,0.0,11.438212694578302
-1.0319453874585558,0.6544828019926822,-0.8072104456380458,0.8255671464616822,0.0,0.0,0.0,0.0,11.441440204346033
-1.259526164856203,0.6644599275241921,-0.8072104456380458,0.9050995976977334,0.0,0.0,0.0,0.0,11.38737357979909
-1.047012804444883,0.6644599275241921,-0.8072104456380458,0.7460346952256308,0.0,0.0,0.0,0.0,11.541522639947903
-0.6110517428231367,0.6644599275241921,-0.8072104456380458,0.5869697927535281,0.0,0.0,0.0,0.0,11.548302261270587
-1.1303021372304125,0.6644599275241921,-0.8072104456380458,0.6665022439895795,0.0,0.0,0.0,0.0,11.454247073019193
-1.4109850960208445,0.6694484902899399,-0.802530490598744,0.2688399878093229,0.0,0.0,0.0,0.0,11.550230883578887
-0.8908976228921058,0.6694484902899399,-0.8072104456380458,0.42790489028142553,0.0,0.0,0.0,0.0,11.38737357979909
-0.6733094727319182,0.6694484902899399,-0.8072104456380458,0.3483724390453742,0.0,0.0,0.0,0.0,11.395278670032656
-0.3961840985077025,0.6694484902899399,-0.8072104456380458,0.42790489028142553,0.0,0.0,0.0,0.0,11.410903813540878
-0.44060158816531236,0.6694484902899399,-0.8072104456380458,-0.12882226837093372,0.0,0.0,0.0,0.0,11.397525836740476
-0.9838656783945471,0.6744370530556949,-0.802530490598744,0.2688399878093229,0.0,0.0,0.0,0.0,11.399767965010177
-0.6596546260880594,0.6744370530556949,-0.8072104456380458,0.18930753657327157,0.0,0.0,0.0,0.0,11.398647529267592
-0.9395528235771201,0.6694484902899399,-0.8072104456380458,0.42790489028142553,0.0,0.0,0.0,0.0,11.346882686945893
-1.1680229971163216,0.6694484902899399,-0.802530490598744,-0.3674196220790877,0.0,0.0,0.0,0.0,11.500863005142227
-0.9101504334857459,0.6744370530556949,-0.802530490598744,-0.446952073315139,0.0,0.0,0.0,0.0,11.51293546492023
-0.6452673355629208,0.6794256158214499,-0.8072104456380458,-0.3674196220790877,0.0,0.0,0.0,0.0,11.564578194753137
-1.0954587354495315,0.6794256158214499,-0.8072104456380458,-0.20835471960698504,0.0,0.0,0.0,0.0,11.610061250069942
-0.11278063387251733,0.6744370530556949,-0.8118904006773442,0.7460346952256308,0.0,0.0,0.0,0.0,11.611874470755124
-1.2347800251529648,0.6744370530556949,-0.8072104456380458,-0.04928981713488239,0.0,0.0,0.0,0.0,11.544433821905134
-0.9188351252209205,0.6844141785871977,-0.8118904006773442,-0.20835471960698504,0.0,0.0,0.0,0.0,11.561725152903833
-0.9388726971159317,0.6794256158214499,-0.8118904006773442,0.5074373415174769,0.0,0.0,0.0,0.0,11.557908390796706
-1.0034323935087357,0.6794256158214499,-0.8118904006773442,0.9846320489337848,0.0,0.0,0.0,0.0,11.535674727063007
-1.290759664650777,0.6744370530556949,-0.8118904006773442,0.5074373415174769,0.0,0.0,0.0,0.0,11.567423119906431
-0.106921082822279,0.6844141785871977,-0.802530490598744,0.5869697927535281,0.0,0.0,0.0,0.0,11.778369597156942
-0.31205768700071024,0.6844141785871977,-0.802530490598744,1.30276185387799,0.0,0.0,0.0,0.0,11.857939686169175
-0.3779776363158908,0.6844141785871977,-0.802530490598744,0.8255671464616822,0.0,0.0,0.0,0.0,11.955050317440996
-0.6096914899007598,0.6794256158214499,-0.8072104456380458,0.6665022439895795,0.0,0.0,0.0,0.0,11.798111925972618
-0.3027451862244385,0.6794256158214499,-0.802530490598744,0.9846320489337848,0.0,0.0,0.0,0.0,11.926365356462313
-0.3556904153569487,0.6794256158214499,-0.802530490598744,0.5869697927535281,0.0,0.0,0.0,0.0,11.656168298529856
-0.451431294124235,0.6943913041187005,-0.8072104456380458,0.9846320489337848,0.0,0.0,0.0,0.0,11.760574294255605
-0.9489176417734831,0.6943913041187005,-0.8072104456380458,0.5869697927535281,0.0,0.0,0.0,0.0,11.808583147519697
-0.6491911420697768,0.6894027413529527,-0.8072104456380458,1.1436969514058875,0.0,0.0,0.0,0.0,11.760574294255605
-0.5783533552660034,0.6894027413529527,-0.8072104456380458,0.3483724390453742,0.0,0.0,0.0,0.0,11.67335070422742
-0.2988736971376739,0.6894027413529527,-0.802530490598744,0.5074373415174769,0.0,0.0,0.0,0.0,11.659628479662329
-0.974605495038367,0.6894027413529527,-0.8072104456380458,0.5074373415174769,0.0,0.0,0.0,0.0,11.793590475326612
-0.15092003311915742,0.6844141785871977,-0.8072104456380458,1.1436969514058875,0.0,0.0,0.0,0.0,11.681832447342321
-0.5728600261564051,0.6844141785871977,-0.8118904006773442,0.3483724390453742,0.0,0.0,0.0,0.0,11.562677071567636
-0.52158895446682,0.6844141785871977,-0.8072104456380458,0.5869697927535281,0.0,0.0,0.0,0.0,11.679295469550114
-0.8134678411568143,0.6894027413529527,-0.8118904006773442,0.5869697927535281,0.0,0.0,0.0,0.0,11.559818592808288
-0.6824127038278243,0.6894027413529527,-0.8118904006773442,0.2688399878093229,0.0,0.0,0.0,0.0,11.567423119906431
-0.9841272654950042,0.6894027413529527,-0.8118904006773442,0.5869697927535281,0.0,0.0,0.0,0.0,11.634266607494453
-0.9255840724127128,0.6894027413529527,-0.8165703557166426,0.18930753657327157,0.0,0.0,0.0,0.0,11.507922973347437
-0.962938710357982,0.6894027413529527,-0.8165703557166426,0.2688399878093229,0.0,0.0,0.0,0.0,11.583393248239855
-0.7032350370242068,0.6844141785871977,-0.8165703557166426,0.6665022439895795,0.0,0.0,0.0,0.0,11.562677071567636
-0.8704415116363633,0.6844141785871977,-0.8118904006773442,0.42790489028142553,0.0,0.0,0.0,0.0,11.544433821905134
-0.49543024442111344,0.6894027413529527,-0.8165703557166426,0.7460346952256308,0.0,0.0,0.0,0.0,11.640447588047344
-0.6043027956313443,0.6844141785871977,-0.8165703557166426,0.9050995976977334,0.0,0.0,0.0,0.0,11.588969419043872
0.25548168615094047,0.6794256158214499,-0.8165703557166426,1.064164500169836,0.0,0.0,0.0,0.0,11.663076729214897
-0.5922174715902279,0.6794256158214499,-0.8165703557166426,0.8255671464616822,0.0,0.0,0.0,0.0,11.643084929027989
-0.8704415116363633,0.6794256158214499,-0.8165703557166426,1.064164500169836,0.0,0.0,0.0,0.0,11.701071692055445
-0.396236415927794,0.6794256158214499,-0.8118904006773442,1.1436969514058875,0.0,0.0,0.0,0.0,11.685205103383671
-0.20773675133843217,0.6794256158214499,-0.8165703557166426,1.30276185387799,0.0,0.0,0.0,0.0,11.614588152079595
-0.223798199306496,0.6794256158214499,-0.8212503107559409,0.7460346952256308,0.0,0.0,0.0,0.0,11.690242855114947
-0.8883863867277181,0.6794256158214499,-0.8212503107559409,0.03024263410116893,0.0,0.0,0.0,0.0,11.750374207389497
-0.9182596335999149,0.6744370530556949,-0.8165703557166426,-0.20835471960698504,0.0,0.0,0.0,0.0,11.835740580500783
-0.5926883283710507,0.6744370530556949,-0.8165703557166426,0.6665022439895795,0.0,0.0,0.0,0.0,11.46374572492597
-0.8508224791020833,0.6744370530556949,-0.8165703557166426,0.5869697927535281,0.0,0.0,0.0,0.0,11.748795687555171
-0.9089471328236434,0.6694484902899399,-0.8165703557166426,-1.0036792319674983,0.0,0.0,0.0,0.0,11.801114908687438
-0.659079134467054,0.6644599275241921,-0.8165703557166426,0.42790489028142553,0.0,0.0,0.0,0.0,11.521895117095363
-0.5931068677317819,0.6744370530556949,-0.8072104456380458,-0.12882226837093372,0.0,0.0,0.0,0.0,11.54346436927906
-1.0118031807233618,0.6744370530556949,-0.8118904006773442,-0.5264845245511903,0.0,0.0,0.0,0.0,11.496806245590331
-0.7963077273668308,0.6744370530556949,-0.8118904006773442,0.9050995976977334,0.0,0.0,0.0,0.0,11.49171204297103
-1.0812807146047583,0.6694484902899399,-0.8118904006773442,0.18930753657327157,0.0,0.0,0.0,0.0,11.520903555205116
-1.1694355674587897,0.6694484902899399,-0.8118904006773442,0.42790489028142553,0.0,0.0,0.0,0.0,11.480412603789821
-0.7354102503804257,0.6694484902899399,-0.8118904006773442,-0.04928981713488239,0.0,0.0,0.0,0.0,11.394153190178114
-0.24357418410105033,0.6694484902899399,-0.8118904006773442,1.30276185387799,0.0,0.0,0.0,0.0,11.630717389475995
-0.8046785145814569,0.6644599275241921,-0.8118904006773442,0.7460346952256308,0.0,0.0,0.0,0.0,11.542493975902508
-0.7854257039878169,0.6644599275241921,-0.8118904006773442,0.5074373415174769,0.0,0.0,0.0,0.0,11.446796346169297
-1.3958130441943348,0.6644599275241921,-0.8118904006773442,0.8255671464616822,0.0,0.0,0.0,0.0,11.43605521971203
-1.0022814102667246,0.6594713647584372,-0.8118904006773442,0.6665022439895795,0.0,0.0,0.0,0.0,11.5730888039415
-0.5490032825947204,0.6644599275241921,-0.8118904006773442,0.9050995976977334,0.0,0.0,0.0,0.0,11.49273296168228
-0.25942636238874855,0.6594713647584372,-0.8118904006773442,0.7460346952256308,0.0,0.0,0.0,0.0,11.569315250157509
-0.7442518943758747,0.6594713647584372,-0.8165703557166426,0.5074373415174769,0.0,0.0,0.0,0.0,11.424105180165641
-0.8854566112025988,0.6644599275241921,-0.8165703557166426,0.2688399878093229,0.0,0.0,0.0,0.0,11.495789479023493
-0.7392817394671903,0.6594713647584372,-0.8165703557166426,0.9846320489337848,0.0,0.0,0.0,0.0,11.623580937568695
0.012414952406234516,0.6594713647584372,-0.8165703557166426,0.5869697927535281,0.0,0.0,0.0,0.0,11.659628479662329
-0.6252297636679096,0.6594713647584372,-0.8165703557166426,0.42790489028142553,0.0,0.0,0.0,0.0,11.553116860704856
-0.537284180494244,0.6544828019926822,-0.8165703557166426,0.5869697927535281,0.0,0.0,0.0,0.0,11.604601777542019
-0.16091266035661728,0.6544828019926822,-0.8165703557166426,0.5869697927535281,0.0,0.0,0.0,0.0,11.701071692055445
-0.7293937470699133,0.6644599275241921,-0.8212503107559409,0.6665022439895795,0.0,0.0,0.0,0.0,11.6172944892629
-0.870650781316729,0.6594713647584372,-0.8212503107559409,0.6665022439895795,0.0,0.0,0.0,0.0,11.498836682527127
-0.47711914738911876,0.6594713647584372,-0.8165703557166426,0.6665022439895795,0.0,0.0,0.0,0.0,11.544433821905134
-0.29651941323356046,0.6594713647584372,-0.8165703557166426,0.5869697927535281,0.0,0.0,0.0,0.0,11.566475710526321
-0.33418795569937804,0.6544828019926822,-0.8212503107559409,0.8255671464616822,0.0,0.0,0.0,0.0,11.56362808494399
-0.40758929608763067,0.6544828019926822,-0.8212503107559409,0.9050995976977334,0.0,0.0,0.0,0.0,11.59451466851004
0.880413269142871,0.6544828019926822,-0.8212503107559409,0.5869697927535281,0.0,0.0,0.0,0.0,11.824087219587643
-0.9162192542163499,0.6744370530556949,-0.8212503107559409,0.6665022439895795,0.0,0.0,0.0,0.0,11.531757032705352
-1.160855510563798,0.6744370530556949,-0.8212503107559409,0.5074373415174769,0.0,0.0,0.0,0.0,11.537627833610571
-0.879649377572452,0.6694484902899399,-0.8165703557166426,0.5074373415174769,0.0,0.0,0.0,0.0,11.462694763725304
-0.6300952837364111,0.6694484902899399,-0.8212503107559409,0.5074373415174769,0.0,0.0,0.0,0.0,11.606424915484219
-0.43662546423836496,0.6694484902899399,-0.8212503107559409,0.9846320489337848,0.0,0.0,0.0,0.0,11.641327474774709
-0.37122868912409845,0.6694484902899399,-0.8165703557166426,0.5869697927535281,0.0,0.0,0.0,0.0,11.675902789388996
1.0945484695770253,0.6644599275241921,-0.8352901758738395,-0.28788717084303633,0.0,0.0,0.0,0.0,12.172003838488783
0.7609202816540834,0.6694484902899399,-0.8399701309131378,-0.28788717084303633,0.0,0.0,0.0,0.0,12.240478903153711
0.5061867632289924,0.6644599275241921,-0.8446500859524395,-0.5264845245511903,0.0,0.0,0.0,0.0,12.269521510708264
-0.033362790173751995,0.6594713647584372,-0.8399701309131378,-0.7650818782593443,0.0,0.0,0.0,0.0,12.245778817752209
0.1955259227261808,0.6594713647584372,-0.8259302657952426,-0.8446143294953956,0.0,0.0,0.0,0.0,12.03884263630228
1.138861324394452,0.6594713647584372,-0.8306102208345411,-0.20835471960698504,0.0,0.0,0.0,0.0,12.135655546026104
0.7411966142796206,0.6544828019926822,-0.8352901758738395,-0.28788717084303633,0.0,0.0,0.0,0.0,12.240478903153711
0.8714669903072393,0.6544828019926822,-0.8352901758738395,-0.3674196220790877,0.0,0.0,0.0,0.0,12.193498926601634
-0.06783997001399333,0.6494942392269343,-0.8306102208345411,0.03024263410116893,0.0,0.0,0.0,0.0,12.035290255730404
1.4144694934360174,0.6494942392269343,-0.8306102208345411,-0.20835471960698504,0.0,0.0,0.0,0.0,12.188931573152257
0.6632436583434149,0.6445056764611794,-0.8352901758738395,-0.12882226837093372,0.0,0.0,0.0,0.0,12.105152257898368
-0.006785540767313991,0.6445056764611794,-0.8399701309131378,-0.12882226837093372,0.0,0.0,0.0,0.0,12.14367050736717
-0.21192214494574524,0.6445056764611794,-0.8446500859524395,-0.8446143294953956,0.0,0.0,0.0,0.0,12.177678315028167
-0.1919368904708255,0.6395171136954244,-0.8399701309131378,-1.4013414881477548,0.0,0.0,0.0,0.0,12.000897933306716
-0.19685472795941827,0.6395171136954244,-0.8399701309131378,0.3483724390453742,0.0,0.0,0.0,0.0,12.117246896289503
0.6198201996675419,0.6395171136954244,-0.8399701309131378,0.42790489028142553,0.0,0.0,0.0,0.0,12.292254928916668
0.45151505923346563,0.6395171136954244,-0.8399701309131378,-0.446952073315139,0.0,0.0,0.0,0.0,12.379609899729042
0.13682577738361537,0.6395171136954244,-0.8446500859524395,-0.3674196220790877,0.0,0.0,0.0,0.0,12.285350445351659
0.15576468345670694,0.6445056764611794,-0.8493300409917379,-0.20835471960698504,0.0,0.0,0.0,0.0,12.23125781971899
-0.22955311551655153,0.6395171136954244,-0.8493300409917379,-0.6060169757872417,0.0,0.0,0.0,0.0,12.295917919903431
0.6157394409004119,0.6395171136954244,-0.8540099960310363,-0.7650818782593443,0.0,0.0,0.0,0.0,12.293171935322027
0.3399220021784811,0.6395171136954244,-0.858689951070338,-0.6060169757872417,0.0,0.0,0.0,0.0,12.705031132543777
0.7892763233436293,0.6445056764611794,-0.8493300409917379,0.10977508533722025,0.0,0.0,0.0,0.0,12.290877840689351
0.6943202058777145,0.6445056764611794,-0.8540099960310363,0.03024263410116893,0.0,0.0,0.0,0.0,12.266231276436766
0.274786814164672,0.6494942392269343,-0.8493300409917379,0.5869697927535281,0.0,0.0,0.0,0.0,12.02515610124372
0.25762670037468804,0.6494942392269343,-0.8493300409917379,0.3483724390453742,0.0,0.0,0.0,0.0,12.063938642041201
0.7075565131608418,0.6494942392269343,-0.8493300409917379,0.6665022439895795,0.0,0.0,0.0,0.0,12.160557363077048
0.02737773455237867,0.6494942392269343,-0.8540099960310363,-1.4808739393838062,0.0,0.0,0.0,0.0,11.643962499267984
-0.007413349808411112,0.6494942392269343,-0.8540099960310363,1.064164500169836,0.0,0.0,0.0,0.0,12.015523333397592
0.31695465475835083,0.6494942392269343,-0.8540099960310363,0.7460346952256308,0.0,0.0,0.0,0.0,12.158462035413251
0.1955259227261808,0.6494942392269343,-0.8493300409917379,0.8255671464616822,0.0,0.0,0.0,0.0,12.20757651415268
0.5098489826353911,0.6494942392269343,-0.858689951070338,-0.04928981713488239,0.0,0.0,0.0,0.0,12.282575248266141
0.024291006766985285,0.6494942392269343,-0.8399701309131378,-0.3674196220790877,0.0,0.0,0.0,0.0,12.248178615401173
0.35085634297758655,0.6445056764611794,-0.8446500859524395,-0.04928981713488239,0.0,0.0,0.0,0.0,12.076538965678628
0.24784334281759382,0.6494942392269343,-0.8446500859524395,-0.04928981713488239,0.0,0.0,0.0,0.0,12.208574513247495
-0.37122868912409845,0.6494942392269343,-0.8446500859524395,0.42790489028142553,0.0,0.0,0.0,0.0,12.138334343884129
-0.16975430435206618,0.6544828019926822,-0.8446500859524395,-0.3674196220790877,0.0,0.0,0.0,0.0,12.12595201815431
0.1323264792557536,0.6494942392269343,-0.8493300409917379,-0.04928981713488239,0.0,0.0,0.0,0.0,12.215532757235666
-0.11958189848440098,0.6544828019926822,-0.8493300409917379,-0.04928981713488239,0.0,0.0,0.0,0.0,11.67335070422742
0.3022011422925723,0.6544828019926822,-0.8446500859524395,-0.04928981713488239,0.0,0.0,0.0,0.0,12.166296978418426
-0.2186710921375376,0.6794256158214499,-0.8399701309131378,-0.04928981713488239,0.0,0.0,0.0,0.0,12.021554678392043
0.07618988749766704,0.6744370530556949,-0.8399701309131378,0.5074373415174769,0.0,0.0,0.0,0.0,12.033509321931893
0.10067444010044851,0.6744370530556949,-0.8399701309131378,0.7460346952256308,0.0,0.0,0.0,0.0,11.984808576881369
0.2988005099866305,0.6744370530556949,-0.8446500859524395,1.064164500169836,0.0,0.0,0.0,0.0,11.984184555794167
0.017175837634553173,0.6744370530556949,-0.8446500859524395,1.2232294026419388,0.0,0.0,0.0,0.0,12.069112524385531
-0.0878775419090046,0.6744370530556949,-0.8446500859524395,1.1436969514058875,0.0,0.0,0.0,0.0,12.073689165230697
-0.5192869879827978,0.6794256158214499,-0.8446500859524395,0.7460346952256308,0.0,0.0,0.0,1.0,12.078812973059884
0.13012914761191427,0.7492654945419838,-0.7978505355594456,-1.8785361955640627,0.0,0.0,0.0,0.0,12.05467400868968
-0.08473849670351968,0.7442769317762288,-0.7978505355594456,0.8255671464616822,0.0,0.0,0.0,0.0,11.971621655408228
-0.183775372936565,0.7442769317762288,-0.7978505355594456,0.8255671464616822,0.0,0.0,0.0,0.0,11.970356641102999
-0.09703309042500194,0.7442769317762288,-0.802530490598744,0.7460346952256308,0.0,0.0,0.0,0.0,11.967187086434018
0.34630472742963353,0.7442769317762288,-0.802530490598744,0.8255671464616822,0.0,0.0,0.0,0.0,12.017940238399461
-0.1330274754478942,0.7492654945419838,-0.802530490598744,0.5869697927535281,0.0,0.0,0.0,0.0,12.066816325306588
-0.0797683417948354,0.7442769317762288,-0.802530490598744,0.42790489028142553,0.0,0.0,0.0,0.0,12.02455676409265
-0.16776624238859247,0.7442769317762288,-0.7978505355594456,0.3483724390453742,0.0,0.0,0.0,0.0,12.059895922372384
-0.3439713132564723,0.7442769317762288,-0.7978505355594456,0.42790489028142553,0.0,0.0,0.0,0.0,12.014312686825066
0.4296986950553465,0.7392883690104738,-0.802530490598744,0.5869697927535281,0.0,0.0,0.0,0.0,12.050009304398564
0.5116277749184992,0.7392883690104738,-0.802530490598744,0.5869697927535281,0.0,0.0,0.0,0.0,12.02814741073532
0.36288934959861147,0.7392883690104738,-0.802530490598744,0.5869697927535281,0.0,0.0,0.0,0.0,12.048254415120404
-0.17305030181782521,0.7392883690104738,-0.802530490598744,0.18930753657327157,0.0,0.0,0.0,0.0,12.033509321931893
0.1405403142101054,0.7392883690104738,-0.7978505355594456,0.6665022439895795,0.0,0.0,0.0,0.0,12.074259775399616
0.10522605564840154,0.7342998062447259,-0.802530490598744,0.5074373415174769,0.0,0.0,0.0,0.0,12.052927293524847
0.2609226978404473,0.7342998062447259,-0.7978505355594456,0.5869697927535281,0.0,0.0,0.0,0.0,12.069685751267224
-0.38535439254878007,0.7342998062447259,-0.7978505355594456,0.3483724390453742,0.0,0.0,0.0,0.0,12.02455676409265
0.2216846327718873,0.729311243478971,-0.802530490598744,0.2688399878093229,0.0,0.0,0.0,0.0,11.927026509139932
0.15717725379917508,0.729311243478971,-0.802530490598744,0.42790489028142553,0.0,0.0,0.0,0.0,11.961456448214491
-0.37436773432958337,0.7342998062447259,-0.7931705805201473,0.3483724390453742,0.0,0.0,0.0,0.0,12.149507585033072
0.3665515690050107,0.7342998062447259,-0.7978505355594456,0.5074373415174769,0.0,0.0,0.0,0.0,12.134044816071038
0.36262776249815454,0.7342998062447259,-0.7884906254808456,-0.12882226837093372,0.0,0.0,0.0,0.0,12.227349675556338
0.4851551603522445,0.729311243478971,-0.7884906254808456,0.5869697927535281,0.0,0.0,0.0,0.0,12.473428278520133
1.2059845743717355,0.7342998062447259,-0.7931705805201473,0.42790489028142553,0.0,0.0,0.0,0.0,13.024973235978788
1.3370397117007253,0.729311243478971,-0.7884906254808456,0.42790489028142553,0.0,0.0,0.0,0.0,13.022103166385445
1.5035137424316023,0.729311243478971,-0.7884906254808456,0.42790489028142553,0.0,0.0,0.0,0.0,12.899222326086994
0.3917162480689803,0.724322680713216,-0.7838106704415472,0.7460346952256308,0.0,0.0,0.0,0.0,12.161603382806213
0.267828597292514,0.729311243478971,-0.7838106704415472,0.03024263410116893,0.0,0.0,0.0,0.0,12.474575721187843
0.981333572499207,0.724322680713216,-0.7884906254808456,0.5074373415174769,0.0,0.0,0.0,0.0,12.581081982573842
1.1489062690520038,0.724322680713216,-0.7838106704415472,0.42790489028142553,0.0,0.0,0.0,0.0,12.60216395655763
0.28054173037472707,0.724322680713216,-0.7838106704415472,0.7460346952256308,0.0,0.0,0.0,0.0,12.413090879946887
0.5106337439367623,0.724322680713216,-0.7838106704415472,0.5869697927535281,0.0,0.0,0.0,0.0,12.496130643234865
-0.3538069882336578,0.724322680713216,-0.7791307154022488,0.5074373415174769,0.0,0.0,0.0,0.0,12.192992471824816
0.43053577377680907,0.7193341179474682,-0.7791307154022488,0.5869697927535281,0.0,0.0,0.0,0.0,12.436791432162119
0.3122984043702152,0.7193341179474682,-0.7838106704415472,0.5869697927535281,0.0,0.0,0.0,0.0,12.491255347155265
0.06473237249764777,0.7193341179474682,-0.7838106704415472,0.7460346952256308,0.0,0.0,0.0,0.0,12.447845587147512
0.09277450966664541,0.7143455551817133,-0.7838106704415472,0.42790489028142553,0.0,0.0,0.0,0.0,12.532498153794986
0.35901786051184703,0.7193341179474682,-0.7838106704415472,0.5074373415174769,0.0,0.0,0.0,0.0,12.44312304677877
0.7993735854212722,0.7193341179474682,-0.7791307154022488,0.42790489028142553,0.0,0.0,0.0,0.0,12.39504288410708
0.014298379529525417,0.7193341179474682,-0.7884906254808456,0.6665022439895795,0.0,0.0,0.0,0.0,12.69649452136317
1.5162268755138157,0.7143455551817133,-0.7884906254808456,1.2232294026419388,0.0,0.0,0.0,0.0,12.591678524740319
1.5591271599887746,0.7143455551817133,-0.7884906254808456,1.064164500169836,0.0,0.0,0.0,0.0,12.611541086966115
0.6933261748959776,0.7143455551817133,-0.7884906254808456,0.6665022439895795,0.0,0.0,0.0,0.0,12.618185607609803
-0.11131574610995769,0.7143455551817133,-0.7884906254808456,0.5869697927535281,0.0,0.0,0.0,0.0,12.550020441826058
-0.4017820624574839,0.7093569924159583,-0.7838106704415472,0.3483724390453742,0.0,0.0,0.0,0.0,12.562000810699038
0.06473237249764777,0.7093569924159583,-0.7884906254808456,0.18930753657327157,0.0,0.0,0.0,0.0,12.480673277818179
0.6154255363798632,0.724322680713216,-0.7884906254808456,0.5869697927535281,0.0,0.0,0.0,0.0,12.505439929198145
-0.5988094665217459,0.724322680713216,-0.7931705805201473,0.3483724390453742,0.0,0.0,0.0,0.0,12.486356166069786
-0.17169004889544862,0.7193341179474682,-0.7931705805201473,0.42790489028142553,0.0,0.0,0.0,0.0,12.487488878546145
-0.4006833966355642,0.7193341179474682,-0.7884906254808456,-0.3674196220790877,0.0,0.0,0.0,0.0,12.345838935721968
-0.01756292930614532,0.729311243478971,-0.7978505355594456,0.5074373415174769,0.0,0.0,0.0,0.0,12.554970929480584
0.29362108539758053,0.729311243478971,-0.7931705805201473,0.6665022439895795,0.0,0.0,0.0,0.0,12.408609326231229
0.6014044677953646,0.729311243478971,-0.7931705805201473,0.2688399878093229,0.0,0.0,0.0,0.0,12.450590137999692
-0.28621288147555196,0.724322680713216,-0.7931705805201473,0.18930753657327157,0.0,0.0,0.0,0.0,12.510984184596735
0.41787495811468683,0.724322680713216,-0.7931705805201473,0.3483724390453742,0.0,0.0,0.0,0.0,12.553205710188037
0.6709343190968524,0.729311243478971,-0.7931705805201473,0.5869697927535281,0.0,0.0,0.0,0.0,12.600143080224452
-0.3532314966126524,0.729311243478971,-0.7978505355594456,-0.9241467807314468,0.0,0.0,0.0,0.0,11.998439434579149
-0.6733094727319182,0.724322680713216,-0.802530490598744,-0.12882226837093372,0.0,0.0,0.0,0.0,12.121064714846538
-0.4108852935533897,0.724322680713216,-0.7978505355594456,-0.12882226837093372,0.0,0.0,0.0,0.0,12.141539457711714
-0.7239527353804063,0.7193341179474682,-0.802530490598744,-0.04928981713488239,0.0,0.0,0.0,0.0,12.085039960478051
0.1581712847809119,0.7193341179474682,-0.802530490598744,0.5869697927535281,0.0,0.0,0.0,0.0,12.213549623135716
-0.34140775967199294,0.7143455551817133,-0.802530490598744,0.18930753657327157,0.0,0.0,0.0,0.0,12.293171935322027
-0.26586140505999223,0.7143455551817133,-0.7978505355594456,0.18930753657327157,0.0,0.0,0.0,0.0,12.318959268856462
0.28859861306880497,0.7143455551817133,-0.7978505355594456,0.2688399878093229,0.0,0.0,0.0,0.0,12.330063042262541
0.40913794895942074,0.7093569924159583,-0.7978505355594456,0.10977508533722025,0.0,0.0,0.0,0.0,12.241927122338913
-0.38017496795973016,0.7193341179474682,-0.7978505355594456,0.42790489028142553,0.0,0.0,0.0,0.0,12.164734893029634
-0.622613892663339,0.7193341179474682,-0.7978505355594456,-0.7650818782593443,0.0,0.0,0.0,0.0,12.184854116317803
-0.5000341773891578,0.7143455551817133,-0.7931705805201473,0.18930753657327157,0.0,0.0,0.0,0.0,12.188931573152257
0.06677275188121277,0.7143455551817133,-0.7931705805201473,0.5074373415174769,0.0,0.0,0.0,0.0,12.330504638906516
0.20044376021477378,0.7093569924159583,-0.7931705805201473,0.5869697927535281,0.0,0.0,0.0,0.0,12.398348658581329
-0.28636983373582625,0.7093569924159583,-0.7931705805201473,0.6665022439895795,0.0,0.0,0.0,0.0,12.204576526902637
-0.5696163461107373,0.7093569924159583,-0.7884906254808456,0.5074373415174769,0.0,0.0,0.0,0.0,12.250094315624496
-0.0955682026624423,0.7043684296502104,-0.7931705805201473,-0.28788717084303633,0.0,0.0,0.0,0.0,12.381289859469133
-0.060096991840464103,0.7093569924159583,-0.7978505355594456,-0.28788717084303633,0.0,0.0,0.0,0.0,12.45254592991672
0.030830684278412027,0.7043684296502104,-0.7931705805201473,-0.28788717084303633,0.0,0.0,0.0,0.0,12.358368749551493
0.5778616287542286,0.7093569924159583,-0.7978505355594456,1.064164500169836,0.0,0.0,0.0,0.0,12.265760357995845
0.32009369996383574,0.7043684296502104,-0.802530490598744,0.5869697927535281,0.0,0.0,0.0,0.0,12.296374851796545
0.029522748776126727,0.7143455551817133,-0.802530490598744,0.5074373415174769,0.0,0.0,0.0,0.0,12.157412722878947
0.2609226978404473,0.7093569924159583,-0.802530490598744,0.5869697927535281,0.0,0.0,0.0,0.0,12.123782831670258
0.2318342122696215,0.7093569924159583,-0.802530490598744,0.9050995976977334,0.0,0.0,0.0,0.0,12.198045514142787
-0.6742511862935638,0.7093569924159583,-0.802530490598744,-0.04928981713488239,0.0,0.0,0.0,0.0,11.990407312509369
-0.7091469054945364,0.7093569924159583,-0.802530490598744,0.10977508533722025,0.0,0.0,0.0,0.0,12.116153408446742
-0.3868192803113397,0.729311243478971,-0.8072104456380458,-0.7650818782593443,0.0,0.0,0.0,0.0,12.190456343334482
0.39898836946168653,0.724322680713216,-0.8072104456380458,0.42790489028142553,0.0,0.0,0.0,0.0,12.065666245536807
-0.0442448135527659,0.724322680713216,-0.8072104456380458,0.5074373415174769,0.0,0.0,0.0,0.0,12.12215284831553
-0.09656223364417915,0.724322680713216,-0.8072104456380458,0.5074373415174769,0.0,0.0,0.0,0.0,12.193498926601634
0.5552081858546466,0.7193341179474682,-0.8072104456380458,0.5074373415174769,0.0,0.0,0.0,0.0,12.121608929585332
0.541187117270148,0.7193341179474682,-0.8072104456380458,0.42790489028142553,0.0,0.0,0.0,0.0,12.310437165348775
0.3132401179318603,0.7143455551817133,-0.8072104456380458,0.5869697927535281,0.0,0.0,0.0,0.0,12.11341444611523
-0.43411422807397715,0.7143455551817133,-0.8072104456380458,0.42790489028142553,0.0,0.0,0.0,0.0,12.143138170555755
0.5225097982975133,0.7342998062447259,-0.8072104456380458,0.9050995976977334,0.0,0.0,0.0,0.0,12.029341433599432
0.20489074092254375,0.7342998062447259,-0.8072104456380458,0.5869697927535281,0.0,0.0,0.0,0.0,12.077107952499174
-0.12418583145244531,0.7342998062447259,-0.8072104456380458,0.5869697927535281,0.0,0.0,0.0,0.0,12.029341433599432
0.4734883756718591,0.7342998062447259,-0.8118904006773442,0.5074373415174769,0.0,0.0,0.0,0.0,11.982935344196433
0.5674504621560371,0.729311243478971,-0.8072104456380458,0.03024263410116893,0.0,0.0,0.0,0.0,12.137263685701864
0.11066706733790839,0.729311243478971,-0.8072104456380458,-0.5264845245511903,0.0,0.0,0.0,0.0,11.942764435686394
-0.6469414930058461,0.7342998062447259,-0.8072104456380458,0.03024263410116893,0.0,0.0,0.0,0.0,12.010063844310778
-0.041524307708012485,0.7392883690104738,-0.8072104456380458,-1.1627441344396008,0.0,0.0,0.0,0.0,11.979178318844294
-0.23813317241154328,0.7392883690104738,-0.8072104456380458,0.42790489028142553,0.0,0.0,0.0,0.0,11.85723122498801
0.09178047868490856,0.7392883690104738,-0.8072104456380458,0.5869697927535281,0.0,0.0,0.0,0.0,11.996591585872558
-0.0721823158815805,0.7392883690104738,-0.802530490598744,0.5074373415174769,0.0,0.0,0.0,0.0,12.020953178232556
0.5738855048272813,0.7342998062447259,-0.8072104456380458,0.5074373415174769,0.0,0.0,0.0,0.0,12.013706813470414
0.6500073510602871,0.7442769317762288,-0.8072104456380458,0.5869697927535281,0.0,0.0,0.0,0.0,12.032320268218989
-1.5076153709296847,0.7442769317762288,-0.8072104456380458,0.10977508533722025,0.0,0.0,0.0,0.0,11.982310152711182
0.17627311213254052,0.7392883690104738,-0.8118904006773442,0.6665022439895795,0.0,0.0,0.0,0.0,12.011279642540796
-0.3167662548089374,0.7342998062447259,-0.8072104456380458,0.5074373415174769,0.0,0.0,0.0,0.0,11.981058595924264
-0.5312676771837316,0.7442769317762288,-0.8072104456380458,0.10977508533722025,0.0,0.0,0.0,0.0,12.017336559562407
-0.3560566372975887,0.7492654945419838,-0.8072104456380458,0.03024263410116893,0.0,0.0,0.0,0.0,11.977922833779727
-0.5133751195124682,0.7442769317762288,-0.8072104456380458,-0.8446143294953956,0.0,0.0,0.0,0.0,11.897514169490739
0.1372966341644379,0.7542540573077315,-0.8072104456380458,-0.3674196220790877,0.0,0.0,0.0,0.0,11.968456114085114
-0.35218514821082403,0.7542540573077315,-0.8072104456380458,-0.6060169757872417,0.0,0.0,0.0,0.0,12.104599010599317
0.41688092713294994,0.7542540573077315,-0.8072104456380458,0.5869697927535281,0.0,0.0,0.0,0.0,12.062785246027499
0.07676537911867265,0.7492654945419838,-0.8072104456380458,0.5074373415174769,0.0,0.0,0.0,0.0,11.968456114085114
-1.047012804444883,0.7592426200734865,-0.8118904006773442,0.9846320489337848,0.0,0.0,0.0,0.0,11.694421681264394
-0.3591956825030733,0.7592426200734865,-0.8118904006773442,0.5869697927535281,0.0,0.0,0.0,0.0,11.951186847493476
0.2827390620185664,0.7542540573077315,-0.8118904006773442,0.6665022439895795,0.0,0.0,0.0,0.0,11.970356641102999
0.6456650051927002,0.7542540573077315,-0.8165703557166426,-0.20835471960698504,0.0,0.0,0.0,0.0,12.303657509006147
0.34567691838853665,0.7492654945419838,-0.8165703557166426,0.03024263410116893,0.0,0.0,0.0,0.0,12.129736808912964
-0.4177911930054562,0.7492654945419838,-0.8165703557166426,-0.9241467807314468,0.0,0.0,0.0,0.0,11.987922854613139
-0.3930450533022178,0.7492654945419838,-0.8165703557166426,0.5074373415174769,0.0,0.0,0.0,0.0,11.697752214480175
-0.43976450944384987,0.7442769317762288,-0.8165703557166426,-0.04928981713488239,0.0,0.0,0.0,0.0,11.723194494148304
-0.35814933410124516,0.7442769317762288,-0.8165703557166426,0.5074373415174769,0.0,0.0,0.0,0.0,11.651826167019166
-0.30897095921531686,0.7442769317762288,-0.8165703557166426,0.6665022439895795,0.0,0.0,0.0,0.0,11.942113610091182
0.0043580697121568404,0.7492654945419838,-0.8118904006773442,0.8255671464616822,0.0,0.0,0.0,0.0,12.008237370904832
-0.004745161383748984,0.7492654945419838,-0.8118904006773442,1.064164500169836,0.0,0.0,0.0,0.0,11.999669439469741
0.3998777656032408,0.7492654945419838,-0.8118904006773442,1.30276185387799,0.0,0.0,0.0,0.0,12.03884263630228
0.17370955854806167,0.7442769317762288,-0.8118904006773442,1.2232294026419388,0.0,0.0,0.0,0.0,12.033509321931893
-0.16651062430639868,0.7442769317762288,-0.8118904006773442,1.064164500169836,0.0,0.0,0.0,0.0,11.989786776470444
0.08885070315978927,0.7392883690104738,-0.8118904006773442,0.6665022439895795,0.0,0.0,0.0,0.0,11.941462360646149
-0.3830524260647579,0.7392883690104738,-0.8118904006773442,0.3483724390453742,0.0,0.0,0.0,0.0,12.07994804051962
0.23476398779474078,0.7342998062447259,-0.8118904006773442,1.1436969514058875,0.0,0.0,0.0,0.0,12.019749091416921
0.2827390620185664,0.7342998062447259,-0.8118904006773442,0.9050995976977334,0.0,0.0,0.0,0.0,12.0702586497481
-0.07542599592724823,0.7442769317762288,-0.8165703557166426,0.9846320489337848,0.0,0.0,0.0,0.0,12.02874460037869
0.1131783035022964,0.7392883690104738,-0.8165703557166426,1.064164500169836,0.0,0.0,0.0,0.0,12.010063844310778
-0.4066475825259851,0.7392883690104738,-0.8165703557166426,-0.12882226837093372,0.0,0.0,0.0,0.0,12.023357011097826
0.3228665232286807,0.7342998062447259,-0.8165703557166426,0.42790489028142553,0.0,0.0,0.0,0.0,12.131354487250757
0.4571130231832468,0.7342998062447259,-0.8118904006773442,0.6665022439895795,0.0,0.0,0.0,0.0,11.994740316298905
-0.144537307868005,0.7342998062447259,-0.8118904006773442,0.6665022439895795,0.0,0.0,0.0,0.0,11.9601785009348
0.43927278293207517,0.7342998062447259,-0.8165703557166426,0.5869697927535281,0.0,0.0,0.0,0.0,12.112316757188815
-0.15160015958034584,0.7342998062447259,-0.8165703557166426,0.5074373415174769,0.0,0.0,0.0,0.0,12.08954444723597
0.32087846126520697,0.729311243478971,-0.8118904006773442,0.5074373415174769,0.0,0.0,0.0,0.0,12.12595201815431
-0.19413422211466486,0.729311243478971,-0.8118904006773442,-0.20835471960698504,0.0,0.0,0.0,0.0,12.185875040240456
0.2609226978404473,0.729311243478971,-0.8165703557166426,0.5074373415174769,0.0,0.0,0.0,0.0,12.2293056568353
-0.35019708624735035,0.729311243478971,-0.8165703557166426,0.42790489028142553,0.0,0.0,0.0,0.0,12.373707715234994
0.6273015907406142,0.729311243478971,-0.8118904006773442,0.5074373415174769,0.0,0.0,0.0,0.0,12.08954444723597
0.6623542622018607,0.729311243478971,-0.8118904006773442,0.5869697927535281,0.0,0.0,0.0,0.0,12.117793192144138
0.0032070864701458767,0.729311243478971,-0.8072104456380458,0.5869697927535281,0.0,0.0,0.0,0.0,12.1709686470671
-0.1564656796488473,0.724322680713216,-0.8072104456380458,0.5869697927535281,0.0,0.0,0.0,0.0,12.242409396366712
-0.4584418284164843,0.724322680713216,-0.8072104456380458,0.5869697927535281,0.0,0.0,0.0,0.0,12.285812230343542
0.4656407626581473,0.7193341179474682,-0.8118904006773442,0.7460346952256308,0.0,0.0,0.0,0.0,12.163170363711957
0.32359896710996017,0.7193341179474682,-0.8072104456380458,0.5869697927535281,0.0,0.0,0.0,0.0,12.157937516778192
0.2609226978404473,0.7143455551817133,-0.8072104456380458,0.6665022439895795,0.0,0.0,0.0,0.0,12.087294740154986
-0.14600219563056466,0.7143455551817133,-0.8118904006773442,-0.20835471960698504,0.0,0.0,0.0,0.0,12.327409359385856
-0.3954516546264228,0.7143455551817133,-0.8072104456380458,0.2688399878093229,0.0,0.0,0.0,0.0,12.226860081860359
0.08110772498626004,0.7093569924159583,-0.8072104456380458,0.5074373415174769,0.0,0.0,0.0,0.0,12.002737848944351
-0.47711914738911876,0.7093569924159583,-0.8072104456380458,0.7460346952256308,0.0,0.0,0.0,0.0,11.900912042974875
-0.5583681007910835,0.7093569924159583,-0.8118904006773442,-0.6855494270232929,0.0,0.0,0.0,0.0,11.88173350431221
-0.5976584832797347,0.7043684296502104,-0.8118904006773442,-0.04928981713488239,0.0,0.0,0.0,0.0,11.96209480994468
-0.48297869843935703,0.7043684296502104,-0.8072104456380458,-0.04928981713488239,0.0,0.0,0.0,0.0,11.752737324967208
-0.4078508831880878,0.7043684296502104,-0.8072104456380458,0.5074373415174769,0.0,0.0,0.0,0.0,11.87757552297847
-0.29196779768560743,0.7093569924159583,-0.8072104456380458,0.5074373415174769,0.0,0.0,0.0,0.0,11.80036500801413
-0.8008070254946923,0.7093569924159583,-0.8072104456380458,-0.28788717084303633,0.0,0.0,0.0,0.0,11.892053442342334
-0.37959947633872454,0.7043684296502104,-0.8072104456380458,-1.7990037443280114,0.0,0.0,0.0,0.0,11.87757552297847
-0.5274485055170582,0.6993798668844555,-0.8118904006773442,-1.3218090369117035,0.0,0.0,0.0,0.0,11.645715332733134
-0.03990246768517874,0.6993798668844555,-0.8072104456380458,1.064164500169836,0.0,0.0,0.0,0.0,11.889997957243736
0.02983665329667517,0.6993798668844555,-0.8072104456380458,0.6665022439895795,0.0,0.0,0.0,0.0,11.997207914913153
-0.754924648074523,0.6943913041187005,-0.8118904006773442,-0.28788717084303633,0.0,0.0,0.0,0.0,11.951186847493476
-0.17273639729727677,0.6943913041187005,-0.8118904006773442,0.2688399878093229,0.0,0.0,0.0,0.0,11.894104711087113
-0.6001174020240312,0.6943913041187005,-0.8118904006773442,0.2688399878093229,0.0,0.0,0.0,0.0,11.876185678347824
-0.4108852935533897,0.6943913041187005,-0.8118904006773442,0.18930753657327157,0.0,0.0,0.0,0.0,11.924379271639218
-0.40549659928397414,0.6943913041187005,-0.8118904006773442,0.42790489028142553,0.0,0.0,0.0,0.0,11.852257893055606
-0.8843579453806791,0.7043684296502104,-0.8165703557166426,0.7460346952256308,0.0,0.0,0.0,0.0,11.876185678347824
-1.12057109709341,0.7043684296502104,-0.8165703557166426,-1.7990037443280114,0.0,0.0,0.0,0.0,11.889997957243736
1.7610200841215382,0.6993798668844555,-0.8165703557166426,1.8594890125303492,0.0,0.0,0.0,0.0,12.765691290604371
-0.6505513949921535,0.6993798668844555,-0.8165703557166426,-1.4013414881477548,0.0,0.0,0.0,0.0,11.9873007744816
-0.6288919830743086,0.6943913041187005,-0.8165703557166426,-0.28788717084303633,0.0,0.0,0.0,0.0,11.789806920177805
-0.3150920973660121,0.7093569924159583,-0.8165703557166426,0.10977508533722025,0.0,0.0,0.0,0.0,11.906999271191623
-0.7095654448552677,0.7093569924159583,-0.8212503107559409,-0.3674196220790877,0.0,0.0,0.0,0.0,11.891368749982085
-0.24550992864443252,0.7093569924159583,-0.8165703557166426,0.3483724390453742,0.0,0.0,0.0,0.0,12.158986279072735
-0.311272925699339,0.7043684296502104,-0.8165703557166426,1.3822943051140413,0.0,0.0,0.0,0.0,12.159510248044802
-0.4700039782566866,0.7043684296502104,-0.8212503107559409,0.10977508533722025,0.0,0.0,0.0,0.0,12.040614105490253
-0.20376062741148473,0.7193341179474682,-0.8118904006773442,0.5869697927535281,0.0,0.0,0.0,0.0,12.247219387314328
-0.5156770859964903,0.7193341179474682,-0.8165703557166426,0.3483724390453742,0.0,0.0,0.0,0.0,12.230282214644559
-0.4954825618412049,0.7143455551817133,-0.8165703557166426,0.3483724390453742,0.0,0.0,0.0,0.0,12.11943029135234
0.6085719543478882,0.7193341179474682,-0.8165703557166426,0.5869697927535281,0.0,0.0,0.0,0.0,12.327409359385856
-0.13145795284515174,0.7193341179474682,-0.8118904006773442,0.5869697927535281,0.0,0.0,0.0,0.0,12.184854116317803
-0.28187053560796477,0.7143455551817133,-0.8118904006773442,0.8255671464616822,0.0,0.0,0.0,0.0,12.101273083619482
0.014403014369708231,0.7193341179474682,-0.8118904006773442,0.5074373415174769,0.0,0.0,0.0,0.0,12.219487265827034
-0.49114021597361757,0.724322680713216,-0.8118904006773442,0.5074373415174769,0.0,0.0,0.0,0.0,12.238060533986511
-0.49543024442111344,0.724322680713216,-0.8165703557166426,-0.5264845245511903,0.0,0.0,0.0,0.0,12.048254415120404
-0.6974278033940597,0.724322680713216,-0.8165703557166426,0.03024263410116893,0.0,0.0,0.0,0.0,12.105705199284083
0.13012914761191427,0.724322680713216,-0.8118904006773442,0.7460346952256308,0.0,0.0,0.0,0.0,12.066241450757124
-0.6580851034853172,0.724322680713216,-0.8212503107559409,-0.28788717084303633,0.0,0.0,0.0,0.0,12.40410759774362
-0.35783542958069675,0.724322680713216,-0.8212503107559409,0.9050995976977334,0.0,0.0,0.0,0.0,12.164734893029634
-0.8755686188053218,0.7193341179474682,-0.8212503107559409,0.2688399878093229,0.0,0.0,0.0,0.0,12.16889504380259
-0.6090636808596629,0.7193341179474682,-0.8165703557166426,0.03024263410116893,0.0,0.0,0.0,0.0,12.016732516077072
0.541187117270148,0.7143455551817133,-0.8165703557166426,0.6665022439895795,0.0,0.0,0.0,0.0,12.098493002763465
0.09125730448399424,0.7143455551817133,-0.8212503107559409,0.10977508533722025,0.0,0.0,0.0,0.0,12.097936057925594
0.15409052601378145,0.7143455551817133,-0.8165703557166426,0.3483724390453742,0.0,0.0,0.0,0.0,12.07254696717504
0.25548168615094047,0.7143455551817133,-0.8212503107559409,0.9846320489337848,0.0,0.0,0.0,0.0,11.991647230585656
-0.6341760425035413,0.7143455551817133,-0.8212503107559409,-0.3674196220790877,0.0,0.0,0.0,0.0,12.032914971806521
-0.26418724761706697,0.7093569924159583,-0.8259302657952426,0.03024263410116893,0.0,0.0,0.0,0.0,12.197036946273975
0.11239354220092518,0.729311243478971,-0.8212503107559409,-0.7650818782593443,0.0,0.0,0.0,0.0,12.387147592295292
0.4159392135713044,0.729311243478971,-0.8259302657952426,0.3483724390453742,0.0,0.0,0.0,0.0,12.35363452394233
0.6097229375898989,0.729311243478971,-0.8259302657952426,-1.0832116832035494,0.0,0.0,0.0,0.0,12.3917261452321
-0.7170468359283397,0.724322680713216,-0.8259302657952426,-0.6060169757872417,0.0,0.0,0.0,0.0,11.959538914341756
-0.41684947944381084,0.724322680713216,-0.8212503107559409,0.5869697927535281,0.0,0.0,0.0,0.0,12.294088101596984
-0.18231048517400536,0.7193341179474682,-0.8212503107559409,0.2688399878093229,0.0,0.0,0.0,0.0,12.02035131605286
-0.285585072434455,0.7193341179474682,-0.8259302657952426,-0.6855494270232929,0.0,0.0,0.0,0.0,12.178706587466984
-0.40669989994607664,0.7143455551817133,-0.8259302657952426,-0.6060169757872417,0.0,0.0,0.0,0.0,12.051761119434515
0.9865129970882569,0.7642311828392344,-0.8212503107559409,-0.9241467807314468,0.0,0.0,0.0,0.0,12.602500372586318
1.2675098603992376,0.7642311828392344,-0.8259302657952426,-0.9241467807314468,0.0,0.0,0.0,0.0,12.563051043422098
1.419805870285341,0.7542540573077315,-0.8212503107559409,-0.9241467807314468,0.0,0.0,0.0,0.0,12.729027412930751
1.051177328321244,0.7592426200734865,-0.8259302657952426,-0.8446143294953956,0.0,0.0,0.0,0.0,12.65651430601914
0.20175169571705887,0.7492654945419838,-0.8212503107559409,-0.9241467807314468,0.0,0.0,0.0,0.0,11.847259703415569
1.214041457065813,0.7492654945419838,-0.8212503107559409,-0.8446143294953956,0.0,0.0,0.0,0.0,12.750432653574146
0.9882394719512737,0.7492654945419838,-0.8259302657952426,-0.8446143294953956,0.0,0.0,0.0,0.0,12.608536587975873
1.0447946030700916,0.7442769317762288,-0.8306102208345411,-0.9241467807314468,0.0,0.0,0.0,0.0,12.567240979056246
1.238055152887772,0.7442769317762288,-0.8352901758738395,-0.7650818782593443,0.0,0.0,0.0,0.0,12.573146829448284
0.944606743595035,0.7492654945419838,-0.8306102208345411,-0.9241467807314468,0.0,0.0,0.0,0.0,12.733463308313716
1.6401668437103738,0.7492654945419838,-0.8352901758738395,-1.0036792319674983,0.0,0.0,0.0,0.0,12.675141462975478
0.6286095262428992,0.7542540573077315,-0.8306102208345411,-1.0036792319674983,0.0,0.0,0.0,0.0,12.59031752201578
0.8018325041655685,0.7592426200734865,-0.8306102208345411,-1.0036792319674983,0.0,0.0,0.0,0.0,12.48975046163757
1.0744585802619224,0.7692197456049893,-0.8259302657952426,-1.0036792319674983,0.0,0.0,0.0,0.0,12.533940109913773
0.949786168184085,0.7642311828392344,-0.8259302657952426,-0.8446143294953956,0.0,0.0,0.0,0.0,12.524893581947863
1.771745155240278,0.7642311828392344,-0.8306102208345411,-0.6060169757872417,0.0,0.0,0.0,0.0,12.684481476888676
1.3995067112898731,0.7592426200734865,-0.8306102208345411,-1.0036792319674983,0.0,0.0,0.0,0.0,12.76683349192158
1.3996113461300557,0.7342998062447259,-0.8212503107559409,-0.8446143294953956,0.0,0.0,0.0,0.0,12.6748286217805
0.24245464854817825,0.7342998062447259,-0.8306102208345411,-0.6060169757872417,0.0,0.0,0.0,0.0,12.499119054168606
1.272898554668653,0.7392883690104738,-0.8352901758738395,-0.7650818782593443,0.0,0.0,0.0,0.0,12.565497305532237
0.9561688934352374,0.7342998062447259,-0.8352901758738395,-0.7650818782593443,0.0,0.0,0.0,0.0,12.533940109913773
-0.12272094368988566,0.7442769317762288,-0.8212503107559409,-0.12882226837093372,0.0,0.0,0.0,0.0,12.245778817752209
-0.005686874945394318,0.7392883690104738,-0.8212503107559409,-0.12882226837093372,0.0,0.0,0.0,0.0,12.182297237179363
-0.16745233786804403,0.7492654945419838,-0.8165703557166426,0.2688399878093229,0.0,0.0,0.0,0.0,11.891368749982085
0.06473237249764777,0.7442769317762288,-0.8165703557166426,0.3483724390453742,0.0,0.0,0.0,0.0,11.889311855577725
-0.32037615679524484,0.7442769317762288,-0.8212503107559409,0.10977508533722025,0.0,0.0,0.0,0.0,11.696088334428081
0.6739687294621547,0.7442769317762288,-0.8212503107559409,-0.20835471960698504,0.0,0.0,0.0,0.0,12.408609326231229
0.13829066514617477,0.7442769317762288,-0.8259302657952426,-0.446952073315139,0.0,0.0,0.0,0.0,12.210069646866993
-0.1268017024570159,0.7492654945419838,-0.8259302657952426,-0.04928981713488239,0.0,0.0,0.0,0.0,12.3018418108936
-0.08745900254827334,0.7492654945419838,-0.8306102208345411,0.18930753657327157,0.0,0.0,0.0,0.0,12.32785212918379
-0.23609279302797825,0.7492654945419838,-0.8306102208345411,-0.04928981713488239,0.0,0.0,0.0,0.0,12.153204427390497
-0.3182834599915883,0.7442769317762288,-0.8306102208345411,-0.20835471960698504,0.0,0.0,0.0,0.0,12.373707715234994
-0.18283365937491944,0.7442769317762288,-0.8306102208345411,0.03024263410116893,0.0,0.0,0.0,0.0,12.280720828886404
0.5067099374299067,0.7442769317762288,-0.8399701309131378,0.18930753657327157,0.0,0.0,0.0,0.0,12.178706587466984
0.3472464409912791,0.7392883690104738,-0.8399701309131378,-0.446952073315139,0.0,0.0,0.0,0.0,12.269521510708264
0.4789293873613659,0.7392883690104738,-0.8399701309131378,-0.12882226837093372,0.0,0.0,0.0,0.0,12.290877840689351
1.111080774325912,0.7442769317762288,-0.8352901758738395,-0.5264845245511903,0.0,0.0,0.0,0.0,12.161603382806213
-0.041942847068743745,0.7442769317762288,-0.8399701309131378,-0.04928981713488239,0.0,0.0,0.0,0.0,11.999669439469741
-0.27857453814220573,0.7442769317762288,-0.8399701309131378,-0.28788717084303633,0.0,0.0,0.0,0.0,11.940158587995837
0.48081281448465707,0.7542540573077315,-0.8399701309131378,-0.20835471960698504,0.0,0.0,0.0,0.0,12.259144108039314
0.09308841418719363,0.7542540573077315,-0.8399701309131378,-0.6855494270232929,0.0,0.0,0.0,0.0,12.034103319015012
1.004614824439886,0.7492654945419838,-0.8493300409917379,-0.12882226837093372,0.0,0.0,0.0,0.0,12.337982098521458
1.2428683555361817,0.7442769317762288,-0.8493300409917379,-0.20835471960698504,0.0,0.0,0.0,0.0,12.753329518587048
-0.5756851668413413,0.7442769317762288,-0.8446500859524395,0.10977508533722025,0.0,0.0,0.0,0.0,11.82628259408539
-0.5581065136906265,0.7442769317762288,-0.8493300409917379,0.10977508533722025,0.0,0.0,0.0,0.0,11.680987503016127
-0.6688624920241483,0.7492654945419838,-0.8446500859524395,-0.9241467807314468,0.0,0.0,0.0,0.0,11.869907361794104
0.7913690201472856,0.729311243478971,-0.8306102208345411,0.3483724390453742,0.0,0.0,0.0,0.0,12.366919427768636
0.16936721268047428,0.729311243478971,-0.8306102208345411,0.5074373415174769,0.0,0.0,0.0,0.0,12.332269077986075
0.2318342122696215,0.724322680713216,-0.8306102208345411,1.2232294026419388,0.0,0.0,0.0,0.0,12.20357452783082
-0.43725327327946184,0.724322680713216,-0.8259302657952426,1.1436969514058875,0.0,0.0,0.0,0.0,12.144202560946876
0.41865971941605806,0.7193341179474682,-0.8259302657952426,1.30276185387799,0.0,0.0,0.0,0.0,12.198045514142787
0.27400205286330076,0.7193341179474682,-0.8306102208345411,1.30276185387799,0.0,0.0,0.0,0.0,12.252483791602627
-0.1532743170232711,0.7193341179474682,-0.8306102208345411,1.30276185387799,0.0,0.0,0.0,0.0,12.207077140855777
0.27096764249799843,0.7143455551817133,-0.8259302657952426,1.2232294026419388,0.0,0.0,0.0,0.0,12.299112067295642
0.5879065734117799,0.7143455551817133,-0.8306102208345411,1.1436969514058875,0.0,0.0,0.0,0.0,12.249615734512616
0.3917162480689803,0.7143455551817133,-0.8306102208345411,1.2232294026419388,0.0,0.0,0.0,0.0,12.270928303874424
0.5181674524299259,0.7143455551817133,-0.8306102208345411,1.2232294026419388,0.0,0.0,0.0,0.0,12.293630123379582
0.6318532062885668,0.7143455551817133,-0.8259302657952426,1.2232294026419388,0.0,0.0,0.0,0.0,12.274203145281486
0.3228665232286807,0.7093569924159583,-0.8306102208345411,0.42790489028142553,0.0,0.0,0.0,0.0,12.272800954830618
-0.45247764252606315,0.7043684296502104,-0.8212503107559409,0.3483724390453742,0.0,0.0,0.0,0.0,12.025755079404917
-0.42260439565386637,0.7093569924159583,-0.8259302657952426,0.3483724390453742,0.0,0.0,0.0,0.0,12.110667961260443
-0.6464706362250233,0.7043684296502104,-0.8259302657952426,0.2688399878093229,0.0,0.0,0.0,0.0,11.96209480994468
-0.9866908190794834,0.7043684296502104,-0.8212503107559409,-0.8446143294953956,0.0,0.0,0.0,0.0,12.045322738624144
-0.45572132257173087,0.6993798668844555,-0.8212503107559409,0.03024263410116893,0.0,0.0,0.0,0.0,12.023957067521133
-0.4117223722748522,0.6993798668844555,-0.8212503107559409,1.064164500169836,0.0,0.0,0.0,0.0,11.999669439469741
0.3917162480689803,0.6943913041187005,-0.8212503107559409,1.4618267563500926,0.0,0.0,0.0,0.0,12.001511614739405
0.4498409017905406,0.6943913041187005,-0.8212503107559409,1.2232294026419388,0.0,0.0,0.0,0.0,12.02993791082274
-0.36882208779989345,0.6943913041187005,-0.8212503107559409,1.064164500169836,0.0,0.0,0.0,0.0,11.989165855127435
-0.698212564695431,0.6894027413529527,-0.8259302657952426,-0.12882226837093372,0.0,0.0,0.0,0.0,12.123239799036943
-0.5238386035307508,0.6894027413529527,-0.8259302657952426,0.5074373415174769,0.0,0.0,0.0,0.0,12.091228412360461
-0.09059804775375802,0.6894027413529527,-0.8306102208345411,1.064164500169836,0.0,0.0,0.0,0.0,12.026353699006034
-0.22955311551655153,0.6894027413529527,-0.8306102208345411,1.3822943051140413,0.0,0.0,0.0,0.0,11.96209480994468
-0.6130398047866104,0.6894027413529527,-0.8306102208345411,0.7460346952256308,0.0,0.0,0.0,0.0,11.953764151901414
-0.8570482520929614,0.6894027413529527,-0.8306102208345411,0.5074373415174769,0.0,0.0,0.0,0.0,11.83138646878959
-0.39487616300541717,0.6894027413529527,-0.8306102208345411,0.5869697927535281,0.0,0.0,0.0,0.0,11.942113610091182
-0.6433839084396299,0.6844141785871977,-0.8306102208345411,-0.12882226837093372,0.0,0.0,0.0,0.0,11.984184555794167
-0.09290001423778017,0.6894027413529527,-0.8259302657952426,1.064164500169836,0.0,0.0,0.0,0.0,11.932300052847731
0.17370955854806167,0.6844141785871977,-0.8212503107559409,0.9050995976977334,0.0,0.0,0.0,0.0,11.900233391293936
-0.33455417764001777,0.6844141785871977,-0.8212503107559409,0.9050995976977334,0.0,0.0,0.0,0.0,11.827013315851762
-0.9750763518191896,0.6794256158214499,-0.8212503107559409,0.18930753657327157,0.0,0.0,0.0,0.0,11.870606902224587
-0.3407276332108045,0.6794256158214499,-0.8212503107559409,0.2688399878093229,0.0,0.0,0.0,0.0,11.836464426179543
-0.7069495738506971,0.6844141785871977,-0.8259302657952426,-0.20835471960698504,0.0,0.0,0.0,0.0,11.954407441448915
0.17643006439281486,0.6844141785871977,-0.8259302657952426,0.5869697927535281,0.0,0.0,0.0,0.0,11.991647230585656
-0.16305767458036532,0.6993798668844555,-0.8259302657952426,0.9050995976977334,0.0,0.0,0.0,0.0,11.999054626138436
-0.44536247339363105,0.6993798668844555,-0.8306102208345411,1.2232294026419388,0.0,0.0,0.0,0.0,11.997207914913153
-0.4417525714073236,0.6993798668844555,-0.8259302657952426,1.6208916588221953,0.0,0.0,0.0,0.0,12.000283875037855
-0.4687483601744926,0.6993798668844555,-0.8259302657952426,1.30276185387799,0.0,0.0,0.0,0.0,12.019146503887916
-0.22782664065353495,0.6943913041187005,-0.8259302657952426,1.2232294026419388,0.0,0.0,0.0,0.0,12.06047445534465
0.09915723491779782,0.6943913041187005,-0.8259302657952426,1.2232294026419388,0.0,0.0,0.0,0.0,12.073118229279908
-0.06464860738841713,0.6943913041187005,-0.8259302657952426,0.7460346952256308,0.0,0.0,0.0,0.0,11.994740316298905
-0.7164713443073342,0.7043684296502104,-0.8306102208345411,-0.20835471960698504,0.0,0.0,0.0,0.0,11.959538914341756
-0.4644060143069054,0.6993798668844555,-0.8306102208345411,-1.4808739393838062,0.0,0.0,0.0,0.0,12.07254696717504
-0.42181963435249514,0.6993798668844555,-0.8352901758738395,0.8255671464616822,0.0,0.0,0.0,0.0,12.06105265381003
-0.09760858204600731,0.6943913041187005,-0.8352901758738395,0.7460346952256308,0.0,0.0,0.0,0.0,12.04238244212355
-0.106921082822279,0.6943913041187005,-0.8306102208345411,1.1436969514058875,0.0,0.0,0.0,0.0,11.991027463722105
-0.7854257039878169,0.6943913041187005,-0.8306102208345411,0.8255671464616822,0.0,0.0,0.0,0.0,11.987922854613139
-0.7826005633028806,0.6993798668844555,-0.8306102208345411,0.9050995976977334,0.0,0.0,0.0,0.0,11.970356641102999
0.17261089272614177,0.7143455551817133,-0.8306102208345411,0.6665022439895795,0.0,0.0,0.0,0.0,12.182809136284991
-0.6013730201062253,0.7093569924159583,-0.8352901758738395,0.10977508533722025,0.0,0.0,0.0,0.0,12.292713537231938
0.14001714000919158,0.7093569924159583,-0.8352901758738395,0.5869697927535281,0.0,0.0,0.0,0.0,12.267172448547784
0.10559227758904151,0.7093569924159583,-0.8352901758738395,0.5869697927535281,0.0,0.0,0.0,0.0,12.289038768166744
-0.7378691691247222,0.7093569924159583,-0.8306102208345411,0.2688399878093229,0.0,0.0,0.0,0.0,12.250094315624496
0.10208701044291664,0.7043684296502104,-0.8352901758738395,0.5869697927535281,0.0,0.0,0.0,0.0,12.281184756225146
0.1073710698721496,0.7043684296502104,-0.8352901758738395,0.5869697927535281,0.0,0.0,0.0,0.0,12.28396380952345
0.6823395166767808,0.7193341179474682,-0.8306102208345411,0.6665022439895795,0.0,0.0,0.0,0.0,12.214045775484509
0.3796309240278637,0.7193341179474682,-0.8352901758738395,0.5869697927535281,0.0,0.0,0.0,0.0,12.247219387314328
-0.17069601791371175,0.7193341179474682,-0.8352901758738395,0.5869697927535281,0.0,0.0,0.0,0.0,12.268112735686705
0.5131449801011504,0.7143455551817133,-0.8306102208345411,0.5869697927535281,0.0,0.0,0.0,0.0,12.222442918443495
0.5934522199414697,0.7143455551817133,-0.8306102208345411,0.5869697927535281,0.0,0.0,0.0,0.0,12.258669839471109
0.725972245033019,0.7342998062447259,-0.8352901758738395,-0.04928981713488239,0.0,0.0,0.0,0.0,12.396697137361691
1.0845558423395654,0.7342998062447259,-0.8352901758738395,0.5869697927535281,0.0,0.0,0.0,0.0,12.337105293891872
0.4010810662653433,0.7342998062447259,-0.8352901758738395,0.5869697927535281,0.0,0.0,0.0,0.0,12.318065617740915
0.13012914761191427,0.729311243478971,-0.8352901758738395,0.5869697927535281,0.0,0.0,0.0,0.0,12.299112067295642
0.5038324793248786,0.729311243478971,-0.8352901758738395,0.5869697927535281,0.0,0.0,0.0,0.0,12.28442623513897
0.5828841010830043,0.729311243478971,-0.8306102208345411,0.5869697927535281,0.0,0.0,0.0,0.0,12.30908490619414
0.5102675219961228,0.724322680713216,-0.8306102208345411,0.42790489028142553,0.0,0.0,0.0,0.0,12.271865067705159
0.2562664474523117,0.724322680713216,-0.8352901758738395,0.6665022439895795,0.0,0.0,0.0,0.0,12.300932724054114
0.42614111048913034,0.724322680713216,-0.8352901758738395,0.6665022439895795,0.0,0.0,0.0,0.0,12.293171935322027
0.742766136882363,0.7342998062447259,-0.8399701309131378,0.5074373415174769,0.0,0.0,0.0,0.0,12.329179263520874
0.4425687803978339,0.7342998062447259,-0.8399701309131378,0.5869697927535281,0.0,0.0,0.0,0.0,12.327409359385856
0.09627977681276982,0.7342998062447259,-0.8446500859524395,0.6665022439895795,0.0,0.0,0.0,0.0,12.32474861573515
0.8896211350789597,0.729311243478971,-0.8446500859524395,0.5869697927535281,0.0,0.0,0.0,0.0,12.292713537231938
0.3481358371328329,0.7342998062447259,-0.8399701309131378,0.5869697927535281,0.0,0.0,0.0,0.0,12.299567542341206
0.6839613566996146,0.7342998062447259,-0.8399701309131378,0.5869697927535281,0.0,0.0,0.0,0.0,12.3000228100237
-0.049685825242272975,0.7342998062447259,-0.8399701309131378,0.5869697927535281,0.0,0.0,0.0,0.0,12.250572667806054
0.5143482807632528,0.729311243478971,-0.8399701309131378,0.6665022439895795,0.0,0.0,0.0,0.0,12.302750072044772
0.8798900949419567,0.729311243478971,-0.8399701309131378,0.5869697927535281,0.0,0.0,0.0,0.0,12.293630123379582
0.29613232156196856,0.724322680713216,-0.8399701309131378,0.6665022439895795,0.0,0.0,0.0,0.0,12.283038316285214
0.6255227984575061,0.724322680713216,-0.8399701309131378,0.6665022439895795,0.0,0.0,0.0,0.0,12.301387370778713
0.3917162480689803,0.729311243478971,-0.8399701309131378,0.5869697927535281,0.0,0.0,0.0,0.0,12.289498853474674
0.5225097982975133,0.729311243478971,-0.8399701309131378,0.5869697927535281,0.0,0.0,0.0,0.0,12.296374851796545
0.20614635900473754,0.729311243478971,-0.8446500859524395,0.5869697927535281,0.0,0.0,0.0,0.0,12.305469916333227
0.1219676300776538,0.724322680713216,-0.8399701309131378,0.6665022439895795,0.0,0.0,0.0,0.0,12.282111965715732
0.5061867632289924,0.729311243478971,-0.8399701309131378,0.5869697927535281,0.0,0.0,0.0,0.0,12.329621250524813
-0.17252712761691114,0.7193341179474682,-0.8399701309131378,0.5074373415174769,0.0,0.0,0.0,0.0,12.269990661694345
0.21336616297735247,0.7193341179474682,-0.8399701309131378,1.3822943051140413,0.0,0.0,0.0,0.0,12.652042897966872
0.2173422869042999,0.7193341179474682,-0.8446500859524395,1.2232294026419388,0.0,0.0,0.0,0.0,12.659378260676938
-0.35255137015146404,0.7143455551817133,-0.8399701309131378,1.1436969514058875,0.0,0.0,0.0,0.0,12.73493757815388
1.2870765755134261,0.7193341179474682,-0.8399701309131378,1.541359207586144,0.0,0.0,0.0,0.0,12.635908363171778
0.3655575380232738,0.7143455551817133,-0.8399701309131378,1.30276185387799,0.0,0.0,0.0,0.0,12.724869415131389
0.2889648350094449,0.7143455551817133,-0.8399701309131378,1.2232294026419388,0.0,0.0,0.0,0.0,12.448630513463613
0.5528539019505329,0.7143455551817133,-0.8399701309131378,0.5869697927535281,0.0,0.0,0.0,0.0,12.34104487465108
0.483951859690142,0.7093569924159583,-0.8399701309131378,0.5869697927535281,0.0,0.0,0.0,0.0,12.319852122072682
-0.06606117773088525,0.7093569924159583,-0.8399701309131378,0.6665022439895795,0.0,0.0,0.0,0.0,12.307279044781756
0.14519656459824148,0.7043684296502104,-0.8399701309131378,0.5869697927535281,0.0,0.0,0.0,0.0,12.295917919903431
-0.12115142108714344,0.7043684296502104,-0.8399701309131378,0.5869697927535281,0.0,0.0,0.0,0.0,12.259618151783465
-0.0061054143061258104,0.7043684296502104,-0.8399701309131378,0.5869697927535281,0.0,0.0,0.0,0.0,12.276535769000125
0.6255227984575061,0.7043684296502104,-0.8399701309131378,0.5869697927535281,0.0,0.0,0.0,0.0,12.299112067295642
0.18077241026040225,0.6993798668844555,-0.8352901758738395,0.6665022439895795,0.0,0.0,0.0,0.0,12.208574513247495
-0.21752010889552642,0.6993798668844555,-0.8399701309131378,1.30276185387799,0.0,0.0,0.0,0.0,12.136727926437826
-0.6017915594669565,0.6993798668844555,-0.8399701309131378,0.03024263410116893,0.0,0.0,0.0,0.0,12.248657884620656
0.6290803830237223,0.6993798668844555,-0.8399701309131378,1.30276185387799,0.0,0.0,0.0,0.0,12.297744396089387
0.11825309325116327,0.6993798668844555,-0.8446500859524395,1.30276185387799,0.0,0.0,0.0,1.0,12.289038768166744
0.05165301747479451,0.6943913041187005,-0.8352901758738395,0.9050995976977334,0.0,0.0,0.0,0.0,12.272800954830618
-0.46900994727494977,0.6943913041187005,-0.8399701309131378,0.5074373415174769,0.0,0.0,0.0,1.0,12.662234036516644
0.15738652347954069,0.6894027413529527,-0.8399701309131378,1.2232294026419388,0.0,0.0,0.0,1.0,12.297288089699112
-0.8508224791020833,0.6894027413529527,-0.8399701309131378,-0.3674196220790877,0.0,0.0,0.0,1.0,12.165255859329688
-1.6613762685783482,0.6943913041187005,-0.8352901758738395,0.10977508533722025,0.0,0.0,0.0,0.0,11.808583147519697
0.0029454993696887235,0.6943913041187005,-0.8352901758738395,1.2232294026419388,0.0,0.0,0.0,0.0,11.872004516724523
-0.8551648249696707,0.6894027413529527,-0.8352901758738395,0.10977508533722025,0.0,0.0,0.0,1.0,11.930984271840668
-0.03854221476280191,0.6894027413529527,-0.8352901758738395,1.6208916588221953,0.0,0.0,0.0,1.0,11.916395250412128
-0.31205768700071024,0.6894027413529527,-0.8352901758738395,1.30276185387799,0.0,0.0,0.0,1.0,11.92039522907888
-0.8225187548326288,0.6844141785871977,-0.8352901758738395,0.3483724390453742,0.0,0.0,0.0,0.0,11.912379207638454
-0.7281904464078108,0.6844141785871977,-0.8352901758738395,1.3822943051140413,0.0,0.0,0.0,0.0,11.971621655408228
-0.5728600261564051,0.6844141785871977,-0.8399701309131378,0.5074373415174769,0.0,0.0,0.0,1.0,11.977922833779727
1.344835007294346,0.6894027413529527,-0.8446500859524395,1.1436969514058875,0.0,0.0,0.0,1.0,13.004032441678111
0.5355891533203668,0.6894027413529527,-0.8446500859524395,1.064164500169836,0.0,0.0,0.0,1.0,12.91484954320833
0.5195277053523027,0.6993798668844555,-0.8446500859524395,1.30276185387799,0.0,0.0,0.0,1.0,12.53430027429669
0.22822431028331405,0.6993798668844555,-0.8446500859524395,1.3822943051140413,0.0,0.0,0.0,1.0,12.57936229760897
0.5906270792565335,0.6943913041187005,-0.8446500859524395,1.2232294026419388,0.0,0.0,0.0,1.0,12.681688621055791
0.19086967233804517,0.6943913041187005,-0.8446500859524395,1.30276185387799,0.0,0.0,0.0,1.0,12.825845046623398
-0.294949890630818,0.6943913041187005,-0.8446500859524395,0.8255671464616822,0.0,0.0,0.0,1.0,12.961022577169068
-0.02159137065318404,0.6943913041187005,-0.8399701309131378,1.1436969514058875,0.0,0.0,0.0,1.0,12.944673477906615
0.8550393203985358,0.6993798668844555,-0.8493300409917379,1.7004241100582467,0.0,0.0,0.0,1.0,12.437981667612153
0.1355701593014211,0.6993798668844555,-0.8493300409917379,1.8594890125303492,0.0,0.0,0.0,1.0,12.49949197838354
0.13279733603657617,0.6943913041187005,-0.8446500859524395,1.8594890125303492,0.0,0.0,0.0,1.0,12.500237409855137
0.1955259227261808,0.6943913041187005,-0.8493300409917379,1.1436969514058875,0.0,0.0,0.0,1.0,12.242891437918386
-0.1512862550597974,0.6894027413529527,-0.8446500859524395,0.10977508533722025,0.0,0.0,0.0,1.0,12.757371082859844
-0.16959735209179208,0.6894027413529527,-0.8493300409917379,-0.7650818782593443,0.0,0.0,0.0,1.0,12.577639650232573
0.3808342246899662,0.6844141785871977,-0.8493300409917379,-0.6060169757872417,0.0,0.0,0.0,1.0,12.514296042962041
0.7242457701700027,0.6844141785871977,-0.8493300409917379,1.1436969514058875,0.0,0.0,0.0,1.0,12.200562492481511
0.39768043395940145,0.6894027413529527,-0.8493300409917379,-1.4013414881477548,0.0,0.0,0.0,1.0,11.959538914341756
0.30324749069440043,0.6894027413529527,-0.8540099960310363,-0.6060169757872417,0.0,0.0,0.0,1.0,12.198549416880068
0.5617478633660733,0.6844141785871977,-0.8540099960310363,1.1436969514058875,0.0,0.0,0.0,1.0,12.175618592671356
-0.7573835668188195,0.6844141785871977,-0.8493300409917379,0.42790489028142553,0.0,0.0,0.0,1.0,12.22979405494807
-0.6764485179374031,0.6894027413529527,-0.8540099960310363,-0.446952073315139,0.0,0.0,0.0,1.0,12.107913912447533
-0.20689967261696965,0.6844141785871977,-0.8540099960310363,1.30276185387799,0.0,0.0,0.0,1.0,12.239995696974733
0.4025982714479945,0.6844141785871977,-0.8540099960310363,1.3822943051140413,0.0,0.0,0.0,1.0,12.26481785529885
0.749881306014795,0.6844141785871977,-0.8540099960310363,1.4618267563500926,0.0,0.0,0.0,1.0,12.254391269970792
-0.5401616385992718,0.6794256158214499,-0.8493300409917379,0.42790489028142553,0.0,0.0,0.0,1.0,11.844392338493027
-0.29029364024268217,0.6794256158214499,-0.8540099960310363,1.1436969514058875,0.0,0.0,0.0,1.0,11.996591585872558
-0.4122978638958578,0.6794256158214499,-0.8540099960310363,0.9050995976977334,0.0,0.0,0.0,1.0,11.9873007744816
-0.19402958727448202,0.6794256158214499,-0.8493300409917379,0.3483724390453742,0.0,0.0,0.0,1.0,11.896833207128452
-0.1400380097401435,0.6744370530556949,-0.8493300409917379,0.10977508533722025,0.0,0.0,0.0,1.0,11.893421422254848
0.2438672188906464,0.6794256158214499,-0.8493300409917379,1.1436969514058875,0.0,0.0,0.0,1.0,11.998439434579149
-1.0176627317736,0.6744370530556949,-0.8493300409917379,-0.9241467807314468,0.0,0.0,0.0,1.0,11.835740580500783
-0.09624832912363071,0.6794256158214499,-0.8540099960310363,1.30276185387799,0.0,0.0,0.0,1.0,11.981058595924264
-0.009244459511610488,0.6794256158214499,-0.8540099960310363,1.30276185387799,0.0,0.0,0.0,1.0,11.969723533345908
-0.2497999570919284,0.6744370530556949,-0.8540099960310363,0.7460346952256308,0.0,0.0,0.0,1.0,11.903622053373214
-0.04591897099569117,0.6744370530556949,-0.8540099960310363,0.9846320489337848,0.0,0.0,0.0,1.0,11.963370312187111
-0.5992803233025688,0.6794256158214499,-0.858689951070338,1.30276185387799,0.0,0.0,0.0,1.0,11.842236406331555
-0.3131040354025384,0.6794256158214499,-0.858689951070338,0.9846320489337848,0.0,0.0,0.0,1.0,11.92371636583374
-0.0006644026166187388,0.6744370530556949,-0.858689951070338,0.3483724390453742,0.0,0.0,0.0,1.0,12.014312686825066
-0.8246637690563768,0.6744370530556949,-0.8633699061096364,-0.04928981713488239,0.0,0.0,0.0,1.0,11.83138646878959
-0.7930117299010717,0.6794256158214499,-0.8633699061096364,0.8255671464616822,0.0,0.0,0.0,1.0,11.862179945241476
-0.9085285934629121,0.6794256158214499,-0.8633699061096364,0.2688399878093229,0.0,0.0,0.0,1.0,11.886562731847148
-0.9895682771845112,0.6894027413529527,-0.858689951070338,0.7460346952256308,0.0,0.0,0.0,1.0,11.985432208809083
-1.0805482707234788,0.6894027413529527,-0.8633699061096364,0.03024263410116893,0.0,0.0,0.0,1.0,11.83138646878959
-0.4838680945809111,0.6844141785871977,-0.8633699061096364,1.4618267563500926,0.0,0.0,0.0,1.0,12.129197000747673
-0.6058200008139952,0.6844141785871977,-0.8633699061096364,1.541359207586144,0.0,0.0,0.0,1.0,12.15688765342645
-0.45137897670414345,0.6844141785871977,-0.8633699061096364,1.4618267563500926,0.0,0.0,0.0,1.0,12.16889504380259
-0.5113870575489945,0.6844141785871977,-0.858689951070338,1.8594890125303492,0.0,0.0,0.0,1.0,12.180247016318816
-0.46142392136169486,0.6894027413529527,-0.858689951070338,0.9846320489337848,0.0,0.0,0.0,1.0,12.157937516778192
-0.7194011198324535,0.6844141785871977,-0.858689951070338,1.064164500169836,0.0,0.0,0.0,1.0,12.193498926601634
0.05385034911863386,0.6844141785871977,-0.858689951070338,1.30276185387799,0.0,0.0,0.0,1.0,12.255819494787602
0.06860386158441216,0.6844141785871977,-0.858689951070338,1.8594890125303492,0.0,0.0,0.0,1.0,12.210069646866993
-0.951324243097688,0.6943913041187005,-0.858689951070338,1.064164500169836,0.0,0.0,0.0,1.0,11.795853756086931
-0.8777659504491611,0.6894027413529527,-0.858689951070338,0.5869697927535281,0.0,0.0,0.0,1.0,11.862179945241476
-1.1707958203811664,0.6943913041187005,-0.8633699061096364,1.064164500169836,0.0,0.0,0.0,1.0,11.759793355371237
-1.0894945495591104,0.6894027413529527,-0.8633699061096364,0.9846320489337848,0.0,0.0,0.0,1.0,11.867805799560465
-1.1494503129838698,0.6894027413529527,-0.8633699061096364,1.1436969514058875,0.0,0.0,0.0,1.0,11.779902152762993
-1.1025215871618723,0.6943913041187005,-0.858689951070338,0.10977508533722025,0.0,0.0,0.0,1.0,11.67505281781187
-1.2170444197419756,0.6993798668844555,-0.8633699061096364,0.5869697927535281,0.0,0.0,0.0,1.0,11.51293546492023
-0.19685472795941827,0.6943913041187005,-0.8493300409917379,1.1436969514058875,0.0,0.0,0.0,1.0,12.286273802188468
-1.1124095795591493,0.6943913041187005,-0.8540099960310363,-0.12882226837093372,0.0,0.0,0.0,1.0,11.946012225174645
0.6823918340968721,0.7043684296502104,-0.858689951070338,-1.5604063906198575,0.0,0.0,0.0,1.0,12.07254696717504
-0.3365422396034915,0.7043684296502104,-0.8633699061096364,-0.28788717084303633,0.0,0.0,0.0,1.0,12.201567512641383
-0.180479375470806,0.6993798668844555,-0.858689951070338,-0.20835471960698504,0.0,0.0,0.0,1.0,12.141539457711714
-0.4316029919095894,0.6943913041187005,-0.858689951070338,-1.0832116832035494,0.0,0.0,0.0,1.0,11.905649752427557
0.6100891595305389,0.724322680713216,-0.8446500859524395,1.30276185387799,0.0,0.0,0.0,0.0,12.32785212918379
0.5312468074527794,0.724322680713216,-0.8446500859524395,1.30276185387799,0.0,0.0,0.0,0.0,12.314034275355535
0.13666882512334103,0.724322680713216,-0.8493300409917379,1.1436969514058875,0.0,0.0,0.0,0.0,12.328294703023394
-0.31226695668107585,0.724322680713216,-0.8493300409917379,1.064164500169836,0.0,0.0,0.0,0.0,12.32163544049751
0.8729841954898905,0.7193341179474682,-0.8493300409917379,1.2232294026419388,0.0,0.0,0.0,0.0,12.355358654868867
0.22461440829700657,0.7193341179474682,-0.8493300409917379,1.2232294026419388,0.0,0.0,0.0,0.0,12.339733404786474
0.8597478882067626,0.7193341179474682,-0.8446500859524395,1.30276185387799,0.0,0.0,0.0,0.0,12.335349374897772
0.5225097982975133,0.7342998062447259,-0.8446500859524395,0.5869697927535281,0.0,0.0,0.0,0.0,12.312686874960354
0.6491702723388246,0.729311243478971,-0.8446500859524395,0.5869697927535281,0.0,0.0,0.0,0.0,12.325192564936895
-0.0314270456303698,0.729311243478971,-0.8493300409917379,0.5869697927535281,0.0,0.0,0.0,0.0,12.309986615445005
0.4244146356261136,0.729311243478971,-0.8493300409917379,0.5869697927535281,0.0,0.0,0.0,0.0,12.293171935322027
0.5450062889368211,0.729311243478971,-0.8446500859524395,0.5869697927535281,0.0,0.0,0.0,0.0,12.32474861573515
1.072627470558723,0.7392883690104738,-0.8446500859524395,0.5869697927535281,0.0,0.0,0.0,0.0,12.33403040930302
0.5074423813111861,0.7342998062447259,-0.8493300409917379,0.5869697927535281,0.0,0.0,0.0,0.0,12.32696639345598
0.7298437341197839,0.7342998062447259,-0.8493300409917379,0.5869697927535281,0.0,0.0,0.0,0.0,12.406565597924235
0.7833121374532082,0.7342998062447259,-0.8446500859524395,0.5869697927535281,0.0,0.0,0.0,0.0,12.364788602887499
1.9525541590762017,0.7442769317762288,-0.8540099960310363,-0.6855494270232929,0.0,0.0,0.0,0.0,12.905452860309719
0.7081843222019387,0.7392883690104738,-0.8493300409917379,0.5869697927535281,0.0,0.0,0.0,0.0,12.38756469170864
1.7355938179571113,0.7392883690104738,-0.8540099960310363,0.5869697927535281,0.0,0.0,0.0,0.0,12.446667041257989
-0.09059804775375802,0.7342998062447259,-0.8540099960310363,0.5869697927535281,0.0,0.0,0.0,0.0,12.410241306879119
0.6921751916539663,0.7342998062447259,-0.8540099960310363,0.5869697927535281,0.0,0.0,0.0,0.0,12.413090879946887
0.05018812971223487,0.729311243478971,-0.8540099960310363,0.5869697927535281,0.0,0.0,0.0,0.0,12.369894975232734
0.23230506905044404,0.729311243478971,-0.8493300409917379,0.6665022439895795,0.0,0.0,0.0,0.0,12.35793929036284
0.2609226978404473,0.729311243478971,-0.8493300409917379,0.6665022439895795,0.0,0.0,0.0,0.0,12.293171935322027
0.3831885085940799,0.724322680713216,-0.8540099960310363,0.5869697927535281,0.0,0.0,0.0,0.0,12.32208077363632
0.17684860375354614,0.724322680713216,-0.8540099960310363,0.6665022439895795,0.0,0.0,0.0,0.0,12.339295865674435
0.4751625331147846,0.7193341179474682,-0.8540099960310363,0.6665022439895795,0.0,0.0,0.0,0.0,12.351907415253551
0.23476398779474078,0.7193341179474682,-0.8540099960310363,0.6665022439895795,0.0,0.0,0.0,0.0,12.318959268856462
0.6818163424758665,0.7193341179474682,-0.8493300409917379,0.6665022439895795,0.0,0.0,0.0,0.0,12.325636317135203
-0.07542599592724823,0.7193341179474682,-0.8493300409917379,0.5869697927535281,0.0,0.0,0.0,0.0,12.318065617740915
0.7945603827728618,0.7193341179474682,-0.8540099960310363,0.42790489028142553,0.0,0.0,0.0,0.0,12.39628383052922
0.4033830327493657,0.7193341179474682,-0.8540099960310363,0.5869697927535281,0.0,0.0,0.0,0.0,12.333150131430498
0.24459966277192632,0.7193341179474682,-0.858689951070338,0.5869697927535281,0.0,0.0,0.0,0.0,12.361369810748965
0.2903250879318213,0.7193341179474682,-0.858689951070338,0.5869697927535281,0.0,0.0,0.0,0.0,12.328294703023394
0.11145182863927962,0.7193341179474682,-0.858689951070338,0.9846320489337848,0.0,0.0,0.0,0.0,12.314931534737134
-0.4039270766812317,0.7093569924159583,-0.858689951070338,1.2232294026419388,0.0,0.0,0.0,1.0,12.300477870531845
0.6112924601926414,0.724322680713216,-0.8540099960310363,0.5869697927535281,0.0,0.0,0.0,0.0,12.426015078728476
0.4244146356261136,0.724322680713216,-0.8540099960310363,0.5869697927535281,0.0,0.0,0.0,0.0,12.432016272969701
0.7815333451701001,0.724322680713216,-0.858689951070338,0.5869697927535281,0.0,0.0,0.0,0.0,12.434804552855114
0.26861335859388524,0.729311243478971,-0.858689951070338,0.5869697927535281,0.0,0.0,0.0,0.0,12.367345048436391
0.8950098293483753,0.729311243478971,-0.8633699061096364,0.5869697927535281,0.0,0.0,0.0,0.0,12.408609326231229
1.0034115237777836,0.729311243478971,-0.8633699061096364,0.5869697927535281,0.0,0.0,0.0,0.0,12.456835254920371
0.6294989223844535,0.7392883690104738,-0.8540099960310363,0.5869697927535281,0.0,0.0,0.0,0.0,12.402054638915242
0.410027345100975,0.729311243478971,-0.858689951070338,0.5869697927535281,0.0,0.0,0.0,0.0,12.408200914579284
0.8286713406724636,0.729311243478971,-0.858689951070338,0.5074373415174769,0.0,0.0,0.0,0.0,12.352771342460947
1.2254989720658327,0.729311243478971,-0.8540099960310363,0.6665022439895795,0.0,0.0,0.0,0.0,12.460331069333806
0.9122745779785417,0.7342998062447259,-0.8540099960310363,0.5869697927535281,0.0,0.0,0.0,0.0,12.386730318837426
1.0321337874079695,0.7392883690104738,-0.8633699061096364,0.5869697927535281,0.0,0.0,0.0,0.0,12.418361497172986
0.9744799904672321,0.7342998062447259,-0.8680498611489348,0.5074373415174769,0.0,0.0,0.0,0.0,12.436394371990376
0.9733813246453121,0.7342998062447259,-0.8633699061096364,0.5074373415174769,0.0,0.0,0.0,0.0,12.567937598044296
0.6823395166767808,0.7342998062447259,-0.8633699061096364,0.5869697927535281,0.0,0.0,0.0,0.0,12.42681732184313
2.145239217272877,0.729311243478971,-0.8680498611489348,-1.0036792319674983,0.0,0.0,0.0,0.0,13.122367377396328
0.38559510991828483,0.7193341179474682,-0.8633699061096364,0.03024263410116893,0.0,0.0,0.0,1.0,13.122367377396328
-0.08008224631538408,0.7193341179474682,-0.8680498611489348,0.18930753657327157,0.0,0.0,0.0,1.0,13.122367377396328
0.2382692549408652,0.724322680713216,-0.8633699061096364,1.1436969514058875,0.0,0.0,0.0,0.0,12.356219606876625
0.152991860191862,0.724322680713216,-0.8633699061096364,0.9846320489337848,0.0,0.0,0.0,0.0,12.391310778311764
0.5916734276583616,0.7193341179474682,-0.8633699061096364,1.2232294026419388,0.0,0.0,0.0,1.0,12.37243841643669
0.2609226978404473,0.7193341179474682,-0.8633699061096364,1.30276185387799,0.0,0.0,0.0,1.0,12.366493625870792
0.4022843669274458,0.7143455551817133,-0.8633699061096364,1.30276185387799,0.0,0.0,0.0,1.0,12.26670197321789
-0.05476061499114008,0.7193341179474682,-0.8633699061096364,-0.6855494270232929,0.0,0.0,0.0,1.0,12.400409231902334
-0.23813317241154328,0.7143455551817133,-0.858689951070338,1.1436969514058875,0.0,0.0,0.0,1.0,12.225389860915405
-0.04900569878108456,0.7093569924159583,-0.8633699061096364,-1.8785361955640627,0.0,0.0,0.0,1.0,12.187404474495082
-0.3689267226400763,0.7143455551817133,-0.8633699061096364,1.2232294026419388,0.0,0.0,0.0,1.0,12.280256686219182
-0.401939014717758,0.7143455551817133,-0.8680498611489348,1.2232294026419388,0.0,0.0,0.0,1.0,12.29179611018331
-0.43474203711507403,0.7093569924159583,-0.8633699061096364,-0.28788717084303633,0.0,0.0,0.0,1.0,12.132969552931216
-0.9358382867506299,0.7093569924159583,-0.8680498611489348,-0.9241467807314468,0.0,0.0,0.0,1.0,12.107913912447533
-0.9734545117963559,0.7043684296502104,-0.8680498611489348,0.3483724390453742,0.0,0.0,0.0,1.0,11.936237039973754
-0.7723463489649636,0.7043684296502104,-0.8633699061096364,-0.28788717084303633,0.0,0.0,0.0,1.0,11.942764435686394
-0.5238386035307508,0.7043684296502104,-0.8633699061096364,-0.20835471960698504,0.0,0.0,0.0,1.0,12.00762780434872
-0.7854257039878169,0.6993798668844555,-0.8633699061096364,0.2688399878093229,0.0,0.0,0.0,1.0,11.847259703415569
-1.0172965098329603,0.6993798668844555,-0.8633699061096364,0.10977508533722025,0.0,0.0,0.0,1.0,11.660491657418318
-1.3611265946737279,0.6943913041187005,-0.8680498611489348,0.5869697927535281,0.0,0.0,0.0,1.0,11.772987080375044
-0.9718849891936134,0.6943913041187005,-0.8633699061096364,-0.12882226837093372,0.0,0.0,0.0,1.0,11.775297421715827
-1.1077533291710135,0.6993798668844555,-0.8633699061096364,-0.04928981713488239,0.0,0.0,0.0,1.0,11.680987503016127
-1.389378001523091,0.6943913041187005,-0.8633699061096364,-0.6855494270232929,0.0,0.0,0.0,1.0,11.998439434579149
-0.8485728300381525,0.6894027413529527,-0.8680498611489348,0.03024263410116893,0.0,0.0,0.0,1.0,11.959538914341756
-0.9099411638053803,0.6894027413529527,-0.8633699061096364,0.6665022439895795,0.0,0.0,0.0,1.0,11.748795687555171
-1.0136866078466527,0.6894027413529527,-0.8633699061096364,0.10977508533722025,0.0,0.0,0.0,1.0,11.86147448281689
-0.5351914836905876,0.6894027413529527,-0.8680498611489348,-0.3674196220790877,0.0,0.0,0.0,1.0,11.83138646878959
-0.9463017707689125,0.6844141785871977,-0.8633699061096364,-0.28788717084303633,0.0,0.0,0.0,1.0,11.667370387218226
0.37539321300045936,0.6794256158214499,-0.8633699061096364,0.3483724390453742,0.0,0.0,0.0,1.0,11.630717389475995
-0.8788646162710808,0.6794256158214499,-0.8633699061096364,1.2232294026419388,0.0,0.0,0.0,1.0,11.918397239722838
0.5879065734117799,0.6694484902899399,-0.8774097712275348,-0.6060169757872417,0.0,0.0,0.0,1.0,11.37940550085183
-1.3335029968654617,0.6894027413529527,-0.8680498611489348,-0.6060169757872417,0.0,0.0,0.0,1.0,12.295917919903431
-1.5404707107470923,0.6894027413529527,-0.8680498611489348,0.5074373415174769,0.0,0.0,0.0,1.0,12.141539457711714
-1.1352199747190055,0.6844141785871977,-0.8680498611489348,1.3822943051140413,0.0,0.0,0.0,1.0,12.07254696717504
-0.9883126591023172,0.6844141785871977,-0.8680498611489348,1.541359207586144,0.0,0.0,0.0,1.0,12.036475785297062
-0.8087069559284958,0.6844141785871977,-0.8680498611489348,1.8594890125303492,0.0,0.0,0.0,1.0,11.998439434579149
-1.3833614982125784,0.6894027413529527,-0.8727298161882332,0.5074373415174769,0.0,0.0,0.0,1.0,11.83138646878959
-1.354953139102941,0.6844141785871977,-0.8727298161882332,0.9050995976977334,0.0,0.0,0.0,1.0,11.785247676408115
-1.2392270058607349,0.6844141785871977,-0.8727298161882332,-0.3674196220790877,0.0,0.0,0.0,1.0,11.889997957243736
-0.9922364656091732,0.6844141785871977,-0.8727298161882332,-0.5264845245511903,0.0,0.0,0.0,1.0,11.876185678347824
-0.8589839966363438,0.6844141785871977,-0.8727298161882332,1.8594890125303492,0.0,0.0,0.0,1.0,12.206077645517674
-0.5728600261564051,0.6844141785871977,-0.8727298161882332,0.9846320489337848,0.0,0.0,0.0,1.0,11.769124610238766
-0.8639018341249366,0.6844141785871977,-0.8727298161882332,1.064164500169836,0.0,0.0,0.0,1.0,11.574029971623514
-1.2432031297876824,0.6943913041187005,-0.8727298161882332,1.30276185387799,0.0,0.0,0.0,1.0,11.998439434579149
0.4115445502836257,0.6894027413529527,-0.8774097712275348,-0.28788717084303633,0.0,0.0,0.0,1.0,11.998439434579149
-1.215160992618685,0.6943913041187005,-0.8727298161882332,0.8255671464616822,0.0,0.0,0.0,1.0,11.951186847493476
-1.4272034962491824,0.6943913041187005,-0.8727298161882332,0.5869697927535281,0.0,0.0,0.0,1.0,11.630717389475995
-1.1815732089199977,0.6894027413529527,-0.8727298161882332,-0.6060169757872417,0.0,0.0,0.0,1.0,11.83138646878959
-1.4674355922994793,0.6894027413529527,-0.8727298161882332,0.18930753657327157,0.0,0.0,0.0,1.0,11.918397239722838
-1.2659612075274473,0.6943913041187005,-0.8680498611489348,-0.6855494270232929,0.0,0.0,0.0,1.0,11.934926432385152
-0.9413839332803196,0.6943913041187005,-0.8680498611489348,-0.9241467807314468,0.0,0.0,0.0,1.0,11.51293546492023
-1.2116557254725602,0.6943913041187005,-0.8680498611489348,1.8594890125303492,0.0,0.0,0.0,1.0,11.998439434579149
-1.1990472272305297,0.6894027413529527,-0.8680498611489348,0.18930753657327157,0.0,0.0,0.0,1.0,11.998439434579149
-0.6915682523438217,0.6894027413529527,-0.8680498611489348,-1.6399388418559087,0.0,0.0,0.0,1.0,11.998439434579149
-1.0633358395134036,0.6894027413529527,-0.8680498611489348,0.03024263410116893,0.0,0.0,0.0,1.0,11.998439434579149
-1.084367442390152,0.6894027413529527,-0.8680498611489348,1.064164500169836,0.0,0.0,0.0,1.0,12.07254696717504
-1.1180075435089305,0.6993798668844555,-0.8680498611489348,0.03024263410116893,0.0,0.0,0.0,1.0,11.850832386224807
-1.0000840786228853,0.6993798668844555,-0.8680498611489348,-0.446952073315139,0.0,0.0,0.0,1.0,12.134582014379962
-1.1018937781207754,0.6943913041187005,-0.8680498611489348,-0.20835471960698504,0.0,0.0,0.0,1.0,11.892737666219704
-1.0245163138055753,0.6993798668844555,-0.8680498611489348,1.2232294026419388,0.0,0.0,0.0,1.0,11.901590234400047
-0.8488344171386096,0.6993798668844555,-0.8727298161882332,0.5869697927535281,0.0,0.0,0.0,1.0,12.107913912447533
-0.6265900165902865,0.6993798668844555,-0.8727298161882332,1.30276185387799,0.0,0.0,0.0,1.0,12.160557363077048
-0.8005977558143266,0.6993798668844555,-0.8727298161882332,0.7460346952256308,0.0,0.0,0.0,1.0,12.017336559562407
-0.909522624444649,0.6993798668844555,-0.8727298161882332,0.8255671464616822,0.0,0.0,0.0,1.0,12.102937429832547
-0.834708713713928,0.6993798668844555,-0.8727298161882332,-1.3218090369117035,0.0,0.0,0.0,1.0,11.949249500664376
-1.4370391712263684,0.6943913041187005,-0.8727298161882332,0.03024263410116893,0.0,0.0,0.0,1.0,11.83138646878959
-0.6483017459282228,0.6943913041187005,-0.8727298161882332,0.10977508533722025,0.0,0.0,0.0,1.0,11.979178318844294
-0.6284734437135773,0.6993798668844555,-0.8727298161882332,0.6665022439895795,0.0,0.0,0.0,1.0,12.39545670404338
0.11537563514613575,0.6943913041187005,-0.8867696813061317,0.10977508533722025,0.0,0.0,0.0,1.0,12.644330802262578
-0.3983291127314505,0.6993798668844555,-0.8727298161882332,1.30276185387799,0.0,0.0,0.0,1.0,12.295917919903431
-0.45043726314249816,0.6993798668844555,-0.8727298161882332,1.30276185387799,0.0,0.0,0.0,1.0,12.301387370778713
-0.7973017583485676,0.6943913041187005,-0.8727298161882332,0.6665022439895795,0.0,0.0,0.0,1.0,12.691583538230217
-0.6820464818871843,0.6943913041187005,-0.8727298161882332,0.9846320489337848,0.0,0.0,0.0,1.0,12.174587138384211
-1.0659517105179745,0.6943913041187005,-0.8727298161882332,1.6208916588221953,0.0,0.0,0.0,1.0,12.07254696717504
-0.033362790173751995,0.7043684296502104,-0.8727298161882332,1.6208916588221953,0.0,0.0,0.0,1.0,12.853440250547505
-0.048377889739987676,0.6993798668844555,-0.8867696813061317,0.5869697927535281,0.0,0.0,0.0,1.0,13.122367377396328
0.011577873684771997,0.7043684296502104,-0.8727298161882332,0.10977508533722025,0.0,0.0,0.0,1.0,12.632323557588636
-0.6043027956313443,0.7093569924159583,-0.8727298161882332,0.8255671464616822,0.0,0.0,0.0,1.0,12.492382526958323
-0.5832711927545962,0.7043684296502104,-0.8727298161882332,0.10977508533722025,0.0,0.0,0.0,1.0,12.514296042962041
-0.49066935919279475,0.7043684296502104,-0.8727298161882332,0.7460346952256308,0.0,0.0,0.0,1.0,12.625115162052026
-0.5238386035307508,0.7043684296502104,-0.8727298161882332,0.03024263410116893,0.0,0.0,0.0,1.0,12.356649805075568
-0.4321261661105035,0.6993798668844555,-0.8727298161882332,-0.28788717084303633,0.0,0.0,0.0,1.0,12.323860125621126
-0.9151729058145217,0.7043684296502104,-0.8680498611489348,-1.0832116832035494,0.0,0.0,0.0,1.0,12.003350402638521
-1.1409225735089696,0.7043684296502104,-0.8680498611489348,0.03024263410116893,0.0,0.0,0.0,1.0,12.09904963758644
-0.3013326158819704,0.7093569924159583,-0.8680498611489348,-1.2422765856756521,0.0,0.0,0.0,1.0,12.244336169955224
-0.15437298284519077,0.7093569924159583,-0.8680498611489348,-1.3218090369117035,0.0,0.0,0.0,1.0,12.19905306582726
-0.24357418410105033,0.7143455551817133,-0.8680498611489348,1.064164500169836,0.0,0.0,0.0,1.0,12.360084744326953
1.89584207569711,0.7193341179474682,-0.8680498611489348,1.30276185387799,0.0,0.0,0.0,1.0,12.981953525180908
-0.30583191400983195,0.7143455551817133,-0.8727298161882332,1.6208916588221953,0.0,0.0,0.0,1.0,12.635908363171778
-0.0006644026166187388,0.7143455551817133,-0.8727298161882332,1.779956561294298,0.0,0.0,0.0,1.0,12.745197054748889
0.3263194729547138,0.7093569924159583,-0.8727298161882332,0.9846320489337848,0.0,0.0,0.0,1.0,12.736115431123231
-0.16923113015115213,0.7093569924159583,-0.8727298161882332,-0.12882226837093372,0.0,0.0,0.0,1.0,12.510246724155719
0.012938126607148591,0.7143455551817133,-0.8774097712275348,0.6665022439895795,0.0,0.0,0.0,1.0,12.977339917490127
-0.13145795284515174,0.7043684296502104,-0.8961295913847318,0.03024263410116893,0.0,0.0,0.0,1.0,13.122365377402328
-0.14532206916937623,0.7093569924159583,-0.8774097712275348,0.5869697927535281,0.0,0.0,0.0,1.0,13.122367377396328
0.35085634297758655,0.7193341179474682,-0.8774097712275348,1.8594890125303492,0.0,0.0,0.0,1.0,12.850557278777309
0.1955259227261808,0.7193341179474682,-0.8774097712275348,1.2232294026419388,0.0,0.0,0.0,1.0,12.992940106310016
0.10632472147032145,0.7143455551817133,-0.8820897262668332,0.8255671464616822,0.0,0.0,0.0,1.0,12.899222326086994
0.2681948192331535,0.7143455551817133,-0.8774097712275348,1.8594890125303492,0.0,0.0,0.0,1.0,12.84265212010087
-0.1856588000598559,0.7143455551817133,-0.8774097712275348,1.7004241100582467,0.0,0.0,0.0,1.0,12.894461020916928
-0.25701976106454355,0.7143455551817133,-0.8774097712275348,1.2232294026419388,0.0,0.0,0.0,1.0,12.919759926484193
1.027791441540382,0.7143455551817133,-0.8727298161882332,1.8594890125303492,0.0,0.0,0.0,1.0,13.122365377402328
0.4498409017905406,0.7143455551817133,-0.8774097712275348,1.7004241100582467,0.0,0.0,0.0,1.0,12.945151145750263
0.4767320557175266,0.7193341179474682,-0.8774097712275348,1.3822943051140413,0.0,0.0,0.0,1.0,12.804362293825438
0.030830684278412027,0.7193341179474682,-0.8774097712275348,1.2232294026419388,0.0,0.0,0.0,1.0,12.916325191593053
-0.049685825242272975,0.724322680713216,-0.8774097712275348,1.1436969514058875,0.0,0.0,0.0,1.0,13.042239499769934
1.8263645418157135,0.724322680713216,-0.8820897262668332,1.4618267563500926,0.0,0.0,0.0,1.0,13.122367377396328
1.675899641632809,0.724322680713216,-0.8774097712275348,1.30276185387799,0.0,0.0,0.0,1.0,13.122367377396328
0.06127942277161441,0.724322680713216,-0.8820897262668332,0.9846320489337848,0.0,0.0,0.0,1.0,13.122367377396328
0.6828626908776947,0.7143455551817133,-0.9008095464240301,0.5869697927535281,0.0,0.0,0.0,1.0,13.122367377396328
0.9044792823849213,0.7342998062447259,-0.8774097712275348,-1.0832116832035494,0.0,0.0,0.0,1.0,12.496504683358769
0.666801242909631,0.729311243478971,-0.8727298161882332,-1.0832116832035494,0.0,0.0,0.0,1.0,12.813936954374158
1.1300196803990035,0.724322680713216,-0.8727298161882332,-0.6855494270232929,0.0,0.0,0.0,1.0,13.046563821483023
3.3206023770465656,0.724322680713216,-0.8727298161882332,-1.4808739393838062,0.0,0.0,0.0,1.0,13.122367377396328
0.7472654350102244,0.7193341179474682,-0.8727298161882332,0.6665022439895795,0.0,0.0,0.0,1.0,12.795804639274813
-0.5456549677088701,0.6195628626324188,-1.0739678828781036,1.8594890125303492,0.0,1.0,0.0,0.0,12.935313057613287
-0.6655141771382977,0.54473442114613,-1.0318482875244115,0.03024263410116893,0.0,1.0,0.0,0.0,12.568981617474362
-1.2149517229383193,0.6395171136954244,-0.7838106704415472,0.2688399878093229,0.0,0.0,0.0,0.0,11.51293546492023
-1.2391223710205521,0.6345285509296765,-0.7884906254808456,0.5869697927535281,0.0,0.0,0.0,0.0,11.50892748368293
-0.9816160293306163,0.6395171136954244,-0.7884906254808456,0.18930753657327157,0.0,0.0,0.0,0.0,11.606424915484219
-1.3763509639203289,0.6345285509296765,-0.7884906254808456,0.9846320489337848,0.0,0.0,0.0,0.0,11.520903555205116
-0.8753593491249562,0.6345285509296765,-0.7884906254808456,-0.12882226837093372,0.0,0.0,0.0,0.0,11.481445117743048
-1.1962220865455935,0.6345285509296765,-0.7884906254808456,0.5074373415174769,0.0,0.0,0.0,0.0,11.451060699493427
-1.2110279164314632,0.6395171136954244,-0.7931705805201473,0.7460346952256308,0.0,0.0,0.0,0.0,11.595435894542709
-0.6845054006314808,0.6345285509296765,-0.7931705805201473,0.5869697927535281,0.0,0.0,0.0,0.0,11.651826167019166
-0.9756518434401952,0.6345285509296765,-0.7931705805201473,0.5869697927535281,0.0,0.0,0.0,0.0,11.505910920476012
-1.1534264369108171,0.6395171136954244,-0.7931705805201473,0.2688399878093229,0.0,0.0,0.0,0.0,11.726430716744437
-1.1258028391025514,0.6395171136954244,-0.7978505355594456,0.2688399878093229,0.0,0.0,0.0,0.0,11.61909465356394
-1.4001553900619221,0.6345285509296765,-0.7978505355594456,0.5074373415174769,0.0,0.0,0.0,0.0,11.504903373867316
-1.2975086118425694,0.6345285509296765,-0.7978505355594456,0.5869697927535281,0.0,0.0,0.0,0.0,11.730461322518734
0.2173422869042999,0.6295399881639216,-0.7978505355594456,0.6665022439895795,0.0,0.0,0.0,0.0,11.759011806144656
-0.11403625195471111,0.6295399881639216,-0.7931705805201473,1.2232294026419388,0.0,0.0,0.0,0.0,11.749585258937909
-0.8535429849468368,0.6295399881639216,-0.7931705805201473,0.9050995976977334,0.0,0.0,0.0,0.0,12.07254696717504
-0.3430295996948267,0.6295399881639216,-0.7931705805201473,0.9050995976977334,0.0,0.0,0.0,0.0,11.889997957243736
-0.05298182270803199,0.6295399881639216,-0.7931705805201473,0.9050995976977334,0.0,0.0,0.0,0.0,11.943414837983129
0.8906674834807883,0.6295399881639216,-0.7978505355594456,1.064164500169836,0.0,0.0,0.0,0.0,11.863589378812122
0.5598644362427821,0.6295399881639216,-0.7978505355594456,1.1436969514058875,0.0,0.0,0.0,0.0,11.92039522907888
0.34557228354835406,0.6245514253981738,-0.7931705805201473,0.6665022439895795,0.0,0.0,0.0,0.0,12.036475785297062
0.1955259227261808,0.6245514253981738,-0.7978505355594456,0.6665022439895795,0.0,0.0,0.0,0.0,12.055836792757997
0.27876293809161895,0.6195628626324188,-0.7978505355594456,0.6665022439895795,0.0,0.0,0.0,0.0,11.907673348237187
1.1486446819515463,0.6195628626324188,-0.7978505355594456,0.7460346952256308,0.0,0.0,0.0,0.0,11.957617696467539
-0.3766697008136055,0.6245514253981738,-0.7931705805201473,0.6665022439895795,0.0,0.0,0.0,0.0,12.134582014379962
0.09277450966664541,0.6245514253981738,-0.7931705805201473,0.5869697927535281,0.0,0.0,0.0,0.0,12.149507585033072
0.06473237249764777,0.6245514253981738,-0.7931705805201473,0.5869697927535281,0.0,0.0,0.0,0.0,12.165255859329688
-1.0177673666137828,0.6195628626324188,-0.7931705805201473,0.18930753657327157,0.0,0.0,0.0,0.0,11.83138646878959
0.8587015398049345,0.6245514253981738,-0.7838106704415472,1.4618267563500926,0.0,0.0,0.0,0.0,12.160033942617156
-0.36850818327934504,0.6245514253981738,-0.7884906254808456,1.1436969514058875,0.0,0.0,0.0,0.0,12.119975396053194
0.17454663726952419,0.6195628626324188,-0.7838106704415472,-0.3674196220790877,0.0,0.0,0.0,0.0,12.153731433847984
0.4135326122470994,0.6245514253981738,-0.7884906254808456,1.2232294026419388,0.0,0.0,0.0,0.0,12.075969654927759
0.6356200605351485,0.6245514253981738,-0.7884906254808456,1.2232294026419388,0.0,0.0,0.0,0.0,12.04238244212355
0.8159582075902501,0.6145742998666639,-0.7884906254808456,0.3483724390453742,0.0,0.0,0.0,0.0,12.176133921127343
-0.6081219672980174,0.6245514253981738,-0.7791307154022488,1.8594890125303492,0.0,0.0,0.0,0.0,12.013100572810686
-0.013115948598375105,0.6245514253981738,-0.7838106704415472,1.4618267563500926,0.0,0.0,0.0,0.0,12.051177522006789
-0.29029364024268217,0.6245514253981738,-0.7838106704415472,1.4618267563500926,0.0,0.0,0.0,0.0,12.022756594390605
0.269764341835896,0.6245514253981738,-0.7791307154022488,1.3822943051140413,0.0,0.0,0.0,0.0,11.964644189595829
0.8494936738688459,0.6145742998666639,-0.7791307154022488,1.30276185387799,0.0,0.0,0.0,0.0,12.145265819615581
-0.8246637690563768,0.6195628626324188,-0.7838106704415472,1.064164500169836,0.0,0.0,0.0,0.0,12.15056522099821
-0.9786339363854057,0.6195628626324188,-0.7838106704415472,1.064164500169836,0.0,0.0,0.0,0.0,12.197036946273975
-0.9453077397871756,0.609585737100916,-0.7791307154022488,0.3483724390453742,0.0,0.0,0.0,0.0,11.874097282798648
-0.8611290108600916,0.609585737100916,-0.7791307154022488,-0.28788717084303633,0.0,0.0,0.0,0.0,11.979178318844294
-0.3167662548089374,0.609585737100916,-0.7791307154022488,-0.20835471960698504,0.0,0.0,0.0,0.0,11.760574294255605
-0.6293105224350398,0.609585737100916,-0.7791307154022488,-0.20835471960698504,0.0,0.0,0.0,0.0,11.87340018062404
-0.39597482882733687,0.609585737100916,-0.7744507603629505,0.3483724390453742,0.0,0.0,0.0,0.0,11.93689170019576
-0.06867704873545585,0.609585737100916,-0.7744507603629505,1.064164500169836,0.0,0.0,0.0,0.0,12.048254415120404
-0.7785198045357503,0.6145742998666639,-0.7744507603629505,1.4618267563500926,0.0,0.0,0.0,0.0,11.832839946854502
-0.37316443366748087,0.6145742998666639,-0.7744507603629505,0.9050995976977334,0.0,0.0,0.0,0.0,11.833565894429414
-0.08871462063046712,0.6145742998666639,-0.7744507603629505,1.30276185387799,0.0,0.0,0.0,0.0,11.824819546736247
-0.03697269216005945,0.609585737100916,-0.7791307154022488,0.10977508533722025,0.0,0.0,0.0,0.0,12.68788440854703
-1.3952375525733292,0.609585737100916,-0.7838106704415472,-0.6060169757872417,0.0,0.0,0.0,0.0,11.967187086434018
-0.3876040416127107,0.609585737100916,-0.7838106704415472,-0.20835471960698504,0.0,0.0,0.0,0.0,12.009455390434104
-0.6253343985080924,0.609585737100916,-0.7884906254808456,-0.04928981713488239,0.0,0.0,0.0,0.0,11.902945238977257
-0.8985882836455436,0.6145742998666639,-0.7884906254808456,-0.28788717084303633,0.0,0.0,0.0,0.0,11.876185678347824
-0.4312890873890409,0.609585737100916,-0.7884906254808456,0.10977508533722025,0.0,0.0,0.0,0.0,11.83138646878959
-0.51640952987777,0.609585737100916,-0.7884906254808456,1.064164500169836,0.0,0.0,0.0,0.0,11.98168457011701
0.03857366245194126,0.609585737100916,-0.7884906254808456,1.30276185387799,0.0,0.0,0.0,0.0,12.00762780434872
-0.07982065921492691,0.604597174335161,-0.7884906254808456,1.064164500169836,0.0,0.0,0.0,0.0,12.048254415120404
-0.6005359413847625,0.604597174335161,-0.7838106704415472,-0.6060169757872417,0.0,0.0,0.0,0.0,11.897514169490739
-0.5433006838047565,0.604597174335161,-0.7838106704415472,-0.28788717084303633,0.0,0.0,0.0,0.0,12.04355959836804
-0.6936609491474782,0.604597174335161,-0.7838106704415472,-0.20835471960698504,0.0,0.0,0.0,0.0,11.927026509139932
-0.639721689033231,0.604597174335161,-0.7884906254808456,-0.20835471960698504,0.0,0.0,0.0,0.0,12.085039960478051
0.2759901148267745,0.604597174335161,-0.7744507603629505,1.30276185387799,0.0,0.0,0.0,0.0,12.466130405907165
0.6177275028638856,0.604597174335161,-0.7744507603629505,1.3822943051140413,0.0,0.0,0.0,0.0,12.414309644189709
-0.1532743170232711,0.604597174335161,-0.7744507603629505,0.8255671464616822,0.0,0.0,0.0,0.0,12.295917919903431
0.07409719069401074,0.604597174335161,-0.7791307154022488,-0.8446143294953956,0.0,0.0,0.0,0.0,12.184854116317803
-0.5911188057683082,0.599608611569406,-0.7791307154022488,-0.6060169757872417,0.0,0.0,0.0,0.0,11.938853113303086
-0.5781440855856378,0.604597174335161,-0.7744507603629505,0.03024263410116893,0.0,0.0,0.0,0.0,11.98854454800156
-0.6246542720469039,0.604597174335161,-0.7791307154022488,-0.7650818782593443,0.0,0.0,0.0,0.0,11.86710429621008
-0.11403625195471111,0.604597174335161,-0.7838106704415472,0.6665022439895795,0.0,0.0,0.0,0.0,12.085604132204319
0.5225097982975133,0.599608611569406,-0.7838106704415472,-0.20835471960698504,0.0,0.0,0.0,0.0,12.07254696717504
-0.8614429153806403,0.599608611569406,-0.7884906254808456,0.5074373415174769,0.0,0.0,0.0,0.0,12.47801017053037
0.15027135434710837,0.604597174335161,-0.7884906254808456,1.064164500169836,0.0,0.0,0.0,0.0,12.007017865994577
-0.5238386035307508,0.604597174335161,-0.7884906254808456,1.064164500169836,0.0,0.0,0.0,0.0,12.086731521684555
-0.5401616385992718,0.599608611569406,-0.7884906254808456,0.2688399878093229,0.0,0.0,0.0,0.0,12.110117757946444
0.13012914761191427,0.599608611569406,-0.7884906254808456,1.8594890125303492,0.0,0.0,0.0,0.0,12.066816325306588
-0.2985597926171255,0.604597174335161,-0.7931705805201473,0.8255671464616822,0.0,0.0,0.0,0.0,11.962732764429129
-0.8181240915449501,0.604597174335161,-0.7931705805201473,0.7460346952256308,0.0,0.0,0.0,0.0,11.908346971208951
-0.7893495104946727,0.599608611569406,-0.7931705805201473,0.03024263410116893,0.0,0.0,0.0,0.0,11.914389245098882
-0.6258575727090064,0.604597174335161,-0.7978505355594456,0.10977508533722025,0.0,0.0,0.0,0.0,12.04355959836804
-0.652120917594896,0.604597174335161,-0.7978505355594456,0.9050995976977334,0.0,0.0,0.0,0.0,11.960817678718287
-0.2458761505850725,0.604597174335161,-0.7931705805201473,0.3483724390453742,0.0,0.0,0.0,0.0,11.933614104849879
-0.8414576609057204,0.6145742998666639,-0.7978505355594456,0.5869697927535281,0.0,0.0,0.0,0.0,11.944064817531656
-1.12057109709341,0.609585737100916,-0.7978505355594456,0.5074373415174769,0.0,0.0,0.0,0.0,11.897514169490739
-0.8050447365220968,0.609585737100916,-0.7978505355594456,0.3483724390453742,0.0,0.0,0.0,0.0,12.04708277568725
-0.5389060205170778,0.609585737100916,-0.7931705805201473,0.5074373415174769,0.0,0.0,0.0,0.0,11.912379207638454
-0.6334959160423529,0.609585737100916,-0.7931705805201473,0.7460346952256308,0.0,0.0,0.0,0.0,11.864996828675356
-0.6914113000835473,0.609585737100916,-0.7931705805201473,0.5869697927535281,0.0,0.0,0.0,0.0,11.921060339411943
-0.294949890630818,0.609585737100916,-0.7931705805201473,1.064164500169836,0.0,0.0,0.0,0.0,11.88173350431221
-0.8863983247642444,0.6145742998666639,-0.7931705805201473,0.6665022439895795,0.0,0.0,0.0,0.0,11.901590234400047
-0.7259931147639714,0.6145742998666639,-0.7931705805201473,0.5869697927535281,0.0,0.0,0.0,0.0,11.9873007744816
-0.3087093721148597,0.6195628626324188,-0.7978505355594456,0.6665022439895795,0.0,0.0,0.0,0.0,11.933614104849879
-0.5471721728915211,0.6145742998666639,-0.7978505355594456,0.3483724390453742,0.0,0.0,0.0,0.0,11.875490030985144
-0.8259193871385706,0.6145742998666639,-0.7978505355594456,0.2688399878093229,0.0,0.0,0.0,0.0,11.955692780409043
-0.42302293501459765,0.6145742998666639,-0.7978505355594456,0.6665022439895795,0.0,0.0,0.0,0.0,12.02993791082274
-0.4532100864073431,0.609585737100916,-0.7978505355594456,-0.20835471960698504,0.0,0.0,0.0,0.0,12.164734893029634
-0.1895826065667118,0.609585737100916,-0.7978505355594456,0.18930753657327157,0.0,0.0,0.0,0.0,12.169413847867123
-0.9240668672300619,0.609585737100916,-0.7978505355594456,-0.28788717084303633,0.0,0.0,0.0,0.0,12.316275916098562
-0.371804180745104,0.604597174335161,-0.7978505355594456,-0.12882226837093372,0.0,0.0,0.0,0.0,12.228328144428588
-0.2722964477312362,0.6145742998666639,-0.802530490598744,0.03024263410116893,0.0,0.0,0.0,0.0,12.20407565286699
-0.13580029871273916,0.609585737100916,-0.802530490598744,0.03024263410116893,0.0,0.0,0.0,0.0,12.206077645517674
0.11825309325116327,0.604597174335161,-0.802530490598744,1.3822943051140413,0.0,0.0,0.0,0.0,12.33182825999709
-0.648092476247857,0.604597174335161,-0.802530490598744,-0.7650818782593443,0.0,0.0,0.0,0.0,12.362225605170924
-0.617434468074289,0.604597174335161,-0.7978505355594456,-0.7650818782593443,0.0,0.0,0.0,0.0,12.26670197321789
-0.512956580151737,0.599608611569406,-0.7978505355594456,-1.4808739393838062,0.0,0.0,0.0,0.0,12.412277544454046
0.3117752301693009,0.599608611569406,-0.802530490598744,1.2232294026419388,0.0,0.0,0.0,0.0,12.293630123379582
0.5715835383432588,0.599608611569406,-0.802530490598744,0.5869697927535281,0.0,0.0,0.0,0.0,12.38380451915696
0.8628346159921563,0.599608611569406,-0.802530490598744,0.9050995976977334,0.0,0.0,0.0,0.0,12.399585512019348
0.5152376769048072,0.599608611569406,-0.802530490598744,0.8255671464616822,0.0,0.0,0.0,0.0,12.411463546908074
0.3190473515620076,0.599608611569406,-0.7978505355594456,1.3822943051140413,0.0,0.0,0.0,0.0,12.414309644189709
0.2988005099866305,0.599608611569406,-0.7978505355594456,1.3822943051140413,0.0,0.0,0.0,0.0,12.41674272554783
-0.4515359289644178,0.604597174335161,-0.7978505355594456,1.2232294026419388,0.0,0.0,0.0,0.0,12.218500103788143
-0.03990246768517874,0.604597174335161,-0.8072104456380458,0.9846320489337848,0.0,0.0,0.0,0.0,12.312686874960354
0.2391063336623282,0.604597174335161,-0.8072104456380458,1.064164500169836,0.0,0.0,0.0,0.0,12.32652323122033
0.4518812811741056,0.604597174335161,-0.8118904006773442,1.064164500169836,0.0,0.0,0.0,0.0,12.345838935721968
0.6115540472930988,0.604597174335161,-0.8118904006773442,0.9050995976977334,0.0,0.0,0.0,0.0,12.354065835437861
0.030987636538686365,0.599608611569406,-0.8072104456380458,0.9846320489337848,0.0,0.0,0.0,0.0,12.336227719801212
0.9386425577046139,0.599608611569406,-0.8072104456380458,0.5074373415174769,0.0,0.0,0.0,0.0,12.6237989437515
0.9270280904443203,0.599608611569406,-0.8118904006773442,0.5074373415174769,0.0,0.0,0.0,0.0,12.594055831421823
-0.2800917433248567,0.599608611569406,-0.8118904006773442,0.2688399878093229,0.0,0.0,0.0,0.0,12.454107814022272
1.0260126492572739,0.5946200488036583,-0.8072104456380458,0.5869697927535281,0.0,0.0,0.0,0.0,12.57625939252641
-0.5728600261564051,0.609585737100916,-0.8072104456380458,-0.7650818782593443,0.0,0.0,0.0,0.0,12.351475171599722
-0.18461245165802753,0.609585737100916,-0.8072104456380458,0.18930753657327157,0.0,0.0,0.0,0.0,12.487488878546145
-0.0032802736211893432,0.609585737100916,-0.8072104456380458,-0.20835471960698504,0.0,0.0,0.0,0.0,12.48560031099168
-0.5362901495125072,0.609585737100916,-0.8072104456380458,-0.28788717084303633,0.0,0.0,0.0,0.0,12.516497870633875
-0.43662546423836496,0.609585737100916,-0.8118904006773442,-0.28788717084303633,0.0,0.0,0.0,0.0,12.37581963951765
0.23146799032898155,0.609585737100916,-0.8072104456380458,0.2688399878093229,0.0,0.0,0.0,0.0,12.505069216944454
0.5046695580463416,0.609585737100916,-0.8072104456380458,0.03024263410116893,0.0,0.0,0.0,0.0,12.404927602627597
-0.02682311266232525,0.609585737100916,-0.8072104456380458,0.42790489028142553,0.0,0.0,0.0,0.0,12.36904572188765
0.11704979258906079,0.604597174335161,-0.8072104456380458,0.5869697927535281,0.0,0.0,0.0,0.0,12.40123227382928
-0.180479375470806,0.604597174335161,-0.8118904006773442,0.8255671464616822,0.0,0.0,0.0,0.0,12.347576548072231
-0.31875431677241106,0.6195628626324188,-0.802530490598744,-0.446952073315139,0.0,0.0,0.0,0.0,12.130276325842603
-0.2758017148773608,0.6195628626324188,-0.8072104456380458,0.8255671464616822,0.0,0.0,0.0,0.0,12.110667961260443
-0.31985298259433076,0.6145742998666639,-0.8072104456380458,-0.9241467807314468,0.0,0.0,0.0,0.0,12.216522851424992
-0.23609279302797825,0.6145742998666639,-0.802530490598744,-1.7990037443280114,0.0,0.0,0.0,0.0,12.174587138384211
-0.6316648063391536,0.6145742998666639,-0.8072104456380458,-1.3218090369117035,0.0,0.0,0.0,0.0,12.166817131771358
-0.7435717679146863,0.6195628626324188,-0.8072104456380458,-1.6399388418559087,0.0,0.0,0.0,0.0,12.16889504380259
-0.030851554009364204,0.6295399881639216,-0.8072104456380458,0.18930753657327157,0.0,0.0,0.0,0.0,12.088982494773598
0.20054839505495636,0.6295399881639216,-0.8072104456380458,0.5869697927535281,0.0,0.0,0.0,0.0,12.106810165667413
0.17370955854806167,0.6245514253981738,-0.8072104456380458,0.3483724390453742,0.0,0.0,0.0,0.0,12.103491596905931
0.16936721268047428,0.6245514253981738,-0.8072104456380458,0.5074373415174769,0.0,0.0,0.0,0.0,12.107913912447533
0.34222396866250354,0.6245514253981738,-0.8072104456380458,0.42790489028142553,0.0,0.0,0.0,0.0,12.107913912447533
0.9817521118599383,0.6245514253981738,-0.8072104456380458,0.42790489028142553,0.0,0.0,0.0,0.0,12.103491596905931
-0.11183892031087175,0.6245514253981738,-0.8118904006773442,0.5074373415174769,0.0,0.0,0.0,0.0,12.144202560946876
0.5071284767906379,0.6295399881639216,-0.802530490598744,0.5074373415174769,0.0,0.0,0.0,0.0,11.894104711087113
0.6220698487314725,0.6295399881639216,-0.7978505355594456,0.5074373415174769,0.0,0.0,0.0,0.0,11.970356641102999
0.5677643666765858,0.6245514253981738,-0.7978505355594456,0.42790489028142553,0.0,0.0,0.0,0.0,11.969090024509446
0.49917622893674307,0.6245514253981738,-0.802530490598744,0.5074373415174769,0.0,0.0,0.0,0.0,11.93689170019576
-0.09640528138390482,0.6395171136954244,-0.802530490598744,0.42790489028142553,0.0,0.0,0.0,0.0,11.885874268401459
-0.45116970702377784,0.6345285509296765,-0.802530490598744,0.42790489028142553,0.0,0.0,0.0,0.0,11.949249500664376
-0.041524307708012485,0.6345285509296765,-0.7978505355594456,0.03024263410116893,0.0,0.0,0.0,0.0,12.04002396437039
-0.45075116766304657,0.6345285509296765,-0.8072104456380458,0.10977508533722025,0.0,0.0,0.0,0.0,11.951831796597101
-0.6581897383255,0.6345285509296765,-0.8072104456380458,0.42790489028142553,0.0,0.0,0.0,0.0,12.058737851357439
-0.6513884737136161,0.6295399881639216,-0.8118904006773442,-0.04928981713488239,0.0,0.0,0.0,0.0,12.051177522006789
-1.1012136516595867,0.6395171136954244,-0.8118904006773442,-0.12882226837093372,0.0,0.0,0.0,0.0,11.979178318844294
-0.144537307868005,0.6345285509296765,-0.8118904006773442,0.03024263410116893,0.0,0.0,0.0,0.0,12.249136924251182
-0.24917214805083152,0.6345285509296765,-0.8118904006773442,-0.12882226837093372,0.0,0.0,0.0,0.0,12.319852122072682
-0.30829083275412844,0.6345285509296765,-0.8118904006773442,-0.7650818782593443,0.0,0.0,0.0,0.0,12.10846532932714
-0.4412293972064093,0.6345285509296765,-0.8165703557166426,0.10977508533722025,0.0,0.0,0.0,0.0,12.244336169955224
-0.3093371811559566,0.6345285509296765,-0.8165703557166426,0.6665022439895795,0.0,0.0,0.0,0.0,12.292713537231938
-0.17503836378129892,0.6295399881639216,-0.8118904006773442,0.7460346952256308,0.0,0.0,0.0,0.0,12.198045514142787
-0.5930022328915991,0.6395171136954244,-0.8165703557166426,0.3483724390453742,0.0,0.0,0.0,0.0,12.249615734512616
0.17831349151610598,0.6395171136954244,-0.8165703557166426,0.2688399878093229,0.0,0.0,0.0,0.0,12.293171935322027
-0.41977925496892987,0.6395171136954244,-0.8212503107559409,0.5869697927535281,0.0,0.0,0.0,0.0,12.295003429279529
-0.2867883730965575,0.6395171136954244,-0.8212503107559409,-0.6060169757872417,0.0,0.0,0.0,0.0,12.37581963951765
-0.37489090853049745,0.6345285509296765,-0.8259302657952426,-0.12882226837093372,0.0,0.0,0.0,0.0,12.277001641517879
0.6214420396903756,0.6345285509296765,-0.8259302657952426,0.18930753657327157,0.0,0.0,0.0,0.0,12.366919427768636
0.09277450966664541,0.6345285509296765,-0.8212503107559409,-0.20835471960698504,0.0,0.0,0.0,0.0,12.443517444755098
-0.072600855242312,0.6345285509296765,-0.8212503107559409,0.03024263410116893,0.0,0.0,0.0,0.0,12.419977652611005
-0.3237767891011867,0.6345285509296765,-0.8212503107559409,0.10977508533722025,0.0,0.0,0.0,0.0,12.182297237179363
-0.5397954166586318,0.6345285509296765,-0.8212503107559409,0.5074373415174769,0.0,0.0,0.0,0.0,12.397110273442197
-0.16316230942054816,0.6295399881639216,-0.8212503107559409,0.2688399878093229,0.0,0.0,0.0,0.0,12.397936033911247
-0.16776624238859247,0.6295399881639216,-0.8212503107559409,0.5074373415174769,0.0,0.0,0.0,0.0,12.380030154325457
-0.0587890563381788,0.6295399881639216,-0.8165703557166426,0.6665022439895795,0.0,0.0,0.0,0.0,12.304110918882833
0.14101117099092841,0.6295399881639216,-0.8165703557166426,0.5074373415174769,0.0,0.0,0.0,0.0,12.352339472153524
0.08947851220088616,0.6245514253981738,-0.8118904006773442,0.5869697927535281,0.0,0.0,0.0,0.0,12.26481785529885
0.13504698510050728,0.6245514253981738,-0.8118904006773442,0.5869697927535281,0.0,0.0,0.0,0.0,12.25629511679123
-0.43092286544840097,0.6245514253981738,-0.8118904006773442,0.6665022439895795,0.0,0.0,0.0,0.0,12.284888447015875
0.21190127521479307,0.6245514253981738,-0.8165703557166426,1.30276185387799,0.0,0.0,0.0,0.0,12.255343646460032
0.6752243475443485,0.6245514253981738,-0.8165703557166426,1.2232294026419388,0.0,0.0,0.0,0.0,12.304110918882833
0.32909229621955877,0.6245514253981738,-0.8165703557166426,0.42790489028142553,0.0,0.0,0.0,0.0,12.396697137361691
-0.6629506235538184,0.6195628626324188,-0.8118904006773442,-0.6060169757872417,0.0,0.0,0.0,0.0,12.007017865994577
0.5763444235715776,0.6145742998666639,-0.8118904006773442,-0.446952073315139,0.0,0.0,0.0,0.0,12.32208077363632
0.8564518907410039,0.6145742998666639,-0.8118904006773442,0.6665022439895795,0.0,0.0,0.0,0.0,12.33403040930302
0.45324153409648243,0.6145742998666639,-0.8118904006773442,0.5869697927535281,0.0,0.0,0.0,0.0,12.399585512019348
0.1576481105799976,0.6145742998666639,-0.8118904006773442,0.5869697927535281,0.0,0.0,0.0,0.0,12.374130457060179
0.16690829393617754,0.6195628626324188,-0.8165703557166426,0.8255671464616822,0.0,0.0,0.0,0.0,12.332269077986075
0.6859494186630883,0.6195628626324188,-0.8165703557166426,1.064164500169836,0.0,0.0,0.0,0.0,12.349311146362329
1.1156847072939562,0.6145742998666639,-0.8165703557166426,0.5869697927535281,0.0,0.0,0.0,0.0,12.412684294889793
0.7830505503527512,0.6145742998666639,-0.8165703557166426,0.5869697927535281,0.0,0.0,0.0,0.0,12.40697467786825
-0.5224260331882827,0.609585737100916,-0.8118904006773442,-1.2422765856756521,0.0,0.0,0.0,0.0,12.244817283839346
0.5225097982975133,0.609585737100916,-0.8118904006773442,0.18930753657327157,0.0,0.0,0.0,0.0,12.356219606876625
-0.11911104170357821,0.609585737100916,-0.8165703557166426,0.03024263410116893,0.0,0.0,0.0,0.0,12.34148164933907
0.14592900847952095,0.609585737100916,-0.8165703557166426,0.42790489028142553,0.0,0.0,0.0,0.0,12.36265322789447
-0.48193235003752893,0.604597174335161,-0.8118904006773442,0.9846320489337848,0.0,0.0,0.0,0.0,12.230770136157428
-0.25068935323348246,0.609585737100916,-0.8118904006773442,-0.5264845245511903,0.0,0.0,0.0,0.0,12.302750072044772
0.2127383539362556,0.609585737100916,-0.8165703557166426,0.10977508533722025,0.0,0.0,0.0,0.0,12.388398368982115
0.7537004776814685,0.604597174335161,-0.8165703557166426,0.42790489028142553,0.0,0.0,0.0,0.0,12.335349374897772
0.10276713690410529,0.604597174335161,-0.8118904006773442,-0.8446143294953956,0.0,0.0,0.0,0.0,12.273735966890268
-0.38912124679536186,0.604597174335161,-0.8165703557166426,-0.12882226837093372,0.0,0.0,0.0,0.0,12.278397958261774
0.19311932140197582,0.604597174335161,-0.8212503107559409,0.3483724390453742,0.0,0.0,0.0,0.0,12.374975404956045
-0.6415527987364306,0.604597174335161,-0.8212503107559409,-0.04928981713488239,0.0,0.0,0.0,0.0,12.471512943383113
-0.35124343464917873,0.604597174335161,-0.8212503107559409,-0.28788717084303633,0.0,0.0,0.0,0.0,12.496504683358769
0.056570854963387276,0.604597174335161,-0.8212503107559409,-0.20835471960698504,0.0,0.0,0.0,0.0,12.348877778786173
-0.4148614174803371,0.609585737100916,-0.8165703557166426,-0.28788717084303633,0.0,0.0,0.0,0.0,12.357509646659748
0.10329031110501913,0.609585737100916,-0.8212503107559409,0.5869697927535281,0.0,0.0,0.0,0.0,12.380870134047337
-0.32299202779981545,0.6145742998666639,-0.8212503107559409,1.064164500169836,0.0,0.0,0.0,0.0,12.360084744326953
0.27400205286330076,0.609585737100916,-0.8212503107559409,1.2232294026419388,0.0,0.0,0.0,0.0,12.327409359385856
-0.3227304406993585,0.609585737100916,-0.8212503107559409,0.5869697927535281,0.0,0.0,0.0,0.0,12.36265322789447
-0.275330858096538,0.609585737100916,-0.8212503107559409,-0.28788717084303633,0.0,0.0,0.0,0.0,12.377927112974284
-0.7592669939421103,0.6345285509296765,-0.8867696813061317,0.9050995976977334,0.0,0.0,0.0,1.0,12.449022745701502
0.032033984940514515,0.6345285509296765,-0.8867696813061317,-0.04928981713488239,0.0,0.0,0.0,1.0,12.508031074119511
0.7187001236403129,0.5896314860379033,-0.802530490598744,0.9846320489337848,0.0,0.0,0.0,0.0,12.417957049864935
1.084869746860114,0.5846429232721483,-0.802530490598744,-0.28788717084303633,0.0,0.0,0.0,0.0,12.753618744072144
0.37795676658493865,0.5846429232721483,-0.802530490598744,0.2688399878093229,0.0,0.0,0.0,0.0,12.804362293825438
0.44764357014670125,0.5846429232721483,-0.7978505355594456,0.5074373415174769,0.0,0.0,0.0,0.0,12.837613003322215
0.619087755786262,0.5796543605064005,-0.7978505355594456,0.7460346952256308,0.0,0.0,0.0,0.0,12.80463713160417
0.1867889135709147,0.5796543605064005,-0.802530490598744,0.2688399878093229,0.0,0.0,0.0,0.0,12.788291058675025
0.3644588722013539,0.5796543605064005,-0.802530490598744,-0.5264845245511903,0.0,0.0,0.0,0.0,12.729323752253295
0.15984544222383695,0.5796543605064005,-0.7978505355594456,-0.5264845245511903,0.0,0.0,0.0,0.0,12.73582109791826
0.7102247015855037,0.5796543605064005,-0.802530490598744,0.7460346952256308,0.0,0.0,0.0,0.0,12.788291058675025
-0.12418583145244531,0.5796543605064005,-0.802530490598744,0.03024263410116893,0.0,0.0,0.0,0.0,12.524530013005734
-0.035403169557316996,0.5746657977406455,-0.802530490598744,-0.28788717084303633,0.0,0.0,0.0,0.0,12.797466684914907
0.6189831209460793,0.5746657977406455,-0.802530490598744,0.9846320489337848,0.0,0.0,0.0,0.0,12.754196944209095
0.5505519354665109,0.5746657977406455,-0.7978505355594456,0.8255671464616822,0.0,0.0,0.0,0.0,12.740813018453595
0.36519131608263383,0.5746657977406455,-0.7978505355594456,-0.04928981713488239,0.0,0.0,0.0,0.0,12.853701927216076
0.8676478186405663,0.5746657977406455,-0.8118904006773442,0.03024263410116893,0.0,0.0,0.0,0.0,13.122367377396328
0.8017801867454771,0.5696772349748905,-0.8118904006773442,-0.12882226837093372,0.0,0.0,0.0,0.0,13.122367377396328
1.799107165948087,0.5846429232721483,-0.8118904006773442,0.42790489028142553,0.0,0.0,0.0,0.0,13.106642448631462
2.1011356321358154,0.5846429232721483,-0.8118904006773442,0.6665022439895795,0.0,0.0,0.0,0.0,13.122367377396328
2.4022747021819897,0.5796543605064005,-0.8118904006773442,0.8255671464616822,0.0,0.0,0.0,0.0,13.064948224727432
1.9247212915875702,0.5796543605064005,-0.8118904006773442,0.8255671464616822,0.0,0.0,0.0,0.0,13.122367377396328
1.4508301003995492,0.5646886722091427,-0.8212503107559409,0.5074373415174769,0.0,0.0,0.0,1.0,13.122367377396328
0.7490442272933324,0.5746657977406455,-0.8118904006773442,0.6665022439895795,0.0,0.0,0.0,0.0,13.122367377396328
1.089944536608981,0.5746657977406455,-0.8118904006773442,1.1436969514058875,0.0,0.0,0.0,0.0,13.122367377396328
1.755422120171757,0.5796543605064005,-0.8165703557166426,0.18930753657327157,0.0,0.0,0.0,0.0,13.122367377396328
2.723085122182536,0.5796543605064005,-0.8165703557166426,0.5074373415174769,0.0,0.0,0.0,0.0,13.122367377396328
1.3130783332988583,0.5796543605064005,-0.8165703557166426,0.7460346952256308,0.0,0.0,0.0,0.0,13.122367377396328
1.2931453962440298,0.5796543605064005,-0.8165703557166426,0.42790489028142553,0.0,0.0,0.0,0.0,13.122367377396328
2.1081984838481564,0.5846429232721483,-0.8118904006773442,0.7460346952256308,0.0,0.0,0.0,0.0,13.075483487498648
1.441779186723735,0.5846429232721483,-0.8165703557166426,0.5869697927535281,0.0,0.0,0.0,0.0,13.084663587061359
2.137077699738616,0.5846429232721483,-0.8165703557166426,0.18930753657327157,0.0,0.0,0.0,0.0,13.122367377396328
1.4116443527510805,0.5946200488036583,-0.8165703557166426,0.5074373415174769,0.0,0.0,0.0,0.0,12.846085364109054
1.2907387949198248,0.5896314860379033,-0.8165703557166426,0.10977508533722025,0.0,0.0,0.0,0.0,13.039853127851833
1.809832237066827,0.5896314860379033,-0.8165703557166426,0.7460346952256308,0.0,0.0,0.0,0.0,12.95442035229611
1.7307806153087013,0.5896314860379033,-0.8165703557166426,0.9050995976977334,0.0,0.0,0.0,0.0,12.99020475638327
0.6035494820191122,0.604597174335161,-0.8165703557166426,0.9050995976977334,0.0,0.0,0.0,0.0,12.70442378544751
0.2881800737080737,0.604597174335161,-0.8212503107559409,1.2232294026419388,0.0,0.0,0.0,0.0,12.725464474372217
0.2850410285025888,0.599608611569406,-0.8212503107559409,1.2232294026419388,0.0,0.0,0.0,0.0,12.688501881189456
0.8670200095994693,0.599608611569406,-0.8212503107559409,-0.6060169757872417,0.0,0.0,0.0,0.0,12.744321783723706
0.7448065162659281,0.5946200488036583,-0.8212503107559409,0.3483724390453742,0.0,0.0,0.0,0.0,12.792194035742861
0.9065719791885776,0.599608611569406,-0.8165703557166426,-0.6060169757872417,0.0,0.0,0.0,0.0,12.784933482374647
0.5552081858546466,0.604597174335161,-0.8259302657952426,-0.7650818782593443,0.0,0.0,0.0,0.0,12.587931300962664
1.1215442583441944,0.599608611569406,-0.8259302657952426,-0.7650818782593443,0.0,0.0,0.0,0.0,12.625443946112906
0.34499679192734845,0.599608611569406,-0.8212503107559409,-0.12882226837093372,0.0,0.0,0.0,0.0,12.71949788735918
0.41787495811468683,0.5946200488036583,-0.8259302657952426,-0.12882226837093372,0.0,0.0,0.0,0.0,12.666344701243613
0.8898304047593253,0.5946200488036583,-0.8212503107559409,-0.12882226837093372,0.0,0.0,0.0,0.0,12.75275081654168
0.05782647304558129,0.604597174335161,-0.8259302657952426,-0.9241467807314468,0.0,0.0,0.0,0.0,12.549311224453131
-0.23829012467181762,0.604597174335161,-0.8259302657952426,-0.5264845245511903,0.0,0.0,0.0,0.0,12.577639650232573
0.593870759302201,0.599608611569406,-0.8259302657952426,-0.8446143294953956,0.0,0.0,0.0,0.0,12.732577702014082
-0.19434349179503047,0.599608611569406,-0.8259302657952426,-1.2422765856756521,0.0,0.0,0.0,0.0,12.591338447675579
0.8733504174305304,0.604597174335161,-0.8306102208345411,0.5074373415174769,0.0,0.0,0.0,0.0,12.60283667547732
0.6289234307634479,0.604597174335161,-0.8306102208345411,0.6665022439895795,0.0,0.0,0.0,0.0,12.597780217902699
0.8719901645081536,0.604597174335161,-0.8306102208345411,0.42790489028142553,0.0,0.0,0.0,0.0,12.631016799175821
0.12699010240642936,0.599608611569406,-0.8306102208345411,-0.04928981713488239,0.0,0.0,0.0,0.0,12.688501881189456
1.4121675269519949,0.599608611569406,-0.8259302657952426,-0.446952073315139,0.0,0.0,0.0,0.0,12.79358427261286
0.5785417552154168,0.5946200488036583,-0.8259302657952426,-0.6060169757872417,0.0,0.0,0.0,0.0,12.587589946944513
0.975840243389609,0.5946200488036583,-0.8259302657952426,-0.9241467807314468,0.0,0.0,0.0,0.0,12.681999323836905
1.0335463577504376,0.5946200488036583,-0.8259302657952426,-0.446952073315139,0.0,0.0,0.0,0.0,12.730508232153463
1.3330112703536867,0.5946200488036583,-0.8306102208345411,-1.3218090369117035,0.0,0.0,0.0,0.0,12.80902429414634
1.509373293481841,0.5946200488036583,-0.8306102208345411,0.03024263410116893,0.0,0.0,0.0,0.0,12.773375951490893
1.2691317004220712,0.5946200488036583,-0.8306102208345411,-0.3674196220790877,0.0,0.0,0.0,0.0,12.718300286011257
1.9868743866561691,0.5946200488036583,-0.8306102208345411,-1.0832116832035494,0.0,0.0,0.0,0.0,12.704727505104454
1.5830362209705504,0.5946200488036583,-0.8259302657952426,0.3483724390453742,0.0,0.0,0.0,0.0,12.729620003784861
0.5152376769048072,0.5946200488036583,-0.8212503107559409,0.8255671464616822,0.0,0.0,0.0,0.0,13.030469555199033
1.9839969285511412,0.5896314860379033,-0.8212503107559409,0.3483724390453742,0.0,0.0,0.0,0.0,13.06959742023368
1.1513651877963,0.5896314860379033,-0.8212503107559409,0.42790489028142553,0.0,0.0,0.0,0.0,13.066218332285754
1.094496152156934,0.5896314860379033,-0.8212503107559409,0.3483724390453742,0.0,0.0,0.0,0.0,13.113324650913615
2.2365854327524843,0.5896314860379033,-0.8212503107559409,0.18930753657327157,0.0,0.0,0.0,0.0,13.122367377396328
0.4571130231832468,0.5946200488036583,-0.8212503107559409,0.5869697927535281,0.0,0.0,0.0,0.0,12.999293641743465
1.7729484559023805,0.5846429232721483,-0.8212503107559409,0.5869697927535281,0.0,0.0,0.0,0.0,13.122367377396328
1.89584207569711,0.5846429232721483,-0.8212503107559409,0.5074373415174769,0.0,0.0,0.0,0.0,13.122367377396328
1.2891169548969912,0.5796543605064005,-0.8212503107559409,0.42790489028142553,0.0,0.0,0.0,0.0,13.122367377396328
2.158213937455547,0.5846429232721483,-0.8212503107559409,0.5074373415174769,0.0,0.0,0.0,0.0,13.122367377396328
2.1372346519988907,0.5796543605064005,-0.8212503107559409,1.1436969514058875,0.0,0.0,0.0,0.0,13.122367377396328
0.7204265985033297,0.5796543605064005,-0.8212503107559409,0.9050995976977334,0.0,0.0,0.0,0.0,13.122367377396328
1.678306242957014,0.5796543605064005,-0.8212503107559409,0.42790489028142553,0.0,0.0,0.0,0.0,13.122367377396328
1.5411299674773284,0.5696772349748905,-0.8259302657952426,0.9846320489337848,0.0,0.0,0.0,1.0,13.122367377396328
0.7069810215398362,0.5846429232721483,-0.8259302657952426,-0.20835471960698504,0.0,0.0,0.0,0.0,12.981953525180908
1.094496152156934,0.5896314860379033,-0.8259302657952426,0.42790489028142553,0.0,0.0,0.0,0.0,12.8856304067793
1.7003841942355904,0.5696772349748905,-0.8306102208345411,0.42790489028142553,0.0,0.0,0.0,1.0,13.122367377396328
1.2343406160612813,0.5846429232721483,-0.8212503107559409,1.064164500169836,0.0,0.0,0.0,0.0,13.066218332285754
1.3386615517235592,0.5846429232721483,-0.8259302657952426,0.9050995976977334,0.0,0.0,0.0,0.0,13.080501258809191
0.7092306706037673,0.5846429232721483,-0.8259302657952426,0.7460346952256308,0.0,0.0,0.0,0.0,13.122367377396328
1.280118358641268,0.5846429232721483,-0.8259302657952426,1.30276185387799,0.0,0.0,0.0,0.0,13.122367377396328
0.638968375420999,0.5846429232721483,-0.8259302657952426,0.42790489028142553,0.0,0.0,0.0,0.0,13.06006447977003
0.7875498484806125,0.5846429232721483,-0.8259302657952426,1.30276185387799,0.0,0.0,0.0,0.0,13.122367377396328
0.9473272494397887,0.5896314860379033,-0.8306102208345411,0.42790489028142553,0.0,0.0,0.0,0.0,12.880039555090077
0.5340719481377156,0.5896314860379033,-0.8306102208345411,-0.3674196220790877,0.0,0.0,0.0,0.0,12.900970792253764
0.6756428869050798,0.5846429232721483,-0.8306102208345411,-0.8446143294953956,0.0,0.0,0.0,0.0,12.85003220794632
0.9027004901018132,0.5846429232721483,-0.8352901758738395,0.03024263410116893,0.0,0.0,0.0,0.0,12.971542813248437
0.43644764224713845,0.5846429232721483,-0.8306102208345411,0.9846320489337848,0.0,0.0,0.0,0.0,13.122367377396328
0.6047527826812147,0.5746657977406455,-0.8352901758738395,1.1436969514058875,0.0,0.0,0.0,1.0,12.983103608918753
0.5556790426354692,0.5946200488036583,-0.8352901758738395,-0.04928981713488239,0.0,0.0,0.0,0.0,12.842916634678488
0.8935972590059071,0.5946200488036583,-0.8352901758738395,0.18930753657327157,0.0,0.0,0.0,0.0,12.85996171223744
0.960825143823373,0.5896314860379033,-0.8352901758738395,-0.3674196220790877,0.0,0.0,0.0,0.0,12.810937641967044
0.2870814078861538,0.5796543605064005,-0.8352901758738395,-1.0036792319674983,0.0,0.0,0.0,1.0,12.726059179728116
0.25276118030618683,0.5896314860379033,-0.8352901758738395,-0.9241467807314468,0.0,0.0,0.0,0.0,12.762830066509972
0.8478195164259208,0.5946200488036583,-0.8399701309131378,-0.28788717084303633,0.0,0.0,0.0,0.0,12.847402710321575
0.30617726621951974,0.5946200488036583,-0.8446500859524395,-0.6855494270232929,0.0,0.0,0.0,0.0,12.860481596522911
0.6729746984804179,0.5946200488036583,-0.8446500859524395,0.9050995976977334,0.0,0.0,0.0,0.0,12.977802237280331
1.1310660288008316,0.5946200488036583,-0.8399701309131378,-0.20835471960698504,0.0,0.0,0.0,0.0,12.780720596528097
0.6595814389370157,0.5896314860379033,-0.8399701309131378,-1.0036792319674983,0.0,0.0,0.0,0.0,12.76168328068127
0.6637668325443288,0.5696772349748905,-0.8446500859524395,-0.7650818782593443,0.0,0.0,0.0,1.0,12.94848844720934
0.9211685393940817,0.5896314860379033,-0.8446500859524395,0.2688399878093229,0.0,0.0,0.0,1.0,13.122367377396328
0.3690628051693982,0.5896314860379033,-0.8493300409917379,0.10977508533722025,0.0,0.0,0.0,1.0,13.122367377396328
0.38114812921051483,0.5696772349748905,-0.8493300409917379,0.42790489028142553,0.0,0.0,0.0,1.0,13.122367377396328
0.3622615405575145,0.599608611569406,-0.8493300409917379,0.2688399878093229,0.0,0.0,0.0,0.0,12.851082074053602
0.6710389539370355,0.5946200488036583,-0.8493300409917379,0.5074373415174769,0.0,0.0,0.0,1.0,12.992712446041898
1.1271945397140672,0.5946200488036583,-0.8493300409917379,0.7460346952256308,0.0,0.0,0.0,1.0,12.940124217215681
0.3356842911510768,0.5946200488036583,-0.8446500859524395,0.5074373415174769,0.0,0.0,0.0,0.0,12.965009907449353
-0.7608888339649441,0.6295399881639216,-0.8212503107559409,0.3483724390453742,0.0,0.0,0.0,0.0,12.471129435740856
0.7576242841883242,0.6245514253981738,-0.8259302657952426,-0.04928981713488239,0.0,0.0,0.0,0.0,12.513193308436527
0.22356805989517842,0.6245514253981738,-0.8212503107559409,0.5074373415174769,0.0,0.0,0.0,0.0,12.550020441826058
1.3612103597829586,0.6245514253981738,-0.8212503107559409,0.6665022439895795,0.0,0.0,0.0,0.0,12.502470376049185
-0.3797041111789074,0.6195628626324188,-0.8212503107559409,0.10977508533722025,0.0,0.0,0.0,0.0,12.506180941677357
-0.3319906240555387,0.6195628626324188,-0.8212503107559409,0.5869697927535281,0.0,0.0,0.0,0.0,12.554265215639417
0.021151961561500607,0.6195628626324188,-0.8259302657952426,1.2232294026419388,0.0,0.0,0.0,0.0,12.48975046163757
-0.09284769681768888,0.6145742998666639,-0.8259302657952426,-0.04928981713488239,0.0,0.0,0.0,0.0,12.493508437657445
-0.005529922685120212,0.6145742998666639,-0.8212503107559409,0.18930753657327157,0.0,0.0,0.0,0.0,12.606193498512562
0.4593626722471775,0.6295399881639216,-0.8259302657952426,-0.12882226837093372,0.0,0.0,0.0,0.0,12.599131108513774
1.4580499043721642,0.6295399881639216,-0.8306102208345411,0.03024263410116893,0.0,0.0,0.0,0.0,12.692198731681815
0.4080916005575926,0.6245514253981738,-0.8306102208345411,0.2688399878093229,0.0,0.0,0.0,0.0,12.583484584029573
0.9150997186634781,0.6245514253981738,-0.8259302657952426,0.5074373415174769,0.0,0.0,0.0,0.0,12.556028567310046
0.3998777656032408,0.6145742998666639,-0.8259302657952426,0.42790489028142553,0.0,0.0,0.0,0.0,12.45254592991672
0.20149010861660194,0.6195628626324188,-0.8259302657952426,0.5869697927535281,0.0,0.0,0.0,0.0,12.49538214300718
1.3669652759930138,0.6195628626324188,-0.8259302657952426,0.5074373415174769,0.0,0.0,0.0,0.0,12.535739636044429
1.3408065659473072,0.6245514253981738,-0.8306102208345411,0.42790489028142553,0.0,0.0,0.0,0.0,12.438378098156768
1.3199319153308338,0.6195628626324188,-0.8306102208345411,0.5869697927535281,0.0,0.0,0.0,0.0,12.466901115884776
0.06473237249764777,0.6195628626324188,-0.8306102208345411,0.7460346952256308,0.0,0.0,0.0,0.0,12.423604480576804
0.7234086914485403,0.6145742998666639,-0.8306102208345411,0.5869697927535281,0.0,0.0,0.0,0.0,12.54040330489666
0.8385593330697404,0.6145742998666639,-0.8306102208345411,0.5074373415174769,0.0,0.0,0.0,0.0,12.563400876030764
0.7837306768139394,0.6145742998666639,-0.8259302657952426,-0.04928981713488239,0.0,0.0,0.0,0.0,12.565497305532237
0.3698998838908612,0.609585737100916,-0.8259302657952426,0.6665022439895795,0.0,0.0,0.0,0.0,12.473428278520133
0.8494936738688459,0.609585737100916,-0.8259302657952426,0.42790489028142553,0.0,0.0,0.0,0.0,12.541118865873308
-0.13569566387255633,0.609585737100916,-0.8259302657952426,-0.04928981713488239,0.0,0.0,0.0,0.0,12.456835254920371
0.2666252966304115,0.609585737100916,-0.8306102208345411,-0.3674196220790877,0.0,0.0,0.0,0.0,12.510984184596735
1.2564185673398578,0.6145742998666639,-0.8399701309131378,0.5869697927535281,0.0,0.0,0.0,0.0,12.643362594887305
0.7286404334576815,0.6145742998666639,-0.8399701309131378,0.5869697927535281,0.0,0.0,0.0,0.0,12.712592010659236
0.7966530795765185,0.6145742998666639,-0.8446500859524395,0.42790489028142553,0.0,0.0,0.0,0.0,12.7896867284182
1.057298466471939,0.6145742998666639,-0.8446500859524395,0.5074373415174769,0.0,0.0,0.0,0.0,12.768259411382008
0.9762064653302489,0.604597174335161,-0.8306102208345411,0.6665022439895795,0.0,0.0,0.0,0.0,12.708969922854033
0.5879065734117799,0.609585737100916,-0.8352901758738395,0.42790489028142553,0.0,0.0,0.0,0.0,12.777619827590577
0.924098314919201,0.609585737100916,-0.8352901758738395,0.5074373415174769,0.0,0.0,0.0,0.0,12.760535178224796
0.5306713158317738,0.604597174335161,-0.8352901758738395,0.5869697927535281,0.0,0.0,0.0,0.0,12.720096150618835
0.7343430322476452,0.604597174335161,-0.8306102208345411,0.5869697927535281,0.0,0.0,0.0,0.0,12.714698852350997
1.1947363290520818,0.599608611569406,-0.8352901758738395,0.42790489028142553,0.0,0.0,0.0,0.0,12.740227025427723
1.1703564112894829,0.604597174335161,-0.8352901758738395,0.42790489028142553,0.0,0.0,0.0,0.0,12.76368929365942
0.9985983211293736,0.599608611569406,-0.8352901758738395,-0.28788717084303633,0.0,0.0,0.0,0.0,12.887402779005837
1.3189902017691881,0.599608611569406,-0.8352901758738395,0.03024263410116893,0.0,0.0,0.0,0.0,12.923914877701906
0.7853001994166818,0.599608611569406,-0.8399701309131378,-0.12882226837093372,0.0,0.0,0.0,0.0,12.84529412258351
1.173181551974419,0.609585737100916,-0.8446500859524395,0.5869697927535281,0.0,0.0,0.0,0.0,12.742568940017076
0.6917043348731439,0.604597174335161,-0.8446500859524395,0.5869697927535281,0.0,0.0,0.0,0.0,12.775924437795926
0.9883441067914563,0.604597174335161,-0.8399701309131378,0.5074373415174769,0.0,0.0,0.0,0.0,12.745488641595722
0.5660902092336607,0.599608611569406,-0.8399701309131378,0.5074373415174769,0.0,0.0,0.0,0.0,12.744905382854366
1.0662447453075707,0.604597174335161,-0.8446500859524395,0.5074373415174769,0.0,0.0,0.0,0.0,12.746654139497183
0.9024912204214476,0.604597174335161,-0.8446500859524395,0.5074373415174769,0.0,0.0,0.0,0.0,12.766262554340948
0.4470680785256957,0.599608611569406,-0.8446500859524395,0.5074373415174769,0.0,0.0,0.0,0.0,12.775358668518512
1.4827960440754027,0.599608611569406,-0.8399701309131378,0.2688399878093229,0.0,0.0,0.0,0.0,12.733758336210744
0.8506969745309484,0.6195628626324188,-0.8446500859524395,-1.8785361955640627,0.0,0.0,0.0,0.0,12.565148205682643
-0.1930355562927452,0.6245514253981738,-0.8352901758738395,1.064164500169836,0.0,0.0,0.0,0.0,12.366493625870792
-0.13145795284515174,0.6295399881639216,-0.8399701309131378,1.8594890125303492,0.0,0.0,0.0,0.0,12.508770169721908
-0.016045724123494153,0.6245514253981738,-0.8446500859524395,1.779956561294298,0.0,0.0,0.0,0.0,12.672635988772473
-1.1789573379154268,0.6245514253981738,-0.8399701309131378,1.064164500169836,0.0,0.0,0.0,0.0,12.837613003322215
-0.5761560236221641,0.6295399881639216,-0.8446500859524395,1.7004241100582467,0.0,0.0,0.0,0.0,12.323860125621126
-0.49114021597361757,0.6295399881639216,-0.8446500859524395,1.30276185387799,0.0,0.0,0.0,0.0,12.51723073716405
-0.24812579964900314,0.6295399881639216,-0.8493300409917379,0.5074373415174769,0.0,0.0,0.0,0.0,12.5421912482017
0.7115326370877892,0.6245514253981738,-0.8446500859524395,-0.7650818782593443,0.0,0.0,0.0,0.0,12.644330802262578
0.13829066514617477,0.6295399881639216,-0.8493300409917379,0.8255671464616822,0.0,0.0,0.0,0.0,12.687575529189761
0.8455698673619897,0.6295399881639216,-0.8493300409917379,-0.20835471960698504,0.0,0.0,0.0,0.0,12.798573182658513
0.12589143658450994,0.6295399881639216,-0.8540099960310363,-0.446952073315139,0.0,0.0,0.0,0.0,12.801058335158986
0.22461440829700657,0.6295399881639216,-0.8540099960310363,0.10977508533722025,0.0,0.0,0.0,0.0,12.724869415131389
0.2881800737080737,0.6245514253981738,-0.8493300409917379,-0.28788717084303633,0.0,0.0,0.0,0.0,12.853440250547505
1.6831717630255152,0.6245514253981738,-0.8493300409917379,-0.5264845245511903,0.0,0.0,0.0,0.0,12.846612510860464
0.5061867632289924,0.6245514253981738,-0.8540099960310363,-0.04928981713488239,0.0,0.0,0.0,0.0,12.754774810223829
0.4341979931832078,0.6245514253981738,-0.8540099960310363,-0.12882226837093372,0.0,0.0,0.0,0.0,12.785493861878301
1.4177131734816848,0.6195628626324188,-0.8493300409917379,-0.20835471960698504,0.0,0.0,0.0,0.0,12.942760521591445
0.6304929533661904,0.6145742998666639,-0.858689951070338,-0.28788717084303633,0.0,0.0,0.0,0.0,13.009868584312548
0.10177310592236842,0.609585737100916,-0.8493300409917379,-0.04928981713488239,0.0,0.0,0.0,0.0,12.70351207261035
1.2286380172713176,0.604597174335161,-0.8493300409917379,0.5869697927535281,0.0,0.0,0.0,0.0,12.733758336210744
1.047253521814388,0.599608611569406,-0.8493300409917379,0.8255671464616822,0.0,0.0,0.0,0.0,12.868247600436153
1.1202886402620005,0.599608611569406,-0.8493300409917379,0.5869697927535281,0.0,0.0,0.0,0.0,12.773375951490893
1.24501336975993,0.599608611569406,-0.8493300409917379,0.5869697927535281,0.0,0.0,0.0,0.0,12.812847335877953
0.9941513404216036,0.604597174335161,-0.8493300409917379,0.5869697927535281,0.0,0.0,0.0,0.0,12.73523217148465
-0.27193022579059617,0.604597174335161,-0.8493300409917379,-0.20835471960698504,0.0,0.0,0.0,0.0,12.79608183878539
1.1821801482301426,0.604597174335161,-0.8493300409917379,-0.04928981713488239,0.0,0.0,0.0,0.0,12.706850963741102
0.3572913856488303,0.604597174335161,-0.8540099960310363,-0.28788717084303633,0.0,0.0,0.0,0.0,12.844766280206098
0.6809269463343127,0.604597174335161,-0.8540099960310363,-0.20835471960698504,0.0,0.0,0.0,0.0,12.79358427261286
0.6544020143479663,0.599608611569406,-0.8540099960310363,0.5869697927535281,0.0,0.0,0.0,1.0,13.035281452471706
1.3703659082989557,0.5946200488036583,-0.8540099960310363,0.3483724390453742,0.0,0.0,0.0,1.0,13.089015465545286
2.444704129876125,0.5946200488036583,-0.8540099960310363,-0.6855494270232929,0.0,0.0,0.0,1.0,12.924646315668351
0.5934522199414697,0.5646886722091427,-0.8540099960310363,0.3483724390453742,0.0,0.0,0.0,1.0,13.122367377396328
1.1062152542574106,0.5946200488036583,-0.8493300409917379,0.42790489028142553,0.0,0.0,0.0,1.0,13.122367377396328
0.43231456605991714,0.604597174335161,-0.8540099960310363,0.42790489028142553,0.0,0.0,0.0,0.0,12.784933482374647
1.558551668367769,0.599608611569406,-0.8540099960310363,0.3483724390453742,0.0,0.0,0.0,1.0,13.086116318555344
1.597423511495689,0.599608611569406,-0.8540099960310363,0.5869697927535281,0.0,0.0,0.0,1.0,13.122367377396328
1.1189283873396236,0.5946200488036583,-0.8540099960310363,0.9846320489337848,0.0,0.0,0.0,1.0,13.099096797545785
0.9730151027046727,0.5946200488036583,-0.8540099960310363,0.8255671464616822,0.0,0.0,0.0,1.0,13.122367377396328
-0.051516934945472354,0.5896314860379033,-0.8540099960310363,0.5074373415174769,0.0,0.0,0.0,1.0,13.097047620699986
3.4677189623436195,0.5946200488036583,-0.8540099960310363,0.5869697927535281,0.0,0.0,0.0,1.0,13.122367377396328
0.601195198114999,0.6145742998666639,-0.8633699061096364,0.5869697927535281,0.0,0.0,0.0,0.0,12.765691290604371
0.637660439918714,0.6145742998666639,-0.858689951070338,0.3483724390453742,0.0,0.0,0.0,0.0,12.672635988772473
0.5225097982975133,0.609585737100916,-0.858689951070338,0.2688399878093229,0.0,0.0,0.0,0.0,12.649799673963308
1.0870670785039533,0.609585737100916,-0.858689951070338,-0.7650818782593443,0.0,0.0,0.0,0.0,13.122367377396328
-0.0834828786213259,0.6295399881639216,-0.858689951070338,0.03024263410116893,0.0,0.0,0.0,0.0,12.640776116195056
0.09277450966664541,0.6245514253981738,-0.858689951070338,0.03024263410116893,0.0,0.0,0.0,0.0,12.563051043422098
-0.32911316595051093,0.6295399881639216,-0.8633699061096364,0.5074373415174769,0.0,0.0,0.0,0.0,12.447845587147512
-0.3722227201058353,0.6245514253981738,-0.858689951070338,0.8255671464616822,0.0,0.0,0.0,0.0,12.408200914579284
-0.024887368118943057,0.6245514253981738,-0.8633699061096364,0.5074373415174769,0.0,0.0,0.0,0.0,12.5421912482017
0.14200520197266528,0.6245514253981738,-0.8633699061096364,0.2688399878093229,0.0,0.0,0.0,0.0,12.660648501336015
-0.3917371177999325,0.6245514253981738,-0.858689951070338,0.03024263410116893,0.0,0.0,0.0,0.0,12.565148205682643
-0.2513694796946709,0.6295399881639216,-0.8633699061096364,0.7460346952256308,0.0,0.0,0.0,0.0,12.429220196836383
-0.15479152220592204,0.6295399881639216,-0.8680498611489348,0.10977508533722025,0.0,0.0,0.0,0.0,12.857879468076053
-0.10284032405514874,0.6245514253981738,-0.8633699061096364,-0.6060169757872417,0.0,0.0,0.0,0.0,12.510246724155719
2.250658818757074,0.6145742998666639,-0.8680498611489348,-0.28788717084303633,0.0,0.0,0.0,1.0,13.122367377396328
2.3462427452640866,0.604597174335161,-0.8633699061096364,0.42790489028142553,0.0,0.0,0.0,1.0,13.122367377396328
2.2654123312228527,0.599608611569406,-0.8633699061096364,0.5869697927535281,0.0,0.0,0.0,1.0,13.122367377396328
1.6207570808564593,0.604597174335161,-0.858689951070338,0.7460346952256308,0.0,0.0,0.0,1.0,13.122367377396328
3.268703496315884,0.604597174335161,-0.858689951070338,0.42790489028142553,0.0,0.0,0.0,1.0,13.122367377396328
2.2012711741907802,0.5946200488036583,-0.858689951070338,0.5869697927535281,0.0,0.0,0.0,1.0,13.122367377396328
4.2497597578700645,0.5597001094433878,-0.858689951070338,0.18930753657327157,0.0,0.0,0.0,1.0,13.122367377396328
3.6735880104033303,0.5896314860379033,-0.8633699061096364,0.10977508533722025,0.0,0.0,0.0,1.0,13.122367377396328
4.760639365062714,0.5846429232721483,-0.8680498611489348,-0.3674196220790877,0.0,0.0,0.0,1.0,13.122367377396328
4.074757987664287,0.5646886722091427,-0.8633699061096364,-0.12882226837093372,0.0,0.0,0.0,1.0,13.122367377396328
3.235168030037288,0.5796543605064005,-0.8727298161882332,-0.5264845245511903,0.0,0.0,0.0,1.0,13.122367377396328
3.493406815608503,0.5547115466776399,-0.8727298161882332,-0.04928981713488239,0.0,0.0,0.0,1.0,13.122367377396328
2.207496947181659,0.5746657977406455,-0.8680498611489348,0.5869697927535281,0.0,0.0,0.0,1.0,13.122367377396328
3.279480884854715,0.599608611569406,-0.8727298161882332,-0.20835471960698504,0.0,0.0,0.0,1.0,13.122367377396328
3.1101293960188103,0.5946200488036583,-0.8727298161882332,-0.6060169757872417,0.0,0.0,0.0,1.0,13.122367377396328
1.271381349486002,0.5946200488036583,-0.8727298161882332,-0.9241467807314468,0.0,0.0,0.0,1.0,12.943956548056168
2.002674247523776,0.5946200488036583,-0.8633699061096364,0.2688399878093229,0.0,0.0,0.0,1.0,13.122367377396328
2.4410419104697265,0.5846429232721483,-0.8680498611489348,-0.20835471960698504,0.0,0.0,0.0,1.0,13.122367377396328
2.3055397924329664,0.5746657977406455,-0.8820897262668332,-0.5264845245511903,0.0,0.0,0.0,1.0,13.122367377396328
5.819700899973191,0.6145742998666639,-0.8774097712275348,0.42790489028142553,0.0,0.0,0.0,1.0,13.122367377396328
3.2546824277313853,0.609585737100916,-0.8867696813061317,-0.28788717084303633,0.0,0.0,0.0,1.0,13.122367377396328
1.9997444719986566,0.5946200488036583,-0.8820897262668332,-0.446952073315139,0.0,0.0,0.0,1.0,13.122367377396328
3.1039036230279327,0.5796543605064005,-0.8820897262668332,-1.958068646800114,0.0,0.0,0.0,1.0,13.122367377396328
1.448371181655253,0.6295399881639216,-0.8727298161882332,-0.6855494270232929,0.0,0.0,0.0,0.0,12.940364168650662
1.409499338527333,0.6295399881639216,-0.8774097712275348,-0.20835471960698504,0.0,0.0,0.0,0.0,12.935313057613287
0.3808342246899662,0.6295399881639216,-0.8820897262668332,0.5869697927535281,0.0,0.0,0.0,1.0,12.786333842776127
1.2612317699882678,0.6295399881639216,-0.8820897262668332,0.42790489028142553,0.0,0.0,0.0,1.0,12.890181604139126
3.1103386656991763,0.6195628626324188,-0.8727298161882332,0.3483724390453742,0.0,0.0,0.0,1.0,13.122367377396328
2.820290888712381,0.6245514253981738,-0.8820897262668332,0.3483724390453742,0.0,0.0,0.0,1.0,13.122367377396328
4.076275192846938,0.6245514253981738,-0.8820897262668332,0.6665022439895795,0.0,0.0,0.0,1.0,13.122367377396328
3.2747723170464877,0.6245514253981738,-0.8867696813061317,-0.3674196220790877,0.0,0.0,0.0,1.0,13.122367377396328
-0.749745223485473,0.6145742998666639,-0.7229712549306548,0.6665022439895795,0.0,0.0,0.0,0.0,12.206077645517674
-1.1866479986688647,0.609585737100916,-0.7229712549306548,0.5074373415174769,0.0,0.0,0.0,0.0,12.573839347853667
-0.44018304880458115,0.609585737100916,-0.7229712549306548,0.5074373415174769,0.0,0.0,0.0,0.0,12.493883459694384
-0.6967999943529629,0.609585737100916,-0.7229712549306548,0.5074373415174769,0.0,0.0,0.0,0.0,12.37201495855807
-1.1093751691938474,0.604597174335161,-0.7229712549306548,0.42790489028142553,0.0,0.0,0.0,0.0,12.652362948153474
-0.667711508782137,0.604597174335161,-0.7229712549306548,0.5869697927535281,0.0,0.0,0.0,0.0,12.655876756228816
-0.9708909582118765,0.604597174335161,-0.7229712549306548,0.3483724390453742,0.0,0.0,0.0,0.0,12.40410759774362
-0.9448892004264444,0.604597174335161,-0.7229712549306548,0.10977508533722025,0.0,0.0,0.0,0.0,12.554265215639417
-0.6775471837593229,0.604597174335161,-0.7229712549306548,0.5869697927535281,0.0,0.0,0.0,0.0,12.206077645517674
-0.660596339649705,0.604597174335161,-0.7229712549306548,-0.04928981713488239,0.0,0.0,0.0,0.0,12.856575860287759
-0.3454885184391232,0.599608611569406,-0.7229712549306548,0.7460346952256308,0.0,0.0,0.0,0.0,12.856575860287759
-0.4502803108822238,0.599608611569406,-0.7229712549306548,0.7460346952256308,0.0,0.0,0.0,0.0,12.611541086966115
0.09879101297715785,0.599608611569406,-0.7229712549306548,0.3483724390453742,0.0,0.0,0.0,0.0,13.122367377396328
-0.31101133859888186,0.599608611569406,-0.7229712549306548,0.18930753657327157,0.0,0.0,0.0,0.0,12.323860125621126
-0.3790763021378105,0.599608611569406,-0.7229712549306548,-0.5264845245511903,0.0,0.0,0.0,0.0,12.741691364642852
0.8612127759693226,0.599608611569406,-0.7229712549306548,-0.3674196220790877,0.0,0.0,0.0,0.0,12.899222326086994
-0.6304091882569595,0.599608611569406,-0.7276512099699566,-0.04928981713488239,0.0,0.0,0.0,0.0,12.652362948153474
-0.48721640946676165,0.5946200488036583,-0.7276512099699566,1.8594890125303492,0.0,0.0,0.0,0.0,12.974793330968813
-0.1908905420689971,0.5896314860379033,-0.7276512099699566,1.8594890125303492,0.0,0.0,0.0,0.0,12.973401545524444
0.032033984940514515,0.5946200488036583,-0.7276512099699566,1.541359207586144,0.0,0.0,0.0,0.0,13.017005083966255
-0.16237754811917693,0.5946200488036583,-0.7229712549306548,-0.3674196220790877,0.0,0.0,0.0,0.0,12.547180549395199
-0.6790120715218825,0.5946200488036583,-0.7229712549306548,-0.04928981713488239,0.0,0.0,0.0,0.0,12.51686437103563
-0.13370760190908262,0.5896314860379033,-0.7229712549306548,-0.12882226837093372,0.0,0.0,0.0,0.0,12.80078251189375
0.2827390620185664,0.5896314860379033,-0.7229712549306548,-0.04928981713488239,0.0,0.0,0.0,0.0,12.959846800844963
-0.4233891569552374,0.5896314860379033,-0.7276512099699566,-0.04928981713488239,0.0,0.0,0.0,0.0,12.834683971615659
5.819700899973191,0.5846429232721483,-0.7182912998913565,-0.12882226837093372,0.0,0.0,0.0,0.0,13.122367377396328
5.819700899973191,0.5846429232721483,-0.7229712549306548,1.30276185387799,0.0,0.0,0.0,0.0,13.122367377396328
5.819700899973191,0.5896314860379033,-0.7276512099699566,1.8594890125303492,0.0,0.0,0.0,0.0,13.122367377396328
5.819700899973191,0.5846429232721483,-0.7276512099699566,1.8594890125303492,0.0,0.0,0.0,0.0,13.122367377396328
5.819700899973191,0.5796543605064005,-0.7229712549306548,0.6665022439895795,0.0,0.0,0.0,0.0,13.122367377396328
5.819700899973191,0.5746657977406455,-0.7229712549306548,0.9050995976977334,0.0,0.0,0.0,0.0,13.122367377396328
5.819700899973191,0.5746657977406455,-0.7276512099699566,1.541359207586144,0.0,0.0,0.0,0.0,13.122367377396328
5.819700899973191,0.5796543605064005,-0.732331165009255,1.8594890125303492,0.0,0.0,0.0,0.0,13.122367377396328
5.819700899973191,0.5796543605064005,-0.732331165009255,1.8594890125303492,0.0,0.0,0.0,0.0,13.122367377396328
0.32087846126520697,0.5946200488036583,-0.732331165009255,1.541359207586144,0.0,0.0,0.0,0.0,13.122367377396328
0.18956173683575964,0.5896314860379033,-0.732331165009255,0.3483724390453742,0.0,0.0,0.0,0.0,13.122367377396328
0.9939943881613292,0.5896314860379033,-0.732331165009255,1.30276185387799,0.0,0.0,0.0,0.0,13.122367377396328
-0.035298534717134185,0.5896314860379033,-0.7276512099699566,-0.12882226837093372,0.0,0.0,0.0,0.0,13.122367377396328
-0.5051612845581164,0.5846429232721483,-0.732331165009255,-0.5264845245511903,0.0,0.0,0.0,0.0,13.122367377396328
-0.27857453814220573,0.599608611569406,-0.7370111200485534,0.5869697927535281,0.0,0.0,0.0,0.0,13.122367377396328
1.2337128070201844,0.5946200488036583,-0.7370111200485534,1.7004241100582467,0.0,0.0,0.0,0.0,13.122367377396328
2.1623993310628595,0.5896314860379033,-0.7370111200485534,1.8594890125303492,0.0,0.0,0.0,0.0,13.122367377396328
1.988496226679003,0.5946200488036583,-0.7370111200485534,1.8594890125303492,0.0,0.0,0.0,0.0,13.122367377396328
-0.03163631531073543,0.5896314860379033,-0.7370111200485534,1.1436969514058875,0.0,0.0,0.0,0.0,13.122367377396328
0.761391138434906,0.5896314860379033,-0.7370111200485534,0.6665022439895795,0.0,0.0,0.0,0.0,13.122367377396328
-0.28605592921527784,0.5896314860379033,-0.7370111200485534,0.8255671464616822,0.0,0.0,0.0,0.0,13.122367377396328
0.1408542187306541,0.5846429232721483,-0.7370111200485534,0.6665022439895795,0.0,0.0,0.0,0.0,13.122367377396328
-0.09410331489988266,0.5846429232721483,-0.7370111200485534,1.4618267563500926,0.0,0.0,0.0,0.0,13.122367377396328
2.3123410570448497,0.5846429232721483,-0.7370111200485534,1.8594890125303492,0.0,0.0,0.0,0.0,13.122367377396328
1.4429301699657457,0.5846429232721483,-0.7370111200485534,1.8594890125303492,0.0,0.0,0.0,0.0,13.122367377396328
0.1385522522466317,0.5796543605064005,-0.7370111200485534,1.1436969514058875,0.0,0.0,0.0,0.0,13.122367377396328
0.8662875657181894,0.5796543605064005,-0.7370111200485534,1.1436969514058875,0.0,0.0,0.0,0.0,13.122367377396328
0.05970990016887219,0.5796543605064005,-0.732331165009255,1.4618267563500926,0.0,0.0,0.0,0.0,13.122367377396328
2.8569130827763702,0.5597001094433878,-0.7370111200485534,1.8594890125303492,0.0,0.0,0.0,0.0,13.122367377396328
5.220928027026968,0.5397458583803821,-0.741691075087855,1.8594890125303492,0.0,0.0,0.0,0.0,13.122367377396328
4.932135868122367,0.5397458583803821,-0.7463710301271534,1.7004241100582467,0.0,0.0,0.0,0.0,13.122367377396328
2.170874753117669,0.5397458583803821,-0.7463710301271534,1.541359207586144,0.0,0.0,0.0,0.0,13.122367377396328
5.819700899973191,0.5347572956146271,-0.7463710301271534,1.8594890125303492,0.0,0.0,0.0,0.0,13.122367377396328
2.3582757518851114,0.5347572956146271,-0.7463710301271534,1.8594890125303492,0.0,0.0,0.0,0.0,13.122367377396328
0.4898114107403801,0.5397458583803821,-0.7463710301271534,0.18930753657327157,0.0,0.0,0.0,0.0,13.122367377396328
0.16031629900465952,0.5397458583803821,-0.7510509851664519,0.10977508533722025,0.0,0.0,0.0,0.0,12.983333467028356
4.095528003440577,0.5297687328488723,-0.7463710301271534,0.9050995976977334,0.0,0.0,0.0,0.0,13.122367377396328
2.089678117135796,0.5347572956146271,-0.7510509851664519,1.8594890125303492,0.0,0.0,0.0,0.0,13.122367377396328
2.0304024801722247,0.5347572956146271,-0.7510509851664519,1.8594890125303492,0.0,0.0,0.0,0.0,13.122367377396328
1.3622043907646955,0.5347572956146271,-0.7510509851664519,1.2232294026419388,0.0,0.0,0.0,0.0,13.122367377396328
-0.010029220812981717,0.5297687328488723,-0.7510509851664519,0.6665022439895795,0.0,0.0,0.0,0.0,13.122367377396328
0.6332657766310353,0.5247801700831244,-0.7557309402057503,-0.3674196220790877,0.0,0.0,0.0,0.0,13.122367377396328
0.19657227112800893,0.5397458583803821,-0.7510509851664519,0.18930753657327157,0.0,0.0,0.0,0.0,12.987004029372565
-0.12094215140677782,0.5347572956146271,-0.7510509851664519,0.2688399878093229,0.0,0.0,0.0,0.0,12.856575860287759
-0.28757313439792875,0.5347572956146271,-0.7557309402057503,-0.04928981713488239,0.0,0.0,0.0,0.0,13.08839492693925
-0.5761560236221641,0.5347572956146271,-0.7557309402057503,-0.3674196220790877,0.0,0.0,0.0,0.0,12.583484584029573
-0.46189477814251767,0.5347572956146271,-0.7557309402057503,0.5074373415174769,0.0,0.0,0.0,0.0,12.765691290604371
-0.3834709654254892,0.5247801700831244,-0.7604108952450519,-0.28788717084303633,0.0,0.0,0.0,0.0,13.122367377396328
0.3372014963337279,0.5397458583803821,-0.7510509851664519,0.2688399878093229,0.0,0.0,0.0,0.0,12.999293641743465
-0.10430521181770838,0.5397458583803821,-0.7510509851664519,0.18930753657327157,0.0,0.0,0.0,0.0,13.017005083966255
0.13614565092242673,0.5397458583803821,-0.7557309402057503,-0.12882226837093372,0.0,0.0,0.0,0.0,13.062190778410184
-0.5117532794896344,0.54473442114613,-0.7510509851664519,0.2688399878093229,0.0,0.0,0.0,0.0,12.775924437795926
-0.5042195709964709,0.5397458583803821,-0.7557309402057503,-0.04928981713488239,0.0,0.0,0.0,0.0,13.07107218827772
-0.3766697008136055,0.5397458583803821,-0.7557309402057503,0.03024263410116893,0.0,0.0,0.0,0.0,12.706850963741102
2.6605134877532057,0.54473442114613,-0.7463710301271534,1.4618267563500926,0.0,0.0,0.0,0.0,13.122367377396328
0.04689213224647586,0.54473442114613,-0.7463710301271534,0.9050995976977334,0.0,0.0,0.0,0.0,13.122367377396328
0.33469026016933995,0.5497229839118849,-0.7463710301271534,0.2688399878093229,0.0,0.0,0.0,0.0,12.765691290604371
-0.25497938168097833,0.5497229839118849,-0.7510509851664519,0.2688399878093229,0.0,0.0,0.0,0.0,12.759673235525094
-0.19287860403247084,0.54473442114613,-0.7510509851664519,0.8255671464616822,0.0,0.0,0.0,0.0,12.852654809442695
-0.14521743432919343,0.5497229839118849,-0.7510509851664519,0.18930753657327157,0.0,0.0,0.0,0.0,12.738173341424954
-1.3304162690800683,0.54473442114613,-0.7510509851664519,-0.7650818782593443,0.0,0.0,0.0,0.0,12.644330802262578
-0.7063740822296914,0.54473442114613,-0.7557309402057503,-0.5264845245511903,0.0,0.0,0.0,0.0,12.834683971615659
-0.6116272344441422,0.54473442114613,-0.7557309402057503,0.03024263410116893,0.0,0.0,0.0,0.0,12.834683971615659
-0.3729028465670237,0.5397458583803821,-0.7557309402057503,0.10977508533722025,0.0,0.0,0.0,0.0,12.812302081080515
-0.5892353786450173,0.5547115466776399,-0.7510509851664519,-0.12882226837093372,0.0,0.0,0.0,0.0,12.698635515785552
-0.3930450533022178,0.5547115466776399,-0.7510509851664519,0.8255671464616822,0.0,0.0,0.0,0.0,12.691583538230217
-0.835441157595208,0.5547115466776399,-0.7510509851664519,1.8594890125303492,0.0,0.0,0.0,0.0,12.729323752253295
-0.6342806773437242,0.5547115466776399,-0.7557309402057503,0.03024263410116893,0.0,0.0,0.0,0.0,12.360084744326953
-0.8046785145814569,0.5497229839118849,-0.7557309402057503,0.7460346952256308,0.0,0.0,0.0,0.0,12.60317286530671
-0.6546321537592839,0.54473442114613,-0.7557309402057503,-1.4013414881477548,0.0,0.0,0.0,0.0,12.429220196836383
-0.829006114923964,0.54473442114613,-0.7557309402057503,0.10977508533722025,0.0,0.0,0.0,0.0,12.709272265101712
-0.614400057708987,0.54473442114613,-0.7557309402057503,-0.28788717084303633,0.0,0.0,0.0,0.0,12.590657946392092
-1.236297230335616,0.5397458583803821,-0.7557309402057503,-0.04928981713488239,0.0,0.0,0.0,0.0,13.017005083966255
-0.9961602721160293,0.5397458583803821,-0.7604108952450519,-0.04928981713488239,0.0,0.0,0.0,0.0,13.122367377396328
-0.8195366618874182,0.5297687328488723,-0.7650908502843503,1.8594890125303492,0.0,0.0,0.0,0.0,13.122367377396328
0.11145182863927962,0.54473442114613,-0.7604108952450519,0.18930753657327157,0.0,0.0,0.0,0.0,12.851868750935193
-0.2045977061329475,0.54473442114613,-0.7604108952450519,0.10977508533722025,0.0,0.0,0.0,0.0,12.959846800844963
-0.43913670040275277,0.5397458583803821,-0.7650908502843503,0.2688399878093229,0.0,0.0,0.0,0.0,13.122367377396328
0.27400205286330076,0.54473442114613,-0.7604108952450519,0.18930753657327157,0.0,0.0,0.0,0.0,12.776489887159451
0.21190127521479307,0.5497229839118849,-0.7650908502843503,-0.04928981713488239,0.0,0.0,0.0,0.0,12.859441557531706
-0.39021991261728156,0.5497229839118849,-0.7650908502843503,1.064164500169836,0.0,0.0,0.0,0.0,12.738173341424954
0.05018812971223487,0.54473442114613,-0.7650908502843503,-0.28788717084303633,0.0,0.0,0.0,0.0,13.017005083966255
-0.13820690003694414,0.54473442114613,-0.7650908502843503,0.03024263410116893,0.0,0.0,0.0,0.0,13.122365377402328
-0.6292058875948571,0.54473442114613,-0.7650908502843503,1.8594890125303492,0.0,0.0,0.0,0.0,13.122367377396328
-0.3219456793979873,0.5347572956146271,-0.7697708053236487,-0.5264845245511903,0.0,0.0,0.0,0.0,13.122367377396328
-0.602105463987505,0.5497229839118849,-0.7557309402057503,0.9846320489337848,0.0,0.0,0.0,0.0,13.004482586970102
0.47960951382255457,0.5497229839118849,-0.7604108952450519,1.2232294026419388,0.0,0.0,0.0,0.0,13.062190778410184
0.2850410285025888,0.5497229839118849,-0.7604108952450519,0.9846320489337848,0.0,0.0,0.0,0.0,13.045268487310828
-0.06344530672631464,0.54473442114613,-0.7604108952450519,0.9050995976977334,0.0,0.0,0.0,0.0,12.894963279836933
-0.698212564695431,0.5497229839118849,-0.7604108952450519,0.9846320489337848,0.0,0.0,0.0,0.0,12.943717457174193
0.06473237249764777,0.5547115466776399,-0.7604108952450519,1.541359207586144,0.0,0.0,0.0,0.0,13.122367377396328
1.576758130559581,0.5547115466776399,-0.7604108952450519,1.3822943051140413,0.0,0.0,0.0,0.0,13.122367377396328
1.164130638298605,0.5497229839118849,-0.7604108952450519,1.2232294026419388,0.0,0.0,0.0,0.0,13.081751777416258
-0.5020222393526315,0.5497229839118849,-0.7604108952450519,1.1436969514058875,0.0,0.0,0.0,0.0,13.041372386919402
-0.2186710921375376,0.5597001094433878,-0.7557309402057503,0.9846320489337848,0.0,0.0,0.0,0.0,12.952525968339533
1.2952904104677778,0.5597001094433878,-0.7557309402057503,1.30276185387799,0.0,0.0,0.0,0.0,13.10907750982848
1.1338911694857678,0.5547115466776399,-0.7557309402057503,1.3822943051140413,0.0,0.0,0.0,0.0,13.06685278163674
0.7224146604668034,0.5547115466776399,-0.7557309402057503,0.8255671464616822,0.0,0.0,0.0,0.0,12.91263197969655
-0.9162192542163499,0.599608611569406,-0.7510509851664519,0.8255671464616822,0.0,0.0,0.0,0.0,12.187913766539234
0.04050940699532345,0.5946200488036583,-0.7510509851664519,1.2232294026419388,0.0,0.0,0.0,0.0,12.49275797139508
0.0445901657624537,0.5946200488036583,-0.7557309402057503,1.30276185387799,0.0,0.0,0.0,0.0,12.500982286072535
-0.14929819309632367,0.5896314860379033,-0.7557309402057503,0.7460346952256308,0.0,0.0,0.0,0.0,12.54040330489666
-0.22955311551655153,0.5896314860379033,-0.7557309402057503,1.30276185387799,0.0,0.0,0.0,0.0,12.658742534767816
0.4629725742334849,0.5946200488036583,-0.7604108952450519,-0.8446143294953956,0.0,0.0,0.0,0.0,12.625115162052026
-0.7947905221841798,0.5896314860379033,-0.7604108952450519,-0.28788717084303633,0.0,0.0,0.0,0.0,12.738466983201718
0.13253574893611925,0.5896314860379033,-0.7557309402057503,0.7460346952256308,0.0,0.0,0.0,0.0,12.685101053675606
0.048409337429126786,0.5896314860379033,-0.7604108952450519,0.5074373415174769,0.0,0.0,0.0,0.0,12.780157535035352
0.7990073634806323,0.5846429232721483,-0.7604108952450519,1.2232294026419388,0.0,0.0,0.0,0.0,12.78353115821362
0.6943725232978057,0.5896314860379033,-0.7650908502843503,0.9050995976977334,0.0,0.0,0.0,0.0,13.0933484872158
1.4265548174771334,0.5896314860379033,-0.7697708053236487,0.2688399878093229,0.0,0.0,0.0,0.0,12.819096490166213
0.6570702027726282,0.5896314860379033,-0.7697708053236487,1.1436969514058875,0.0,0.0,0.0,0.0,12.66001358269538
0.09403012774883919,0.5896314860379033,-0.7650908502843503,0.5074373415174769,0.0,0.0,0.0,0.0,12.734053277091983
0.5094304432746598,0.5846429232721483,-0.7650908502843503,0.42790489028142553,0.0,0.0,0.0,0.0,12.705031132543777
0.8201959186176544,0.5846429232721483,-0.7650908502843503,0.6665022439895795,0.0,0.0,0.0,0.0,12.724869415131389
1.0918279637322716,0.5846429232721483,-0.7697708053236487,0.5869697927535281,0.0,0.0,0.0,0.0,12.701076766795813
0.414578960648928,0.5846429232721483,-0.7650908502843503,1.2232294026419388,0.0,0.0,0.0,0.0,12.749271553766196
0.9753170691886947,0.5846429232721483,-0.7604108952450519,1.541359207586144,0.0,0.0,0.0,0.0,12.770252288930184
0.3776951794844817,0.5796543605064005,-0.7604108952450519,1.2232294026419388,0.0,0.0,0.0,0.0,12.717401142834069
0.8643518211748075,0.5796543605064005,-0.7650908502843503,0.6665022439895795,0.0,0.0,0.0,0.0,12.709876675502672
0.7805916316084545,0.5796543605064005,-0.7604108952450519,-0.20835471960698504,0.0,0.0,0.0,0.0,13.122367377396328
0.43257615316037407,0.5796543605064005,-0.7604108952450519,1.1436969514058875,0.0,0.0,0.0,0.0,12.619839862232693
-0.5213796847864544,0.5796543605064005,-0.7604108952450519,0.3483724390453742,0.0,0.0,0.0,0.0,12.561300042277818
-0.4996156380284265,0.5746657977406455,-0.7604108952450519,1.064164500169836,0.0,0.0,0.0,0.0,12.628070334272698
-0.6938702188278438,0.5796543605064005,-0.7650908502843503,0.7460346952256308,0.0,0.0,0.0,0.0,12.511352710974496
0.6065838923844145,0.5746657977406455,-0.7650908502843503,1.30276185387799,0.0,0.0,0.0,0.0,12.70624472124373
0.04605505352501334,0.5796543605064005,-0.7650908502843503,1.3822943051140413,0.0,0.0,0.0,0.0,12.524530013005734
-0.3167662548089374,0.5746657977406455,-0.7650908502843503,0.3483724390453742,0.0,0.0,0.0,0.0,12.691583538230217
-0.060096991840464103,0.5696772349748905,-0.7650908502843503,0.6665022439895795,0.0,0.0,0.0,0.0,12.658106404454157
-0.03880380186325907,0.5696772349748905,-0.7697708053236487,1.30276185387799,0.0,0.0,0.0,0.0,12.685410698175234
1.0922988205130946,0.5646886722091427,-0.7697708053236487,1.2232294026419388,0.0,0.0,0.0,0.0,12.524530013005734
0.7636407874988366,0.5646886722091427,-0.7744507603629505,-0.6060169757872417,0.0,0.0,0.0,0.0,13.122367377396328
0.3931288184114484,0.5946200488036583,-0.7697708053236487,-0.6060169757872417,0.0,0.0,0.0,0.0,12.338420212709783
2.5088976043282893,0.599608611569406,-0.7697708053236487,0.2688399878093229,0.0,0.0,0.0,0.0,12.992484733932777
0.6765846004667253,0.599608611569406,-0.7697708053236487,0.5869697927535281,0.0,0.0,0.0,0.0,12.891694078557842
1.535479686107456,0.5946200488036583,-0.7744507603629505,-0.28788717084303633,0.0,0.0,0.0,0.0,13.122367377396328
1.3365688549199028,0.609585737100916,-0.7650908502843503,0.10977508533722025,0.0,0.0,0.0,0.0,13.107251770049071
0.7690294817682521,0.609585737100916,-0.7650908502843503,1.3822943051140413,0.0,0.0,0.0,0.0,12.50766132136896
0.6147977273387663,0.609585737100916,-0.7697708053236487,1.541359207586144,0.0,0.0,0.0,0.0,12.502842052798766
0.13666882512334103,0.604597174335161,-0.7697708053236487,1.1436969514058875,0.0,0.0,0.0,0.0,12.56758934921002
0.3998777656032408,0.604597174335161,-0.7697708053236487,1.30276185387799,0.0,0.0,0.0,0.0,12.502098561104633
-0.3527083224117381,0.609585737100916,-0.7697708053236487,1.30276185387799,0.0,0.0,0.0,0.0,12.310887512348744
0.6091997633889851,0.6145742998666639,-0.7650908502843503,1.2232294026419388,0.0,0.0,0.0,0.0,12.66001358269538
1.058397132293859,0.6145742998666639,-0.7650908502843503,1.6208916588221953,0.0,0.0,0.0,0.0,12.654919668764107
0.2173422869042999,0.6195628626324188,-0.7650908502843503,1.8594890125303492,0.0,0.0,0.0,0.0,12.419573858556635
0.06473237249764777,0.6145742998666639,-0.7650908502843503,1.6208916588221953,0.0,0.0,0.0,0.0,12.600817159541924
-0.07422269526514574,0.6145742998666639,-0.7697708053236487,1.4618267563500926,0.0,0.0,0.0,0.0,12.097378802727306
-0.02682311266232525,0.6145742998666639,-0.7697708053236487,1.541359207586144,0.0,0.0,0.0,0.0,12.117246896289503
1.602341348984282,0.609585737100916,-0.7650908502843503,0.9050995976977334,0.0,0.0,0.0,0.0,12.826651821423713
2.745058438620929,0.484871667957106,-0.704251434773458,-0.6855494270232929,0.0,0.0,0.0,0.0,13.064736383209516
1.32129216825321,0.49484879348860883,-0.7089313898127597,1.064164500169836,0.0,0.0,0.0,0.0,13.122367377396328
1.346718434417637,0.4898602307228539,-0.7136113448520581,0.5074373415174769,0.0,0.0,0.0,0.0,12.91657092142417
1.9529203810168416,0.484871667957106,-0.7229712549306548,1.1436969514058875,0.0,0.0,0.0,0.0,12.991117371293484
1.5871692971577722,0.484871667957106,-0.7276512099699566,0.9050995976977334,0.0,0.0,0.0,0.0,12.847929163278053
0.3917162480689803,0.484871667957106,-0.732331165009255,-1.0036792319674983,0.0,0.0,0.0,0.0,12.979187915595174
3.080622371087253,0.4399746030653327,-0.7276512099699566,-0.446952073315139,0.0,0.0,0.0,1.0,13.122367377396328
3.243538817251914,0.4549402913625905,-0.7182912998913565,-1.3218090369117035,0.0,0.0,0.0,1.0,13.122367377396328
1.0448992379102742,0.46990597965984826,-0.7136113448520581,0.5074373415174769,0.0,0.0,0.0,0.0,13.012773932416467
2.744849168940563,0.4499517285968355,-0.6902115696555629,-0.9241467807314468,0.0,0.0,0.0,0.0,13.122367377396328
0.06127942277161441,0.4449631658310806,-0.7276512099699566,-0.8446143294953956,0.0,0.0,0.0,1.0,13.122367377396328
1.49158537065076,0.4449631658310806,-0.704251434773458,-1.5604063906198575,0.0,0.0,0.0,0.0,13.122367377396328
1.4025411216551749,0.40505466370506227,-0.704251434773458,-1.4808739393838062,0.0,0.0,0.0,1.0,13.122367377396328
0.34374117384515424,0.4100432264708172,-0.7182912998913565,0.42790489028142553,0.0,0.0,0.0,1.0,12.840798556359703
0.7988504112203579,0.42500891476807495,-0.6995714797341596,-1.71947129309196,0.0,0.0,0.0,1.0,12.671380893706852
2.1645966627066993,0.39507753817355945,-0.6902115696555629,-1.5604063906198575,0.0,0.0,0.0,1.0,12.897220328426329
1.5544185921805476,0.38510041264205663,-0.6948915246948613,-1.5604063906198575,0.0,0.0,0.0,1.0,12.784653174819363
1.0476720611751191,0.3651461615790439,-0.7136113448520581,-1.3218090369117035,0.0,0.0,0.0,1.0,13.122367377396328
1.6308543429341023,0.3751232871105538,-0.6995714797341596,-0.5264845245511903,0.0,0.0,0.0,1.0,12.86229906601588
1.03511588035318,0.3900889754078045,-0.6995714797341596,-1.71947129309196,0.0,0.0,0.0,1.0,13.122367377396328
2.1147381613595826,0.41503178923657214,-0.741691075087855,-0.7650818782593443,0.0,0.0,0.0,1.0,13.122367377396328
2.1649628846473394,0.3551690360475411,-0.732331165009255,-1.0036792319674983,0.0,0.0,0.0,1.0,13.122367377396328
2.0448420881174547,0.3451919105160383,-0.7557309402057503,-0.7650818782593443,0.0,0.0,0.0,1.0,13.122367377396328
2.3916019484833413,0.36015759881329606,-0.7463710301271534,-0.6060169757872417,0.0,0.0,0.0,1.0,13.122367377396328
1.5453153610846415,0.39507753817355945,-0.741691075087855,-0.04928981713488239,0.0,0.0,0.0,1.0,13.122367377396328
2.610811938666363,0.49484879348860883,-0.7370111200485534,-0.28788717084303633,0.0,0.0,0.0,0.0,13.122367377396328
2.3840159225700863,0.484871667957106,-0.7557309402057503,0.5869697927535281,0.0,0.0,0.0,1.0,13.122367377396328
1.8435769730257883,0.47489454242559614,-0.7370111200485534,-0.28788717084303633,0.0,0.0,0.0,1.0,13.122367377396328
2.5426946577073424,0.4549402913625905,-0.7557309402057503,-0.446952073315139,0.0,0.0,0.0,1.0,13.122367377396328
-0.482455524238443,0.9039109402803022,-0.4328140424940984,-1.0832116832035494,1.0,0.0,0.0,0.0,11.577785809317154
0.06577872089947592,0.8640024381542838,-0.4702536828084921,-1.8785361955640627,1.0,0.0,0.0,0.0,11.65356528276954
0.0021084206482262042,0.8939338147487993,-0.4936534580049907,-1.7990037443280114,1.0,0.0,0.0,0.0,11.695255355062795
-0.21778169599598357,0.8041396849652598,-0.4328140424940984,0.2688399878093229,1.0,0.0,0.0,0.0,11.727238138609684
-0.7541398867731517,0.7392883690104738,-0.4187741773761999,0.42790489028142553,1.0,0.0,0.0,0.0,11.559818592808288
-0.6800584199237106,0.7542540573077315,-0.4328140424940984,-1.1627441344396008,1.0,0.0,0.0,0.0,11.918397239722838
0.07577134813693578,0.7392883690104738,-0.44685390761199684,-1.958068646800114,1.0,0.0,0.0,0.0,11.87757552297847
0.7588275848504267,0.729311243478971,-0.44685390761199684,-1.7990037443280114,1.0,0.0,0.0,0.0,11.850118870058369
0.4004532572242464,0.724322680713216,-0.4421739525726985,-0.9241467807314468,1.0,0.0,0.0,0.0,11.741661349996177
0.4115445502836257,0.724322680713216,-0.44685390761199684,-1.3218090369117035,1.0,0.0,0.0,0.0,11.78676973513378
-0.5892353786450173,0.7193341179474682,-0.4421739525726985,0.42790489028142553,1.0,0.0,0.0,0.0,11.480412603789821
0.07781172752050126,0.7193341179474682,-0.44685390761199684,-0.04928981713488239,1.0,0.0,0.0,0.0,11.538602958260002
-0.6310893147181479,0.7342998062447259,-0.46089377272989535,0.3483724390453742,1.0,0.0,0.0,0.0,12.141539457711714
-0.7717185399238667,0.7392883690104738,-0.4328140424940984,-1.8785361955640627,1.0,0.0,0.0,0.0,11.979178318844294
0.5777569939140457,0.7342998062447259,-0.43749399753339674,-1.8785361955640627,1.0,0.0,0.0,0.0,11.85723122498801
-0.5344067223892163,0.7392883690104738,-0.43749399753339674,-1.7990037443280114,1.0,0.0,0.0,0.0,11.83863282480007
-0.7644987359512515,0.7342998062447259,-0.4328140424940984,-1.0036792319674983,1.0,0.0,0.0,0.0,11.83138646878959
-0.7106641106771874,0.724322680713216,-0.4328140424940984,-0.20835471960698504,1.0,0.0,0.0,0.0,11.552155793461898
-1.439393455130482,0.724322680713216,-0.4328140424940984,1.3822943051140413,1.0,0.0,0.0,0.0,12.323860125621126
-1.4369868538062769,0.7193341179474682,-0.43749399753339674,0.42790489028142553,1.0,0.0,0.0,0.0,11.448930795918299
-0.10163702339304626,0.7193341179474682,-0.4421739525726985,0.2688399878093229,1.0,0.0,0.0,0.0,11.597275804538212
-0.05015668202309553,0.724322680713216,-0.4421739525726985,-0.12882226837093372,1.0,0.0,0.0,0.0,11.63956692643747
-0.749745223485473,0.7143455551817133,-0.44685390761199684,0.18930753657327157,1.0,0.0,0.0,0.0,11.52387529615648
-0.2320643516809393,0.7143455551817133,-0.4421739525726985,0.5074373415174769,1.0,0.0,0.0,0.0,11.515930943990057
0.20489074092254375,0.7143455551817133,-0.44685390761199684,0.3483724390453742,1.0,0.0,0.0,0.0,11.691916481667727
0.35012389909630665,0.7143455551817133,-0.44685390761199684,-0.28788717084303633,1.0,0.0,0.0,0.0,11.748005492256807
-0.6728386159510957,0.7043684296502104,-0.44685390761199684,-0.9241467807314468,1.0,0.0,0.0,0.0,11.355113089309977
-0.3276482781879513,0.7093569924159583,-0.4421739525726985,0.2688399878093229,1.0,0.0,0.0,0.0,11.58525542883217
-0.04999972976282142,0.7043684296502104,-0.44685390761199684,-1.5604063906198575,1.0,0.0,0.0,0.0,11.616393190430356
-0.15855837645250384,0.7093569924159583,-0.45153386265129525,-1.8785361955640627,1.0,0.0,0.0,0.0,11.897514169490739
0.409556488320152,0.7143455551817133,-0.46089377272989535,-0.6855494270232929,1.0,0.0,0.0,0.0,12.417957049864935
0.3917162480689803,0.7143455551817133,-0.42813408745479997,-1.0832116832035494,1.0,0.0,0.0,0.0,11.679295469550114
0.15466601763478705,0.7043684296502104,-0.4328140424940984,-0.12882226837093372,1.0,0.0,0.0,0.0,11.671645688511857
-0.16415634040228502,0.7093569924159583,-0.4328140424940984,0.5869697927535281,1.0,0.0,0.0,0.0,11.52683823202353
-1.4044977359295094,0.7143455551817133,-0.4328140424940984,0.2688399878093229,1.0,0.0,0.0,0.0,11.372524818667134
-0.7054846860881374,0.7093569924159583,-0.4328140424940984,0.5074373415174769,1.0,0.0,0.0,0.0,11.489667073393028
-0.972094258873979,0.7143455551817133,-0.43749399753339674,0.5869697927535281,1.0,0.0,0.0,0.0,11.496806245590331
-1.3723225225732902,0.7143455551817133,-0.43749399753339674,-1.3218090369117035,1.0,0.0,0.0,0.0,11.533717798424087
0.0445901657624537,0.7093569924159583,-0.43749399753339674,0.5869697927535281,1.0,0.0,0.0,0.0,11.663936936922068
0.5244455428408957,0.7043684296502104,-0.43749399753339674,0.3483724390453742,1.0,0.0,0.0,0.0,11.757446872843532
0.013879840168794157,0.7043684296502104,-0.4421739525726985,0.5074373415174769,1.0,0.0,0.0,0.0,11.750374207389497
-0.31723711158976015,0.7143455551817133,-0.4421739525726985,0.42790489028142553,1.0,0.0,0.0,0.0,11.51293546492023
-0.9205616000839373,0.7143455551817133,-0.4421739525726985,1.541359207586144,1.0,0.0,0.0,0.0,11.460589521950299
0.4767320557175266,0.6445056764611794,-0.4094142672976031,-0.7650818782593443,1.0,0.0,0.0,0.0,12.005185815601541
-0.8780798549697095,0.6894027413529527,-0.4047343122583014,-1.0036792319674983,1.0,0.0,0.0,0.0,11.894104711087113
0.5225097982975133,0.6844141785871977,-0.4421739525726985,-1.8785361955640627,1.0,0.0,0.0,0.0,12.003962581340353
0.15194551179003338,0.6993798668844555,-0.4421739525726985,-1.3218090369117035,1.0,0.0,0.0,0.0,12.05467400868968
1.4653743431849622,0.6993798668844555,-0.44685390761199684,-1.2422765856756521,1.0,0.0,0.0,0.0,12.131354487250757
0.6028170381378327,0.6894027413529527,-0.45153386265129525,-1.6399388418559087,1.0,0.0,0.0,0.0,12.031129798974042
0.36079665279495515,0.6993798668844555,-0.45153386265129525,-1.8785361955640627,1.0,0.0,0.0,0.0,11.8515453936489
0.06279662795426558,0.6894027413529527,-0.46089377272989535,0.3483724390453742,1.0,0.0,0.0,0.0,11.750374207389497
0.9566920676361517,0.6993798668844555,-0.45621381769059693,-1.5604063906198575,1.0,0.0,0.0,0.0,12.062208048765859
0.25495851195002617,0.6744370530556949,-0.45153386265129525,-0.04928981713488239,1.0,0.0,0.0,0.0,12.09904963758644
-0.12455205339308528,0.6694484902899399,-0.45621381769059693,-0.28788717084303633,1.0,0.0,0.0,0.0,11.836464426179543
0.5355891533203668,0.6744370530556949,-0.45621381769059693,-0.9241467807314468,1.0,0.0,0.0,0.0,11.934270483892945
-0.4353698461561712,0.6794256158214499,-0.46089377272989535,-0.9241467807314468,1.0,0.0,0.0,0.0,11.850118870058369
-0.1616451042378972,0.6694484902899399,-0.46089377272989535,-0.9241467807314468,1.0,0.0,0.0,0.0,11.822620954414864
-0.34726731072223127,0.6494942392269343,-0.44685390761199684,-0.7650818782593443,1.0,0.0,0.0,0.0,12.130276325842603
-0.29243865446643025,0.6395171136954244,-0.46089377272989535,-0.8446143294953956,1.0,0.0,0.0,0.0,12.294088101596984
0.5046695580463416,0.6245514253981738,-0.47493363784779385,0.18930753657327157,1.0,0.0,0.0,0.0,12.487111450262473
0.6318008888684754,0.4798831051913511,-0.4234541324155016,-0.28788717084303633,1.0,0.0,0.0,0.0,11.96209480994468
0.21859790498649415,0.5846429232721483,-0.43749399753339674,-1.4808739393838062,1.0,0.0,0.0,0.0,11.929007348474721
-1.290759664650777,0.8240939360282654,-0.4702536828084921,0.42790489028142553,1.0,0.0,0.0,0.0,11.83138646878959
-0.5946763903345244,0.8240939360282654,-0.488973502965689,-1.71947129309196,1.0,0.0,0.0,0.0,11.74086549476798
-0.35663212891859425,0.8191053732625105,-0.4983334130442891,-1.8785361955640627,1.0,0.0,0.0,0.0,11.795853756086931
0.05249009619625703,0.8340710615597683,-0.517053233201486,-1.6399388418559087,1.0,0.0,0.0,0.0,11.81894585784987
-0.00882592015087923,0.8041396849652598,-0.517053233201486,-1.4808739393838062,1.0,0.0,0.0,0.0,11.856522261533737
0.11417233448403326,0.7941625594337499,-0.517053233201486,-1.2422765856756521,1.0,0.0,0.0,0.0,11.818209214992565
-0.9961602721160293,0.7392883690104738,-0.4702536828084921,0.18930753657327157,1.0,0.0,0.0,0.0,11.504903373867316
-0.9076915147414494,0.7742083083707443,-0.47493363784779385,0.7460346952256308,1.0,0.0,0.0,0.0,11.481445117743048
0.14702767430144087,0.6943913041187005,-0.4702536828084921,-0.7650818782593443,1.0,0.0,0.0,0.0,12.337543792304956
1.7065053323862855,0.6993798668844555,-0.4796135928870922,-1.71947129309196,1.0,0.0,0.0,0.0,12.585197200606364
1.3656050230706374,0.7043684296502104,-0.4842935479263906,-2.1171335492722165,1.0,0.0,0.0,0.0,12.227839029667624
-0.774543680608803,0.724322680713216,-0.4842935479263906,0.3483724390453742,1.0,0.0,0.0,0.0,11.456365695436427
-0.07422269526514574,0.7093569924159583,-0.488973502965689,0.3483724390453742,1.0,0.0,0.0,0.0,11.620891583095712
0.5828841010830043,0.7043684296502104,-0.4842935479263906,-1.8785361955640627,1.0,0.0,0.0,0.0,11.945363510579819
0.43602910288640717,0.6794256158214499,-0.5030133680835874,-1.3218090369117035,1.0,0.0,0.0,0.0,12.476485204641877
0.7866604523390587,0.6744370530556949,-0.4702536828084921,-1.958068646800114,1.0,0.0,0.0,0.0,12.312237337751334
1.0853406036409368,0.6794256158214499,-0.46557372776919376,-1.0036792319674983,1.0,0.0,0.0,0.0,12.106810165667413
-0.9529984005406134,0.724322680713216,-0.4936534580049907,-1.2422765856756521,1.0,0.0,0.0,0.0,11.538602958260002
-0.06794460485417615,0.7193341179474682,-0.4936534580049907,0.03024263410116893,1.0,0.0,0.0,0.0,11.63956692643747
-0.058946008598453135,0.7143455551817133,-0.4983334130442891,-1.7990037443280114,1.0,0.0,0.0,0.0,12.029341433599432
0.06138405761179723,0.724322680713216,-0.5030133680835874,-1.8785361955640627,1.0,0.0,0.0,0.0,11.908346971208951
-0.31456892316509805,0.7342998062447259,-0.4936534580049907,0.2688399878093229,1.0,0.0,0.0,0.0,11.547336553476635
-0.6332866463619873,0.7342998062447259,-0.4936534580049907,0.03024263410116893,1.0,0.0,0.0,0.0,11.579658451506333
-0.29699027001438305,0.7342998062447259,-0.4983334130442891,-1.71947129309196,1.0,0.0,0.0,0.0,11.835740580500783
0.3402359066990298,0.7392883690104738,-0.4983334130442891,-1.958068646800114,1.0,0.0,0.0,0.0,11.869907361794104
0.15466601763478705,0.7442769317762288,-0.4936534580049907,-1.8785361955640627,1.0,0.0,0.0,0.0,11.895469889693825
0.0724230332510857,0.7492654945419838,-0.4936534580049907,0.42790489028142553,1.0,0.0,0.0,0.0,11.58432477200052
-0.008512015630330785,0.7542540573077315,-0.4936534580049907,0.5869697927535281,1.0,0.0,0.0,0.0,11.60186082325361
-0.4531577689872516,0.7442769317762288,-0.4936534580049907,-1.3218090369117035,1.0,0.0,0.0,0.0,11.663936936922068
0.18657964389054907,0.7492654945419838,-0.5030133680835874,-1.8785361955640627,1.0,0.0,0.0,0.0,11.8879382384223
0.35849468631093273,0.7442769317762288,-0.5030133680835874,-1.1627441344396008,1.0,0.0,0.0,0.0,11.829202282877098
0.101877740762551,0.7791968711364922,-0.5076933231228892,-2.1171335492722165,1.0,0.0,0.0,0.0,11.83065893676428
0.3387187015163787,0.7442769317762288,-0.5076933231228892,-1.8785361955640627,1.0,0.0,0.0,0.0,11.862179945241476
0.5181674524299259,0.7492654945419838,-0.526413143280086,-1.1627441344396008,1.0,0.0,0.0,0.0,12.3879816172226
1.0852882862208453,0.599608611569406,-0.5638527835944798,-1.4013414881477548,1.0,0.0,0.0,0.0,12.32474861573515
1.0677096330701301,0.609585737100916,-0.5217331882407843,-1.1627441344396008,1.0,0.0,0.0,0.0,12.71680126459136
1.400814646792158,0.6744370530556949,-0.5217331882407843,-1.71947129309196,1.0,0.0,0.0,0.0,12.6494788022162
0.4716572659686597,0.6544828019926822,-0.5310930983193844,-1.7990037443280114,1.0,0.0,0.0,0.0,12.73787961339737
0.45381702571748755,0.6494942392269343,-0.5498129184765813,-1.4808739393838062,1.0,0.0,0.0,0.0,12.591338447675579
0.4987053721559205,0.7193341179474682,-0.5591728285551815,-1.4808739393838062,1.0,0.0,0.0,0.0,12.673262946075276
-0.08997023871266112,0.8390596243255232,-0.5357730533586829,-1.3218090369117035,1.0,0.0,0.0,0.0,11.92371636583374
0.3665515690050107,0.8041396849652598,-0.5404530083979845,0.2688399878093229,1.0,0.0,0.0,0.0,11.979178318844294
-0.3137841618637268,0.8889452519830443,-0.5544928735158797,-0.8446143294953956,1.0,0.0,0.0,0.0,12.013706813470414
0.34829278939310726,0.5547115466776399,-0.5778926487123783,-1.3218090369117035,0.0,0.0,0.0,0.0,12.182297237179363
1.1161555640747787,0.5347572956146271,-0.5544928735158797,-0.28788717084303633,0.0,0.0,0.0,0.0,12.302296044586472
1.0725228357185406,0.5347572956146271,-0.5217331882407843,-2.0376010980361654,1.0,0.0,0.0,0.0,12.436394371990376
-0.2622515030736848,0.54473442114613,-0.5451329634372829,0.5869697927535281,0.0,0.0,0.0,0.0,12.141539457711714
0.8526850364944221,0.5347572956146271,-0.5498129184765813,-0.9241467807314468,0.0,0.0,0.0,0.0,12.385895249206726
0.7557931744851248,0.5247801700831244,-0.5591728285551815,-0.20835471960698504,0.0,0.0,0.0,0.0,12.128116509451258
0.6487517329780933,0.5197916073173694,-0.5591728285551815,-0.7650818782593443,0.0,0.0,0.0,0.0,12.359656021613945
0.7121081287087948,0.5197916073173694,-0.5544928735158797,-0.20835471960698504,0.0,0.0,0.0,0.0,12.130815551850676
1.131903107522294,0.5197916073173694,-0.5591728285551815,-0.7650818782593443,0.0,0.0,0.0,0.0,12.291337080838684
1.178099389463012,0.5247801700831244,-0.5498129184765813,-1.8785361955640627,0.0,0.0,0.0,0.0,12.37243841643669
0.900817062978522,0.5197916073173694,-0.5544928735158797,-1.4808739393838062,0.0,0.0,0.0,0.0,12.3018418108936
0.4313205350781803,0.5547115466776399,-0.5685327386337782,-0.28788717084303633,0.0,0.0,0.0,0.0,12.040614105490253
2.227743788757035,0.5646886722091427,-0.5310930983193844,-1.8785361955640627,1.0,0.0,0.0,0.0,12.791080452981857
0.4236821917448336,0.5597001094433878,-0.5591728285551815,-1.0036792319674983,0.0,0.0,0.0,0.0,12.14367050736717
0.8405473950332142,0.5397458583803821,-0.5638527835944798,-1.0832116832035494,0.0,0.0,0.0,0.0,12.20407565286699
0.27960001681308194,0.5397458583803821,-0.5685327386337782,-0.446952073315139,0.0,0.0,0.0,0.0,12.270928303874424
0.5965912651469546,0.54473442114613,-0.5685327386337782,-0.6060169757872417,0.0,0.0,0.0,0.0,12.34148164933907
-0.43856120878174737,0.5497229839118849,-0.5685327386337782,-0.9241467807314468,0.0,0.0,0.0,0.0,12.38212878217386
0.7389469652156899,0.5497229839118849,-0.5685327386337782,-0.28788717084303633,0.0,0.0,0.0,0.0,12.117246896289503
1.2665158294175007,0.5696772349748905,-0.5685327386337782,-1.2422765856756521,0.0,0.0,0.0,0.0,12.293630123379582
0.1713029572238567,0.5696772349748905,-0.5638527835944798,-1.8785361955640627,0.0,0.0,0.0,0.0,12.178706587466984
1.282524959965473,0.5098144817858666,-0.5591728285551815,-1.1627441344396008,1.0,0.0,0.0,0.0,12.378768860323028
-0.999037730221057,0.5048259190201116,-0.5685327386337782,-2.1171335492722165,0.0,0.0,0.0,0.0,13.017005083966255
0.09502415873057606,0.4798831051913511,-0.488973502965689,-1.8785361955640627,1.0,0.0,0.0,0.0,12.026353699006034
0.812034401083394,0.43498604029957777,-0.517053233201486,-1.8785361955640627,1.0,0.0,0.0,0.0,12.372861695074635
-0.05298182270803199,0.4549402913625905,-0.5638527835944798,-1.5604063906198575,1.0,0.0,0.0,0.0,11.951186847493476
0.18982332393621656,0.4898602307228539,-0.5451329634372829,-1.8785361955640627,1.0,0.0,0.0,0.0,11.948602883419843
0.5958065038455834,0.4798831051913511,-0.6200122440660704,-1.958068646800114,0.0,0.0,0.0,0.0,12.560949473827492
-0.11183892031087175,0.5247801700831244,-0.5825726037516766,-0.6060169757872417,0.0,0.0,0.0,0.0,12.337543792304956
-0.3396812848089764,0.5197916073173694,-0.587252558790975,-0.8446143294953956,0.0,0.0,0.0,0.0,11.82115253615114
1.5452630436645503,0.5148030445516144,-0.587252558790975,-0.8446143294953956,0.0,0.0,0.0,0.0,12.476485204641877
0.74747470469059,0.5247801700831244,-0.5778926487123783,-1.8785361955640627,0.0,0.0,0.0,0.0,12.64819428464882
0.01858840797702129,0.5197916073173694,-0.5919325138302768,-1.6399388418559087,0.0,0.0,0.0,0.0,12.718000661438602
1.9512462235739167,0.5148030445516144,-0.5919325138302768,-0.12882226837093372,0.0,0.0,0.0,0.0,12.687575529189761
1.5170639542352782,0.5098144817858666,-0.5919325138302768,-0.6060169757872417,0.0,0.0,0.0,0.0,12.535739636044429
0.511313870397951,0.5048259190201116,-0.5919325138302768,-0.446952073315139,0.0,0.0,0.0,0.0,12.218993806618695
1.2681376694403346,0.5098144817858666,-0.587252558790975,-0.3674196220790877,0.0,0.0,0.0,0.0,12.552852292101369
0.9435603951932069,0.5048259190201116,-0.5732126936730799,-1.958068646800114,0.0,0.0,0.0,0.0,12.67888794332868
1.5515411340755196,0.5098144817858666,-0.5825726037516766,-1.0036792319674983,0.0,0.0,0.0,0.0,12.686339056811123
1.4729080516781257,0.4798831051913511,-0.587252558790975,-2.1171335492722165,1.0,0.0,0.0,0.0,12.70533466782146
0.16580962811425812,0.8540253126227809,-0.6527719293411658,1.8594890125303492,1.0,0.0,0.0,0.0,9.615805480084347
0.04291600831952842,0.724322680713216,-0.6574518843804675,1.8594890125303492,1.0,0.0,0.0,0.0,11.998439434579149
-0.988155706842043,0.609585737100916,-0.6153322890267721,1.8594890125303492,0.0,0.0,0.0,0.0,12.16369214550422
0.12358947010048753,0.5946200488036583,-0.6246921991053721,0.8255671464616822,0.0,0.0,0.0,0.0,12.117246896289503
0.35200732621959774,0.6395171136954244,-0.5966124688695752,0.42790489028142553,1.0,0.0,0.0,0.0,12.834683971615659
-0.7994467725723157,0.02093533074212954,0.7980141328416234,-0.20835471960698504,1.0,0.0,0.0,0.0,12.097936057925594
-0.1501352718177862,0.030912456273632354,0.7886542227630232,-1.1627441344396008,1.0,0.0,0.0,0.0,12.275136847806356
-0.4101005322520185,0.005969642444871777,0.7746143576451248,-1.1627441344396008,1.0,0.0,0.0,0.0,11.649211809228195
-0.48726872688685297,0.06084383286814788,0.737174717330731,-0.9241467807314468,1.0,0.0,0.0,0.0,11.467938559235831
-0.17069601791371175,-0.03892742244690151,0.6810152568591404,-0.9241467807314468,1.0,0.0,0.0,0.0,11.574029971623514
-0.173521158598648,-0.008996045852385986,0.8214139080381186,-0.7650818782593443,1.0,0.0,0.0,0.0,11.575909653758895
-0.5728600261564051,-0.043915985212649375,0.8214139080381186,-1.4808739393838062,1.0,0.0,0.0,0.0,11.72885102917796
-0.3890689293752704,-0.05389311074415928,0.8026940878809218,-1.2422765856756521,1.0,0.0,0.0,0.0,11.693587311874056
-0.6639969719556468,-0.0738473618071649,0.8167339529988202,-1.0036792319674983,1.0,0.0,0.0,0.0,11.549267037372665
-0.7951044267047283,-0.03892742244690151,0.7886542227630232,-1.4013414881477548,1.0,0.0,0.0,0.0,11.714240498256716
-0.5425159225033852,-0.03393885968114656,0.7839742677237249,-1.0832116832035494,1.0,0.0,0.0,0.0,11.555994532928862
-0.6546321537592839,-0.013984608618133847,0.7746143576451248,-1.2422765856756521,1.0,0.0,0.0,0.0,11.83138646878959
-0.4467227263160076,-0.023961734149643747,0.7933341778023216,-1.71947129309196,1.0,0.0,0.0,0.0,11.903622053373214
-0.13145795284515174,-0.16863005435645934,0.7465346274093277,-0.9241467807314468,1.0,0.0,0.0,0.0,11.455306945297822
-0.2622515030736848,-0.1386986777619438,0.6856952118984389,-1.6399388418559087,1.0,0.0,0.0,0.0,11.298506245754995
-0.5543396594440447,-0.05389311074415928,0.7278148072521309,-1.4808739393838062,1.0,0.0,0.0,0.0,11.473155000731508
0.12222921717811071,-0.09879017563592547,0.7278148072521309,-1.6399388418559087,1.0,0.0,0.0,0.0,11.640447588047344
-0.5937869941929703,-0.04890454797840432,0.765254447566528,-1.2422765856756521,1.0,0.0,0.0,0.0,11.720760435616398
-0.494750117959925,-0.3881268160495637,0.6576154816626418,0.6665022439895795,1.0,0.0,0.0,0.0,10.742918838113225
-0.30839546759431125,-0.3382411883920426,0.6576154816626418,-0.6060169757872417,1.0,0.0,0.0,0.0,11.426288563310505
-1.0301142777553565,-0.2933441235002693,0.6950551219770356,0.03024263410116893,1.0,0.0,0.0,0.0,11.279744203985432
-0.6314032192386964,-0.3482183139235454,0.6903751669377372,-0.8446143294953956,1.0,0.0,0.0,0.0,11.237185138527495
-1.2265138727785216,-0.3382411883920426,0.6903751669377372,-0.6855494270232929,1.0,0.0,0.0,0.0,10.829748417047593
-1.3586153585093397,-0.3432297511577975,0.6903751669377372,0.3483724390453742,1.0,0.0,0.0,0.0,10.83370091325064
-1.1239717293993516,-0.3482183139235454,0.6950551219770356,1.064164500169836,1.0,0.0,0.0,0.0,10.86477077032911
-1.0096581664996138,-0.3482183139235454,0.6950551219770356,0.5869697927535281,1.0,0.0,0.0,0.0,10.950824090522445
-0.46571394980919073,-0.3482183139235454,0.6950551219770356,-0.9241467807314468,1.0,0.0,0.0,0.0,11.308370569092329
-0.9670717865452034,-0.3432297511577975,0.6997350770163373,0.3483724390453742,1.0,0.0,0.0,0.0,10.981914140544825
-0.4747648634850053,-0.42803531817558915,0.6342157064661466,-1.0036792319674983,1.0,0.0,0.0,0.0,11.063524143191238
-0.7608888339649441,-0.35819543945505533,0.5827362010338544,0.42790489028142553,1.0,0.0,0.0,0.0,11.3373928113354
-0.9162192542163499,-0.24345849584274815,0.6154958863089497,-0.3674196220790877,1.0,0.0,0.0,0.0,11.033291613631048
-0.8573621566135101,-0.24345849584274815,0.610815931269648,-0.7650818782593443,1.0,0.0,0.0,0.0,11.071330462204312
-0.6184808164761172,-0.23348137031124536,0.6061359762303496,-1.4013414881477548,1.0,0.0,0.0,0.0,11.055656405795794
-0.8494099087596152,-0.2384699330769932,0.6154958863089497,-0.8446143294953956,1.0,0.0,0.0,0.0,11.08523008522044
-0.4584418284164843,-0.2933441235002693,0.6201758413482481,-0.8446143294953956,1.0,0.0,0.0,0.0,11.959538914341756
0.009903716241846727,-0.2684013096715087,0.6201758413482481,-0.9241467807314468,1.0,0.0,0.0,0.0,11.464795582766675
-1.0306374519562704,-0.25343562137425096,0.6669753917412419,-0.8446143294953956,1.0,0.0,0.0,0.0,11.470028402317833
-0.21788633083616638,-0.2584241841400059,0.638895661505445,-1.4013414881477548,1.0,0.0,0.0,0.0,11.219909190927746
-0.18335683357583374,-0.24345849584274815,0.648255571584045,-1.2422765856756521,1.0,0.0,0.0,0.0,11.349241150793087
-0.3930450533022178,-0.18359574265371711,0.6576154816626418,-1.1627441344396008,1.0,0.0,0.0,0.0,11.390769130367211
-0.6631598932341843,-0.18858430541947205,0.6201758413482481,-0.8446143294953956,1.0,0.0,0.0,0.0,11.472113887062386
-1.0637020614540436,-0.22350424477973543,0.6154958863089497,-0.28788717084303633,1.0,0.0,0.0,0.0,10.894904309600681
0.2096516261508624,-0.16364149159071148,0.610815931269648,-1.4013414881477548,1.0,0.0,0.0,0.0,11.49782197939291
0.3132401179318603,-0.1386986777619438,0.6248557963875465,-1.2422765856756521,1.0,0.0,0.0,0.0,11.536651757164861
0.34447361772643414,-0.15366436605920158,0.6061359762303496,-1.3218090369117035,1.0,0.0,0.0,0.0,11.524863917209606
0.25438302032902055,-0.14867580329345373,0.6061359762303496,-1.2422765856756521,1.0,0.0,0.0,0.0,11.624475784206961
-0.6997297698780819,-0.24844705860849603,0.6295357514268448,-1.3218090369117035,1.0,0.0,0.0,0.0,10.995427631436174
-1.2582705467740094,-0.24345849584274815,0.6295357514268448,-1.3218090369117035,1.0,0.0,0.0,0.0,11.008760940077243
-0.7049615118872233,-0.2384699330769932,0.6295357514268448,-1.0036792319674983,1.0,0.0,0.0,0.0,11.031674824544641
-1.0630219349928554,-0.2384699330769932,0.6248557963875465,-0.6855494270232929,1.0,0.0,0.0,0.0,10.76004951120163
-1.1778063546734159,-0.24345849584274815,0.6248557963875465,0.7460346952256308,1.0,0.0,0.0,0.0,10.874285408908944
-1.208568997687167,-0.24844705860849603,0.6248557963875465,-0.04928981713488239,1.0,0.0,0.0,0.0,10.778977123006351
-0.13506785483145922,-0.24844705860849603,0.6201758413482481,0.42790489028142553,1.0,0.0,0.0,0.0,11.477308649967686
-0.026456890721685514,-0.25343562137425096,0.6248557963875465,-1.2422765856756521,1.0,0.0,0.0,0.0,11.45318607621936
0.4930550907860476,-0.2634127469057538,0.6201758413482481,-0.6855494270232929,1.0,0.0,0.0,0.0,11.417526281205168
0.1455104691187897,-0.2584241841400059,0.6154958863089497,-1.0036792319674983,1.0,0.0,0.0,0.0,11.690242855114947
-0.3990092391926389,-0.25343562137425096,0.6201758413482481,0.5869697927535281,1.0,0.0,0.0,0.0,11.209127560632263
-0.7620921346270466,-0.25343562137425096,0.6154958863089497,0.9846320489337848,1.0,0.0,0.0,0.0,11.166214996056205
-1.187171172869779,-0.24844705860849603,0.6248557963875465,-0.12882226837093372,1.0,0.0,0.0,0.0,10.915106645867503
-1.2932185833950733,-0.24345849584274815,0.6248557963875465,0.5074373415174769,1.0,0.0,0.0,0.0,11.03005541721757
-1.2815517987146883,-0.2384699330769932,0.6201758413482481,0.6665022439895795,1.0,0.0,0.0,0.0,10.86477077032911
-1.1629482073674546,-0.24345849584274815,0.6201758413482481,1.2232294026419388,1.0,0.0,0.0,0.0,11.02518140064756
-0.8300001459057008,-0.24844705860849603,0.6201758413482481,1.064164500169836,1.0,0.0,0.0,0.0,11.098939154318382
-1.2687863482123836,-0.24844705860849603,0.6201758413482481,0.2688399878093229,1.0,0.0,0.0,0.0,11.08523008522044
-1.0353460197644977,-0.23348137031124536,0.6248557963875465,-0.6855494270232929,1.0,0.0,0.0,0.0,10.851296331126829
-1.310535649445331,-0.23348137031124536,0.6201758413482481,-0.446952073315139,1.0,0.0,0.0,0.0,10.85516473308054
-1.3167614224362094,-0.23348137031124536,0.6154958863089497,0.5869697927535281,1.0,0.0,0.0,0.0,10.785207543360087
-0.6764485179374031,-0.20354999371672983,0.5920961111124511,-0.20835471960698504,1.0,0.0,0.0,0.0,11.03973275601109
0.4126432161055456,-0.11874442669893819,0.6014560211910512,-1.1627441344396008,1.0,0.0,0.0,0.0,11.706030338921243
-0.44619955211509355,-0.20354999371672983,0.5733762909552542,0.18930753657327157,1.0,0.0,0.0,0.0,11.082157933374816
-0.8591932663167094,-0.27837843520301153,0.5780562459945526,0.2688399878093229,1.0,0.0,0.0,0.0,11.03005541721757
0.5505519354665109,-1.4556792479205773,1.1536907158283705,1.1436969514058875,0.0,0.0,1.0,0.0,12.634606283893019
1.9173968527747722,-1.480622061749345,1.1724105359855674,-1.0036792319674983,0.0,0.0,1.0,0.0,12.879274738646975
0.589423778594431,-1.4856106245150928,1.1536907158283705,-0.20835471960698504,0.0,0.0,1.0,0.0,12.451372913840931
1.3251636573399748,-1.5205305638753635,1.1770904910248658,-1.1627441344396008,0.0,0.0,0.0,0.0,12.721590244743798
0.7843584858550363,-1.5055648755781055,1.167730580946269,-0.6855494270232929,0.0,0.0,0.0,0.0,12.580738282084809
1.89584207569711,-1.5005763128123506,1.1770904910248658,-1.5604063906198575,0.0,0.0,0.0,0.0,12.955602522472395
-0.35480101921539464,-1.4955877500465957,1.1583706708676689,-0.3674196220790877,0.0,0.0,1.0,0.0,12.279792328023508
-0.2122883668863852,-1.4955877500465957,1.1583706708676689,0.2688399878093229,0.0,0.0,1.0,0.0,12.339733404786474
1.1179866737779787,-1.5055648755781055,1.1630506259069673,-0.28788717084303633,0.0,0.0,0.0,0.0,12.570371950022508
0.5505519354665109,-1.5005763128123506,1.1630506259069673,-1.2422765856756521,0.0,0.0,1.0,0.0,12.64271660211934
0.7951881918139592,-1.5105534383438535,1.1583706708676689,-0.446952073315139,0.0,0.0,0.0,0.0,12.616528611893463
0.8769080019967461,-1.5354962521726212,1.1583706708676689,-0.6060169757872417,0.0,0.0,0.0,0.0,12.539687231525832
1.5861752661760353,-1.5155420011096083,1.1490107607890723,-0.8446143294953956,0.0,0.0,0.0,0.0,12.817741296450725
0.40285985854845136,-1.5005763128123506,1.1536907158283705,-0.5264845245511903,0.0,0.0,1.0,0.0,12.529246130159391
0.9096587069739712,-1.5005763128123506,1.1443308057497705,-0.12882226837093372,0.0,0.0,1.0,0.0,12.562351010841997
1.4894403564270124,-1.4856106245150928,1.1396508507104721,-1.8785361955640627,0.0,0.0,1.0,0.0,12.75130259456002
0.1539335737535071,-1.4905991872808477,1.1490107607890723,-0.9241467807314468,0.0,0.0,1.0,0.0,12.253914741377207
0.6383928837999935,-1.4905991872808477,1.1349708956711737,-0.7650818782593443,0.0,0.0,1.0,0.0,12.595750454113006
-0.4284639467041045,-1.4856106245150928,1.1396508507104721,0.7460346952256308,0.0,0.0,1.0,0.0,12.76797439010324
1.133734217225494,-1.415770745794559,1.1396508507104721,-0.6855494270232929,0.0,0.0,1.0,0.0,12.985170432328005
-0.4196223027086558,-1.4656563734520873,1.1349708956711737,-0.3674196220790877,0.0,0.0,1.0,0.0,11.685205103383671
-0.22657102257134096,-1.47563349898359,1.1115711204746752,-1.0036792319674983,0.0,0.0,1.0,0.0,11.119897691565697
0.1321695269954793,-1.4307364340918167,1.1209310305532751,-1.2422765856756521,0.0,0.0,1.0,0.0,12.09626335986454
0.23120640322852462,-1.4357249968575718,1.1115711204746752,0.5869697927535281,0.0,0.0,1.0,0.0,12.43996225063003
0.8380361588688265,-1.47563349898359,1.1115711204746752,-0.12882226837093372,0.0,0.0,1.0,0.0,12.64722981250999
2.0107834476379445,-1.4556792479205773,1.1068911654353768,-0.20835471960698504,0.0,0.0,1.0,0.0,12.899222326086994
1.1582710872483668,-1.4856106245150928,1.1209310305532751,0.03024263410116893,0.0,0.0,1.0,0.0,12.588613659630019
1.3859041820661053,-1.4955877500465957,1.1209310305532751,-0.3674196220790877,0.0,0.0,1.0,0.0,12.867989702969597
1.3856949123857396,-1.4905991872808477,1.1209310305532751,0.42790489028142553,0.0,0.0,1.0,0.0,12.690967966082654
0.9285976130470628,-1.4955877500465957,1.1162510755139767,0.3483724390453742,0.0,0.0,1.0,0.0,12.657151449598695
0.3786368930461268,-1.4905991872808477,1.1115711204746752,-0.6060169757872417,0.0,0.0,1.0,0.0,12.386312871189734
-0.3642704722519404,-1.480622061749345,1.1068911654353768,-0.04928981713488239,0.0,0.0,1.0,0.0,12.531776395271262
0.026279068730458998,-1.4856106245150928,1.1068911654353768,-0.8446143294953956,0.0,0.0,1.0,0.0,12.615201035620073
1.8184646113819098,-1.480622061749345,1.1022112103960784,0.2688399878093229,0.0,0.0,1.0,0.0,13.003582093664077
0.8538360197364333,-1.480622061749345,1.0975312553567766,1.8594890125303492,0.0,0.0,1.0,0.0,12.82638296880441
0.5352229313797269,-1.4856106245150928,1.1022112103960784,0.42790489028142553,0.0,0.0,1.0,0.0,12.675766851909591
2.4587251984606247,-1.47563349898359,1.0975312553567766,0.2688399878093229,0.0,0.0,1.0,0.0,13.122367377396328
-0.3051517875486435,-1.4856106245150928,1.0975312553567766,0.18930753657327157,0.0,0.0,1.0,0.0,12.729323752253295
0.8908767531611539,-1.4656563734520873,1.1022112103960784,0.2688399878093229,0.0,0.0,1.0,0.0,12.979187915595174
1.1509466484355688,-1.4656563734520873,1.0975312553567766,0.6665022439895795,0.0,0.0,1.0,0.0,13.097662814782355
-0.329636340151425,-1.4656563734520873,1.0928513003174782,0.6665022439895795,0.0,0.0,1.0,0.0,12.705031132543777
1.892703030491625,-1.4457021223890745,1.1022112103960784,-0.5264845245511903,0.0,0.0,1.0,0.0,12.992712446041898
4.298938132755993,-1.4407135596233196,1.0975312553567766,-1.4808739393838062,0.0,0.0,1.0,0.0,13.122367377396328
1.631115930034559,-1.4556792479205773,1.1022112103960784,-0.12882226837093372,0.0,0.0,1.0,0.0,12.949915316828669
1.3345284755363378,-1.4556792479205773,1.0975312553567766,0.42790489028142553,0.0,0.0,1.0,0.0,13.020775735499
-1.0306374519562704,-1.47563349898359,1.0928513003174782,1.8594890125303492,0.0,0.0,1.0,0.0,12.206077645517674
-0.7134892513621236,-1.47563349898359,1.0928513003174782,1.8594890125303492,0.0,0.0,1.0,0.0,12.509139512775626
-0.6658280816588462,-1.47563349898359,1.0928513003174782,1.2232294026419388,0.0,0.0,1.0,0.0,12.568981617474362
0.9155705754443005,-1.480622061749345,1.0928513003174782,0.8255671464616822,0.0,0.0,1.0,0.0,12.771673345241355
-0.5892353786450173,-1.470644936217835,1.0928513003174782,0.3483724390453742,0.0,0.0,1.0,0.0,12.351475171599722
-0.09938737432911539,-1.4656563734520873,1.0881713452781798,0.8255671464616822,0.0,0.0,1.0,0.0,12.482950310008736
0.7353370632293821,-1.470644936217835,1.0881713452781798,0.5074373415174769,0.0,0.0,1.0,0.0,12.709876675502672
-0.1660920849456672,-1.47563349898359,1.0928513003174782,0.6665022439895795,0.0,0.0,1.0,0.0,12.501726607862306
1.2608132306275366,-1.470644936217835,1.0834913902388814,0.6665022439895795,0.0,0.0,1.0,0.0,13.122367377396328
0.06039002663006037,-1.47563349898359,1.0881713452781798,0.5074373415174769,0.0,0.0,1.0,0.0,12.580394463425135
0.0496649555113208,-1.4457021223890745,1.0834913902388814,-1.0036792319674983,0.0,0.0,1.0,0.0,12.141539457711714
1.1821801482301426,-1.4606678106863322,1.0881713452781798,-1.0036792319674983,0.0,0.0,1.0,0.0,12.26670197321789
-0.6011114330057681,-1.4606678106863322,1.0928513003174782,-0.28788717084303633,0.0,0.0,1.0,0.0,12.141539457711714
0.8907721183209709,-1.530507689406866,1.1115711204746752,0.5869697927535281,0.0,0.0,0.0,1.0,12.584512505902088
-0.07542599592724823,-1.530507689406866,1.1115711204746752,0.5869697927535281,0.0,0.0,0.0,1.0,12.493883459694384
0.16994270430147987,-1.550461940469879,1.1115711204746752,0.9846320489337848,0.0,0.0,0.0,1.0,12.450590137999692
0.13687809480370666,-1.5604390660013816,1.1209310305532751,1.064164500169836,0.0,0.0,0.0,1.0,12.641423363313939
0.6279817172018024,-1.5354962521726212,1.1115711204746752,0.9050995976977334,0.0,0.0,0.0,1.0,12.629380946155546
0.35901786051184703,-1.5055648755781055,1.0928513003174782,1.3822943051140413,0.0,0.0,0.0,1.0,12.525257018755655
0.29362108539758053,-1.5155420011096083,1.1022112103960784,0.9050995976977334,0.0,0.0,0.0,1.0,12.57625939252641
2.0007908204004847,-1.5205305638753635,1.0928513003174782,1.8594890125303492,0.0,0.0,0.0,1.0,12.665713390084107
0.15152697242930213,-1.5055648755781055,1.1022112103960784,0.5869697927535281,0.0,0.0,1.0,0.0,12.618185607609803
0.12217689975801942,-1.5105534383438535,1.1068911654353768,-0.6060169757872417,0.0,0.0,0.0,0.0,12.4155269248542
1.2012760065635082,-1.5055648755781055,1.1115711204746752,0.5074373415174769,0.0,0.0,1.0,0.0,12.934348041772452
0.5708510944619789,-1.4955877500465957,1.1022112103960784,1.30276185387799,0.0,0.0,1.0,0.0,12.676391849976817
0.15424747827405577,-1.4955877500465957,1.1022112103960784,0.7460346952256308,0.0,0.0,1.0,0.0,12.727544397630073
0.3917162480689803,-1.4955877500465957,1.0975312553567766,1.6208916588221953,0.0,0.0,1.0,0.0,12.779875885354993
0.42598415822885605,-1.5005763128123506,1.0975312553567766,1.8594890125303492,0.0,0.0,1.0,0.0,12.664449570844228
0.5677643666765858,-1.5005763128123506,1.0975312553567766,1.8594890125303492,0.0,0.0,1.0,0.0,12.585197200606364
0.4862015087540726,-1.4905991872808477,1.0975312553567766,0.5869697927535281,0.0,0.0,1.0,0.0,12.753329518587048
0.42802453761242104,-1.4905991872808477,1.0928513003174782,1.8594890125303492,0.0,0.0,1.0,0.0,12.896468544784314
1.6946815954456262,-1.4856106245150928,1.0928513003174782,1.8594890125303492,0.0,0.0,1.0,0.0,13.122367377396328
2.77655352551596,-1.4955877500465957,1.0881713452781798,1.8594890125303492,0.0,0.0,1.0,0.0,13.122367377396328
1.1866271289379127,-1.4905991872808477,1.0834913902388814,0.42790489028142553,0.0,0.0,0.0,1.0,13.122367377396328
3.5319124367957837,-1.4905991872808477,1.0788114351995797,0.5869697927535281,0.0,0.0,1.0,0.0,13.122367377396328
2.9710173759957423,-1.530507689406866,1.0881713452781798,0.03024263410116893,0.0,0.0,0.0,1.0,13.122367377396328
3.271267049900363,-1.480622061749345,1.0881713452781798,1.2232294026419388,0.0,0.0,1.0,0.0,13.122367377396328
0.22602697863947468,-1.480622061749345,1.0881713452781798,0.3483724390453742,0.0,0.0,1.0,0.0,13.122367377396328
0.95255899144893,-1.480622061749345,1.0834913902388814,0.7460346952256308,0.0,0.0,1.0,0.0,12.984711507260117
2.1000892837339866,-1.470644936217835,1.0834913902388814,0.3483724390453742,0.0,0.0,1.0,0.0,13.057933650348467
2.3632982242138865,-1.47563349898359,1.0881713452781798,0.5869697927535281,0.0,0.0,1.0,0.0,13.061553363403824
1.4315249723858177,-1.47563349898359,1.0741314801602813,1.064164500169836,0.0,0.0,1.0,0.0,12.88207621048691
0.86963588060404,-1.480622061749345,1.0741314801602813,1.1436969514058875,0.0,0.0,1.0,0.0,12.975720112947148
0.27823976389070515,-1.480622061749345,1.0788114351995797,0.8255671464616822,0.0,0.0,1.0,0.0,12.983563272315347
1.0892120927277011,-1.470644936217835,1.0788114351995797,-0.8446143294953956,0.0,0.0,1.0,0.0,13.122367377396328
0.44895150564898634,-1.47563349898359,1.0788114351995797,-0.8446143294953956,0.0,0.0,1.0,0.0,12.206077645517674
0.6286618436629905,-1.470644936217835,1.0741314801602813,0.42790489028142553,0.0,0.0,1.0,0.0,12.718599820835916
-0.05837051697744754,-1.4656563734520873,1.069451525120983,0.2688399878093229,0.0,0.0,1.0,0.0,12.834683971615659
5.601641893032181,-1.470644936217835,1.069451525120983,-0.3674196220790877,0.0,0.0,1.0,0.0,13.122367377396328
0.8693219760834913,-1.47563349898359,1.069451525120983,1.064164500169836,0.0,0.0,1.0,0.0,12.925133643925246
0.13012914761191427,-1.47563349898359,1.0741314801602813,0.6665022439895795,0.0,0.0,1.0,0.0,12.645298073119001
-0.0006644026166187388,-1.47563349898359,1.069451525120983,1.30276185387799,0.0,0.0,1.0,0.0,12.875953758001124
1.0330755009696149,-1.470644936217835,1.069451525120983,1.4618267563500926,0.0,0.0,1.0,0.0,12.669180679712905
1.1964628039150982,-1.4606678106863322,1.069451525120983,0.2688399878093229,0.0,0.0,1.0,0.0,12.763402966631915
0.8979396048734946,-1.4606678106863322,1.069451525120983,0.10977508533722025,0.0,0.0,1.0,0.0,12.614536585975857
1.265574115855855,-1.4556792479205773,1.069451525120983,-0.20835471960698504,0.0,0.0,1.0,0.0,12.864113238305151
1.4464354371118706,-1.4656563734520873,1.0647715700816813,-2.1171335492722165,0.0,0.0,1.0,0.0,12.644330802262578
2.596163061040767,-1.4407135596233196,1.050731704963786,0.5074373415174769,0.0,0.0,1.0,0.0,13.122367377396328
4.025474977938176,-1.4457021223890745,1.0460517499244844,0.5869697927535281,0.0,0.0,1.0,0.0,13.122367377396328
3.245160657274748,-1.4357249968575718,1.0647715700816813,-0.12882226837093372,0.0,0.0,1.0,0.0,13.122367377396328
0.8416983782752253,-1.4606678106863322,1.0647715700816813,0.18930753657327157,0.0,0.0,1.0,0.0,12.997029153150084
1.1235323203076681,-1.4556792479205773,1.0554116600030845,-0.446952073315139,0.0,0.0,1.0,0.0,13.122367377396328
1.7862370806055992,-1.4457021223890745,1.0554116600030845,-0.446952073315139,0.0,0.0,1.0,0.0,13.122367377396328
2.413156725561003,-1.4357249968575718,1.060091615042383,0.10977508533722025,0.0,0.0,1.0,0.0,13.122367377396328
0.4558050876809613,-1.4606678106863322,1.050731704963786,-0.04928981713488239,0.0,0.0,1.0,0.0,13.070229730019086
-0.223798199306496,-1.4656563734520873,1.0554116600030845,-0.12882226837093372,0.0,0.0,1.0,0.0,13.035281452471706
2.1517788947843033,-1.47563349898359,1.0647715700816813,0.6665022439895795,0.0,0.0,1.0,0.0,13.122367377396328
0.003991847771517104,-1.47563349898359,1.060091615042383,1.2232294026419388,0.0,0.0,1.0,0.0,12.698329939940777
0.29362108539758053,-1.480622061749345,1.060091615042383,1.541359207586144,0.0,0.0,1.0,0.0,12.821260987319457
0.917610954827866,-1.480622061749345,1.0647715700816813,1.541359207586144,0.0,0.0,1.0,0.0,13.100119813444692
1.1678451751250953,-1.4856106245150928,1.069451525120983,1.8594890125303492,0.0,0.0,1.0,0.0,13.122367377396328
0.89924754037578,-1.470644936217835,1.0647715700816813,0.10977508533722025,0.0,0.0,1.0,0.0,12.906446153181818
0.040195502474775005,-1.470644936217835,1.0554116600030845,-0.9241467807314468,0.0,0.0,1.0,0.0,12.942281710183714
0.2865059162651482,-1.470644936217835,1.060091615042383,-1.0036792319674983,0.0,0.0,1.0,0.0,12.49538214300718
-0.049685825242272975,-1.480622061749345,1.060091615042383,0.9846320489337848,0.0,0.0,1.0,0.0,12.871851198663759
2.1368161126381597,-1.4856106245150928,1.060091615042383,0.42790489028142553,0.0,0.0,1.0,0.0,13.024532222611139
2.489121619533736,-1.4905991872808477,1.060091615042383,1.541359207586144,0.0,0.0,1.0,0.0,13.046563821483023
1.7349136914959231,-1.4905991872808477,1.0647715700816813,1.8594890125303492,0.0,0.0,1.0,0.0,13.122367377396328
2.641260677159565,-1.4905991872808477,1.069451525120983,0.6665022439895795,0.0,0.0,1.0,0.0,13.122367377396328
-0.31226695668107585,-1.4856106245150928,1.0647715700816813,1.541359207586144,0.0,0.0,1.0,0.0,13.038983942375959
1.5684396607650462,-1.47563349898359,1.050731704963786,-0.28788717084303633,0.0,0.0,1.0,0.0,12.931447394103301
1.5196275078197576,-1.480622061749345,1.050731704963786,0.10977508533722025,0.0,0.0,1.0,0.0,12.934589383051913
2.156225875492073,-1.47563349898359,1.0460517499244844,-0.6855494270232929,0.0,0.0,1.0,0.0,12.899222326086994
0.3045031087765947,-1.47563349898359,1.050731704963786,0.5869697927535281,0.0,0.0,1.0,0.0,12.639804459346648
1.505868026335716,-1.4905991872808477,1.060091615042383,0.5869697927535281,0.0,0.0,1.0,0.0,12.905204382854041
1.177785484942464,-1.480622061749345,1.0554116600030845,0.3483724390453742,0.0,0.0,1.0,0.0,12.95843404198686
1.062582525901172,-1.47563349898359,1.0554116600030845,0.5074373415174769,0.0,0.0,1.0,0.0,12.900221823922582
0.6555006801698857,-1.4905991872808477,1.060091615042383,-0.3674196220790877,0.0,0.0,1.0,0.0,12.80078251189375
-0.5306398681426344,-1.4656563734520873,1.0460517499244844,-0.6060169757872417,0.0,0.0,1.0,0.0,12.462267920852137
-0.5031732225946427,-1.4457021223890745,1.0366918398458875,-0.7650818782593443,0.0,0.0,1.0,0.0,11.852257893055606
1.271485984326185,-1.4606678106863322,1.0460517499244844,-0.9241467807314468,0.0,0.0,1.0,0.0,12.754485918957602
1.5123030690069597,-1.4556792479205773,1.041371794885186,0.5074373415174769,0.0,0.0,1.0,0.0,13.122367377396328
0.3471418061510961,-1.4556792479205773,1.041371794885186,1.8594890125303492,0.0,0.0,1.0,0.0,12.999067423500716
1.2216274829790679,-1.4506906851548296,1.041371794885186,1.8594890125303492,0.0,0.0,1.0,0.0,13.122367377396328
4.383378448783533,-1.4556792479205773,1.0366918398458875,0.7460346952256308,0.0,0.0,1.0,0.0,13.122367377396328
-0.03634488311896256,-1.470644936217835,1.050731704963786,1.8594890125303492,0.0,0.0,1.0,0.0,12.524530013005734
1.5399789842353173,-1.5205305638753635,1.0366918398458875,0.10977508533722025,0.0,0.0,0.0,1.0,13.109887881002546
-0.06606117773088525,-1.47563349898359,1.041371794885186,0.7460346952256308,0.0,0.0,1.0,0.0,13.078622543881725
0.15848518930146013,-1.540484814938369,1.0741314801602813,1.064164500169836,0.0,0.0,0.0,1.0,12.765691290604371
0.22822431028331405,-1.5654276287671296,1.050731704963786,-0.6060169757872417,0.0,0.0,0.0,1.0,13.113929915523508
0.2318342122696215,-1.5554505032356267,1.0647715700816813,1.1436969514058875,0.0,0.0,0.0,1.0,12.382967001677175
-0.398276795311359,-1.5654276287671296,1.060091615042383,-0.446952073315139,0.0,0.0,0.0,1.0,12.399173397495133
0.22822431028331405,-1.6402560702534184,1.1536907158283705,1.2232294026419388,0.0,0.0,0.0,1.0,12.474193386571581
-0.02582908168058839,-1.6302789447219155,1.1396508507104721,0.18930753657327157,0.0,0.0,0.0,1.0,12.508770169721908
-0.1723178579365455,-1.6751760096136887,1.1162510755139767,-0.04928981713488239,0.0,0.0,0.0,1.0,12.206077645517674
0.9177679070881399,-1.550461940469879,1.1396508507104721,-0.20835471960698504,0.0,0.0,0.0,1.0,12.971542813248437
-0.7994467725723157,-1.660210321316431,1.237929906535758,1.8594890125303492,0.0,0.0,0.0,1.0,12.004574385508691
-0.3836802351058548,-1.6901416979109396,1.2285699964571581,-0.6855494270232929,0.0,0.0,0.0,1.0,12.392141339694389
-0.21731083921516078,-1.6153132564246577,1.1443308057497705,-0.7650818782593443,0.0,0.0,0.0,1.0,12.383385848096506
-0.13145795284515174,-1.6103246936589029,1.1911303561427644,0.5869697927535281,0.0,0.0,0.0,1.0,12.441543897532917
-1.1064453936687282,-0.3083098117975271,0.8869332785883093,-0.28788717084303633,1.0,0.0,0.0,0.0,11.174665631549477
-1.2965668982809238,-0.20853855648247768,0.8775733685097092,-1.1627441344396008,1.0,0.0,0.0,0.0,11.550230883578887
-1.2432031297876824,-0.18858430541947205,0.8588535483525124,0.2688399878093229,1.0,0.0,0.0,0.0,11.424105180165641
-0.6912020304031817,-0.20354999371672983,0.8401337281953155,-1.3218090369117035,1.0,0.0,0.0,0.0,11.561725152903833
-1.1124095795591493,-0.24844705860849603,0.7980141328416234,-1.0036792319674983,1.0,0.0,0.0,0.0,11.37940550085183
-0.4584418284164843,-0.36817256498655815,0.9384127840206016,-1.4013414881477548,1.0,0.0,0.0,0.0,11.701899842594283
-0.5238386035307508,-0.28835556073452145,0.9618125592170969,-1.2422765856756521,1.0,0.0,0.0,0.0,11.159117834926688
-0.7818681194216006,-0.22350424477973543,0.9758524243349953,-0.9241467807314468,1.0,0.0,0.0,0.0,11.386239162597649
-0.022480766794738084,-0.11874442669893819,0.9524526491385,-0.3674196220790877,1.0,0.0,0.0,0.0,11.448930795918299
-0.635274708325461,-0.12373298946468606,0.9056530987455061,-1.2422765856756521,1.0,0.0,0.0,0.0,11.433893080082035
-0.4584418284164843,-0.16364149159071148,0.8682134584311124,-1.2422765856756521,1.0,0.0,0.0,0.0,11.626263078808801
-0.7200289288735503,-0.13371011499619595,0.8635335033918108,-0.9241467807314468,1.0,0.0,0.0,0.0,11.554077005184336
-0.3657876774345916,-0.11375586393318324,0.8728934134704108,-1.0832116832035494,1.0,0.0,0.0,0.0,11.710964518881163
-0.5238386035307508,-0.0738473618071649,0.854173593313214,-1.2422765856756521,1.0,0.0,0.0,0.0,11.472113887062386
-0.5876658560422748,-0.1386986777619438,0.8214139080381186,-1.1627441344396008,1.0,0.0,0.0,0.0,11.618194976487304
-0.17639861670367574,0.010958205210626728,0.9898922894528938,0.10977508533722025,1.0,0.0,0.0,0.0,10.93133754807084
-0.6238695107455328,-0.03393885968114656,0.924372918902703,0.10977508533722025,1.0,0.0,0.0,0.0,12.011279642540796
-0.494750117959925,-1.784924390460241,1.921203342273459,-0.446952073315139,1.0,0.0,0.0,0.0,11.156264806643742
-1.0973421625728224,-1.8298214553520074,1.9539630275485542,-0.28788717084303633,1.0,0.0,0.0,0.0,10.96648993456911
-1.385454195016235,-1.8248328925862594,1.9352432073913575,-0.28788717084303633,1.0,0.0,0.0,0.0,11.007103966325696
-0.7947905221841798,-1.9445583989643145,1.9492830725092525,-0.8446143294953956,1.0,0.0,0.0,0.0,11.279744203985432
-1.2457143659520702,-2.0642839053423696,1.9867227128236495,1.064164500169836,0.0,0.0,0.0,1.0,11.153403615295403
-0.8545370159285737,-1.9994325893875906,1.8837637019590618,-1.0832116832035494,0.0,0.0,0.0,0.0,11.51293546492023
-0.4357883855169024,-2.029363965982106,1.785484646133779,-0.6060169757872417,0.0,0.0,0.0,0.0,11.854392350397763
-0.8115844140335233,-2.104192407468395,1.8088844213302744,-0.3674196220790877,0.0,0.0,0.0,0.0,11.965916446305247
-0.5705580596723829,-2.1091809702341426,1.7948445562123758,-0.04928981713488239,0.0,0.0,0.0,0.0,11.92039522907888
-0.6153940886907239,-2.0742610308738794,1.7808046910944775,0.2688399878093229,0.0,0.0,0.0,0.0,12.013706813470414
-0.709983984215999,-2.1291352212971555,1.7901646011730774,1.4618267563500926,0.0,0.0,0.0,0.0,11.611874470755124
-0.49804611542568406,-2.1091809702341426,1.7901646011730774,0.5074373415174769,0.0,0.0,0.0,0.0,11.787529896628678
-1.0227898389425585,-2.1091809702341426,1.7808046910944775,1.8594890125303492,0.0,0.0,0.0,0.0,11.461642696843066
-0.19685472795941827,-2.104192407468395,1.7808046910944775,1.6208916588221953,0.0,0.0,0.0,0.0,11.63780327310248
-1.0230514260430157,-2.1091809702341426,1.7808046910944775,0.3483724390453742,0.0,0.0,0.0,0.0,11.446796346169297
-0.5728600261564051,-2.104192407468395,1.7808046910944775,0.5869697927535281,0.0,0.0,0.0,0.0,11.569315250157509
-0.3448607093980263,-2.104192407468395,1.7808046910944775,-1.0036792319674983,0.0,0.0,0.0,0.0,11.663076729214897
-1.1085380904723847,-2.1341237840629033,1.7714447810158807,-1.4013414881477548,0.0,0.0,0.0,0.0,11.918397239722838
-1.0356599242850462,-1.8797070830095355,1.8088844213302744,-1.0832116832035494,1.0,0.0,0.0,0.0,11.478344372113902
-0.34564547069939755,-1.909638459604051,1.7901646011730774,-1.4808739393838062,0.0,0.0,0.0,0.0,11.555994532928862
-0.7772641864535563,-1.8697299574780255,1.7714447810158807,-0.5264845245511903,0.0,0.0,0.0,0.0,11.43605521971203
-0.645528922663378,-1.899661334072541,1.748045005819382,-0.8446143294953956,0.0,0.0,0.0,0.0,11.732871910985468
-0.8966002216820699,-1.8846956457752833,1.7714447810158807,-0.8446143294953956,0.0,0.0,0.0,0.0,11.25416768929685
-0.1508153982789746,-1.8946727713067932,1.776124736055179,0.2688399878093229,0.0,0.0,0.0,0.0,11.472113887062386
-0.5011851606311689,-1.8896842085410384,1.766764825976579,1.3822943051140413,0.0,0.0,0.0,0.0,11.250274159310356
-1.0600921594677362,-1.8846956457752833,1.7620848709372805,-0.12882226837093372,0.0,0.0,0.0,0.0,11.181653682515929
-1.210504742230549,-1.8896842085410384,1.7620848709372805,-0.6060169757872417,0.0,0.0,0.0,0.0,11.177466714598282
-0.8072420681659361,-1.8797070830095355,1.757404915897982,-0.8446143294953956,0.0,0.0,0.0,0.0,11.338583982516495
-1.1145022763628059,-1.7599815766314735,1.7433650507800837,-0.7650818782593443,1.0,0.0,0.0,0.0,11.561725152903833
0.04547956190400774,-1.8248328925862594,1.7293251856621852,-0.6855494270232929,0.0,0.0,0.0,0.0,11.898874704662955
-0.5194962576631634,-1.784924390460241,1.7199652755835884,-0.7650818782593443,1.0,0.0,0.0,0.0,11.946012225174645
-0.2789407600828455,-1.7649701393972284,1.7246452306228868,-0.6855494270232929,1.0,0.0,0.0,0.0,11.83138646878959
-0.04618055809614833,-1.7998900787574987,1.6965655003870899,-0.28788717084303633,0.0,0.0,0.0,0.0,11.807093955056784
-0.382319982183478,-1.8198443298205045,1.7059254104656898,-1.0036792319674983,0.0,0.0,0.0,0.0,11.869907361794104
-0.6742511862935638,-1.8896842085410384,1.6918855453477915,-0.9241467807314468,0.0,0.0,0.0,0.0,11.881041706925902
-0.9162192542163499,-1.7998900787574987,1.6825256352691913,-0.8446143294953956,0.0,0.0,0.0,0.0,12.07254696717504
-0.8285352581431412,-1.8148557670547494,1.668485770151296,-0.9241467807314468,0.0,0.0,0.0,0.0,11.913719681428494
-0.14887965373559242,-1.8048786415232467,1.6731657251905945,-0.5264845245511903,0.0,0.0,0.0,0.0,11.685205103383671
-0.794162713143083,-1.8098672042890016,1.6825256352691913,-0.20835471960698504,0.0,0.0,0.0,0.0,11.565527402710426
-0.3276482781879513,-2.084238156405382,1.748045005819382,-1.0036792319674983,0.0,0.0,0.0,0.0,11.927687224983487
-0.3621777754482839,-2.1341237840629033,1.757404915897982,-0.446952073315139,0.0,0.0,0.0,0.0,11.852969885168331
-0.3766697008136055,-2.1141695329998975,1.734005140701487,-0.9241467807314468,0.0,0.0,0.0,0.0,12.531776395271262
-0.40240987149858076,-2.0592953425766214,1.7246452306228868,-0.8446143294953956,0.0,0.0,0.0,0.0,12.269990661694345
-0.26727397540246034,-2.1141695329998975,1.7199652755835884,-0.446952073315139,0.0,0.0,0.0,1.0,12.323860125621126
-0.7854257039878169,-2.0742610308738794,1.6544459050333977,-0.6855494270232929,0.0,0.0,0.0,1.0,11.975407125004564
-0.6873305413164171,-1.97448977555883,1.5421269840902132,0.7460346952256308,0.0,0.0,0.0,1.0,12.017336559562407
-0.8777659504491611,-2.0543067798108665,1.5280871189723146,-0.9241467807314468,0.0,0.0,0.0,1.0,11.464795582766675
-0.3956086068866971,-2.0044211521533453,1.4812875685793208,-0.9241467807314468,0.0,0.0,0.0,1.0,12.078812973059884
-0.8274889097413131,-1.9794783383245849,1.6544459050333977,-0.8446143294953956,0.0,0.0,0.0,0.0,11.522885696764481
-0.2458761505850725,-1.904649896838296,1.5702067143260101,-0.04928981713488239,0.0,0.0,0.0,0.0,11.602775309696066
-0.6032564472295161,-1.8896842085410384,1.579566624404607,0.5074373415174769,0.0,0.0,0.0,0.0,11.656168298529856
-0.6533242182569985,-1.8148557670547494,1.6591258600726961,-0.9241467807314468,0.0,0.0,0.0,0.0,11.864293351358109
-0.42433087051688295,-1.8797070830095355,1.6216862197583024,-0.3674196220790877,0.0,0.0,0.0,0.0,11.783723297487764
-0.0486394768404446,-1.8148557670547494,1.6076463546404038,-0.9241467807314468,0.0,0.0,0.0,0.0,11.98168457011701
-0.11382698227434547,-1.8198443298205045,1.649765949994096,0.2688399878093229,0.0,0.0,0.0,0.0,11.948602883419843
0.010217620762395171,-1.8248328925862594,1.6357260848762007,0.3483724390453742,0.0,0.0,0.0,0.0,11.87757552297847
-0.14778098791367275,-1.8198443298205045,1.6450859949547976,0.5869697927535281,0.0,0.0,0.0,0.0,11.712603850073448
-0.6938702188278438,-1.8148557670547494,1.6450859949547976,1.8594890125303492,0.0,0.0,0.0,0.0,11.634266607494453
-0.4584418284164843,-1.8148557670547494,1.6404060399154992,0.8255671464616822,0.0,0.0,0.0,0.0,11.649211809228195
0.08926924252052053,-1.8148557670547494,1.6357260848762007,-0.12882226837093372,0.0,0.0,0.0,0.0,11.755094871382958
-1.089965406339933,-1.8098672042890016,1.649765949994096,-1.1627441344396008,0.0,0.0,0.0,0.0,11.31813853725963
-0.6514931085537992,-1.8198443298205045,1.649765949994096,0.03024263410116893,0.0,0.0,0.0,0.0,11.604601777542019
-0.9777445402438517,-1.8098672042890016,1.6450859949547976,-0.12882226837093372,0.0,0.0,0.0,0.0,11.474195031610165
-0.6670836997410402,-1.8048786415232467,1.6450859949547976,-1.0036792319674983,0.0,0.0,0.0,0.0,11.74086549476798
-1.0840535378696032,-1.8098672042890016,1.6404060399154992,-0.9241467807314468,0.0,0.0,0.0,0.0,11.600945499760169
-1.0322592919791043,-1.8148557670547494,1.6404060399154992,-1.0832116832035494,0.0,0.0,0.0,0.0,11.51293546492023
-0.022480766794738084,-1.7599815766314735,1.6450859949547976,0.2688399878093229,0.0,0.0,0.0,0.0,11.662215780913316
1.0893690449879754,-1.7949015159917439,1.6591258600726961,-1.1627441344396008,0.0,0.0,0.0,0.0,12.277932735946903
0.2870814078861538,-1.7949015159917439,1.6450859949547976,0.10977508533722025,0.0,0.0,0.0,0.0,11.994740316298905
-1.0960342270705368,-1.789912953225989,1.6357260848762007,0.3483724390453742,0.0,0.0,0.0,0.0,11.458479838780507
-0.5761560236221641,-1.789912953225989,1.6216862197583024,0.18930753657327157,0.0,0.0,0.0,0.0,11.701899842594283
-0.8181240915449501,-1.8048786415232467,1.631046129836899,0.7460346952256308,0.0,0.0,0.0,0.0,11.156264806643742
-0.6064478098550924,-1.784924390460241,1.5468069391295116,-0.5264845245511903,0.0,0.0,0.0,0.0,11.470028402317833
-0.680215372183985,-1.7599815766314735,1.56084680424741,0.5869697927535281,0.0,0.0,0.0,0.0,11.460589521950299
-0.5107592485078976,-0.44300100647283985,0.8775733685097092,-0.5264845245511903,1.0,0.0,0.0,0.0,11.32781201446548
-0.822414119992446,-0.5527493873193992,0.8588535483525124,0.3483724390453742,1.0,0.0,0.0,0.0,11.101960259016467
-0.13501553741136793,-0.5876693266796625,0.8448136832346139,-0.12882226837093372,1.0,0.0,0.0,0.0,11.72157244693173
-0.5859916985993496,-0.5926578894454175,0.8448136832346139,-0.8446143294953956,1.0,0.0,0.0,0.0,11.413116179350727
-0.8072420681659361,-0.5976464522111653,0.8354537731560171,-0.12882226837093372,1.0,0.0,0.0,0.0,11.195484970354173
-0.5359239275718672,-0.6076235777426753,0.8401337281953155,-0.9241467807314468,1.0,0.0,0.0,0.0,11.298506245754995
-0.8732666523212996,-0.6076235777426753,0.8307738181167154,0.5074373415174769,1.0,0.0,0.0,0.0,11.360950749348124
-0.31608612834774896,-0.5677150756166498,0.8214139080381186,-1.4013414881477548,1.0,0.0,0.0,0.0,11.209127560632263
-0.6646770984168352,-0.5677150756166498,0.8214139080381186,0.9050995976977334,1.0,0.0,0.0,0.0,11.194110418585193
-0.18811771880415218,-0.557737950085147,0.826093863077417,1.3822943051140413,1.0,0.0,0.0,0.0,11.83138646878959
-0.9039769779149591,-0.5826807639139076,0.7933341778023216,0.10977508533722025,1.0,0.0,0.0,0.0,11.305913595583258
-0.7219123559968412,-0.5876693266796625,0.8120539979595185,0.2688399878093229,1.0,0.0,0.0,0.0,11.394153190178114
-0.5265591093755042,-0.5776922011481597,0.8167339529988202,-0.446952073315139,1.0,0.0,0.0,0.0,11.196857635323791
-0.6194225300377628,-0.5677150756166498,0.8167339529988202,-1.1627441344396008,1.0,0.0,0.0,0.0,11.17606715383184
-0.6565155808825748,-0.6325663915714358,0.826093863077417,-1.71947129309196,1.0,0.0,0.0,0.0,11.550230883578887
-0.4003171746949242,-0.6425435171029387,0.826093863077417,-0.9241467807314468,1.0,0.0,0.0,0.0,11.643084929027989
-0.051203030424923905,-0.6325663915714358,0.8401337281953155,0.2688399878093229,1.0,0.0,0.0,0.0,12.010671928196443
-0.4584418284164843,-0.6824520192289569,0.826093863077417,0.2688399878093229,1.0,0.0,0.0,0.0,11.602775309696066
-0.620207291339134,-0.6525206426344414,0.8120539979595185,-0.3674196220790877,1.0,0.0,0.0,0.0,11.54346436927906
-0.959799665152497,-0.6575092054001964,0.7933341778023216,-0.12882226837093372,1.0,0.0,0.0,0.0,11.45318607621936
-0.6849762574123034,-0.5327951362563864,0.8167339529988202,-0.6060169757872417,1.0,0.0,0.0,0.0,11.161962746590705
-0.713279981681758,-0.5327951362563864,0.8167339529988202,-0.7650818782593443,1.0,0.0,0.0,0.0,11.345701365855424
0.12008420295436312,-0.5377836990221414,0.7933341778023216,-0.28788717084303633,1.0,0.0,0.0,0.0,11.586185220346932
-0.9261072466136269,-0.5078523224276259,0.8214139080381186,-1.0036792319674983,1.0,0.0,0.0,0.0,11.195484970354173
-0.6447441613620067,-0.5278065734906314,0.8307738181167154,-0.12882226837093372,1.0,0.0,0.0,0.0,11.143324481431074
-0.6280549043528458,-0.4978751968961159,0.8401337281953155,0.8255671464616822,1.0,0.0,0.0,0.0,11.219909190927746
0.4135326122470994,-0.5128408851933737,0.8120539979595185,-1.4808739393838062,1.0,0.0,0.0,0.0,11.776066350866136
-0.4107806587132069,-0.5128408851933737,0.8073740429202201,-0.12882226837093372,1.0,0.0,0.0,0.0,11.372524818667134
0.04799079806839553,-0.5228180107248837,0.8120539979595185,-1.6399388418559087,1.0,0.0,0.0,0.0,11.533717798424087
-0.9722512111342534,-0.5078523224276259,0.8073740429202201,-1.4013414881477548,1.0,0.0,0.0,0.0,11.377117196515812
-0.7381830736452707,-0.5128408851933737,0.8026940878809218,0.42790489028142553,1.0,0.0,0.0,0.0,11.098939154318382
-0.8653667218874962,-0.5178294479591287,0.8026940878809218,0.42790489028142553,1.0,0.0,0.0,0.0,11.225256725762893
-1.2633453365228764,-0.5228180107248837,0.8026940878809218,-0.6855494270232929,1.0,0.0,0.0,0.0,11.1447705923684
0.1955259227261808,-0.5178294479591287,0.7886542227630232,-0.8446143294953956,1.0,0.0,0.0,0.0,11.893421422254848
-0.919776838782566,-0.5128408851933737,0.7980141328416234,0.42790489028142553,1.0,0.0,0.0,0.0,11.140425970684525
-1.0268705977096888,-0.5178294479591287,0.8073740429202201,-1.0036792319674983,1.0,0.0,0.0,0.0,11.37940550085183
-0.45687230581374183,-0.4978751968961159,0.8026940878809218,-0.8446143294953956,1.0,0.0,0.0,0.0,11.525851561856362
-0.3038438520463582,-0.5128408851933737,0.8026940878809218,-0.7650818782593443,1.0,0.0,0.0,0.0,11.391898423211194
-0.17629398186349293,-0.5078523224276259,0.8026940878809218,-1.0832116832035494,1.0,0.0,0.0,0.0,11.385103457032141
-0.978163079604583,-0.5327951362563864,0.7324947622914326,-1.0036792319674983,1.0,0.0,0.0,0.0,11.736077016252437
-0.29133998864451055,-0.48789807136461316,0.7886542227630232,-0.6060169757872417,1.0,0.0,0.0,0.0,11.859355104555387
-1.0371248120476058,-0.4579666947700976,0.7605744925272263,-0.04928981713488239,1.0,0.0,0.0,0.0,11.326607934898927
-0.7717185399238667,-0.46295525753585254,0.8120539979595185,-0.8446143294953956,1.0,0.0,0.0,0.0,11.286037411751035
-0.939291236476663,-0.4180581926440793,0.7137749421342324,-0.6060169757872417,1.0,0.0,0.0,0.0,11.470028402317833
-0.8194843444673269,-0.4679438203016075,0.7886542227630232,-1.2422765856756521,1.0,0.0,0.0,0.0,11.403121759615027
-0.5892353786450173,-0.46295525753585254,0.7886542227630232,-1.2422765856756521,1.0,0.0,0.0,0.0,11.329014645967838
-1.0063098516137634,-0.4579666947700976,0.7886542227630232,-1.2422765856756521,1.0,0.0,0.0,0.0,11.353941456740479
-0.9074299276409925,-0.4529781320043498,0.7886542227630232,-1.2422765856756521,1.0,0.0,0.0,0.0,11.779902152762993
-0.6896848252205308,-0.4479895692385948,0.7886542227630232,-1.0832116832035494,1.0,0.0,0.0,0.0,11.7085004721646
-0.2199267102197314,-0.46295525753585254,0.7980141328416234,-1.0036792319674983,1.0,0.0,0.0,0.0,11.58989576532275
0.4152590871101162,-0.4529781320043498,0.7980141328416234,-1.6399388418559087,1.0,0.0,0.0,0.0,11.756663486852712
-0.10571778216017651,-0.4479895692385948,0.7980141328416234,-1.5604063906198575,1.0,0.0,0.0,0.0,11.671645688511857
0.719851106882324,-0.42803531817558915,0.7886542227630232,-1.0036792319674983,1.0,0.0,0.0,0.0,11.738474121698282
0.4944676611285157,-0.43801244370709197,0.7886542227630232,-0.6060169757872417,1.0,0.0,0.0,0.0,11.676752039127939
-0.11989580300494944,-0.43801244370709197,0.7886542227630232,-0.7650818782593443,1.0,0.0,0.0,0.0,11.52683823202353
1.2792812799198054,-0.44300100647283985,0.7933341778023216,-1.958068646800114,1.0,0.0,0.0,0.0,11.836464426179543
-0.3092325463157738,-0.44300100647283985,0.7933341778023216,-0.9241467807314468,1.0,0.0,0.0,0.0,11.500863005142227
0.727175545695122,-0.43302388094133704,0.7839742677237249,-1.0036792319674983,1.0,0.0,0.0,0.0,11.745631152988125
-0.05810892987699039,-0.43801244370709197,0.7839742677237249,-0.6855494270232929,1.0,0.0,0.0,0.0,11.80186424743109
-0.20731821197770092,-0.44300100647283985,0.7839742677237249,-0.20835471960698504,1.0,0.0,0.0,0.0,11.464795582766675
-0.7958891880060995,-0.4529781320043498,0.7839742677237249,1.064164500169836,1.0,0.0,0.0,0.0,11.233224789593368
-0.6260145249692808,-0.46295525753585254,0.7839742677237249,0.5869697927535281,1.0,0.0,0.0,0.0,11.31204474745499
-0.9543586534629902,-0.4579666947700976,0.7839742677237249,1.30276185387799,1.0,0.0,0.0,0.0,11.189975390433117
-1.220863591408649,-0.4529781320043498,0.7792943126844232,1.6208916588221953,1.0,0.0,0.0,0.0,11.390769130367211
-1.2432031297876824,-0.4529781320043498,0.7792943126844232,0.8255671464616822,1.0,0.0,0.0,0.0,11.112462823634855
-1.3412982924590822,-0.4579666947700976,0.7792943126844232,1.7004241100582467,1.0,0.0,0.0,0.0,11.017004873924424
-0.5973968961792778,-0.44300100647283985,0.7839742677237249,0.5074373415174769,1.0,0.0,0.0,0.0,11.382828169079987
-0.8854566112025988,-0.4479895692385948,0.7792943126844232,0.9050995976977334,1.0,0.0,0.0,0.0,11.225256725762893
-0.8196936141476926,-0.44300100647283985,0.7792943126844232,0.5869697927535281,1.0,0.0,0.0,0.0,11.131679686740132
-1.1030447613627865,-0.4679438203016075,0.7746143576451248,-0.6855494270232929,1.0,0.0,0.0,0.0,11.287291314687705
-1.1071778375500079,-0.46295525753585254,0.7792943126844232,0.03024263410116893,1.0,0.0,0.0,0.0,11.05407540279458
-1.1124095795591493,-0.4579666947700976,0.7792943126844232,0.5074373415174769,1.0,0.0,0.0,0.0,10.961295207644392
-1.4548270940574488,-0.4579666947700976,0.7746143576451248,-0.9241467807314468,1.0,0.0,0.0,0.0,11.046132675457146
-1.3973302493769857,-0.4479895692385948,0.7746143576451248,-1.0036792319674983,1.0,0.0,0.0,0.0,11.017004873924424
-1.209981568029635,-0.4529781320043498,0.7746143576451248,-0.9241467807314468,1.0,0.0,0.0,0.0,11.008760940077243
-1.0990163200157474,-0.4479895692385948,0.7699344026058264,-0.7650818782593443,1.0,0.0,0.0,0.0,11.202329530346486
-1.0059436296731235,-0.4579666947700976,0.7699344026058264,-1.4013414881477548,1.0,0.0,0.0,0.0,10.9525769086256
-0.7760608857914538,-0.43302388094133704,0.7699344026058264,-1.3218090369117035,1.0,0.0,0.0,0.0,11.303450570483712
-1.1269538223445623,-0.43302388094133704,0.7746143576451248,-0.8446143294953956,1.0,0.0,0.0,0.0,11.527823929632195
-0.7935872215220773,-0.44300100647283985,0.7746143576451248,0.10977508533722025,1.0,0.0,0.0,0.0,11.18859323930985
1.078539339029053,-0.42803531817558915,0.8026940878809218,-1.0832116832035494,1.0,0.0,0.0,0.0,12.26528921768626
-1.1952280555638566,-0.4130696298783314,0.7792943126844232,-0.04928981713488239,1.0,0.0,0.0,0.0,11.400887146781374
-0.7573835668188195,-0.36318400222080316,0.7980141328416234,0.3483724390453742,1.0,0.0,0.0,0.0,11.548302261270587
-0.8046785145814569,-0.373161127752306,0.7746143576451248,0.7460346952256308,1.0,0.0,0.0,0.0,10.995427631436174
-1.1422828264313463,-0.36817256498655815,0.7746143576451248,0.9050995976977334,1.0,0.0,0.0,0.0,10.93133754807084
-1.1941293897419367,-0.36817256498655815,0.7746143576451248,0.5869697927535281,1.0,0.0,0.0,0.0,10.961295207644392
-1.1818871134405462,-0.373161127752306,0.7746143576451248,-1.5604063906198575,1.0,0.0,0.0,0.0,10.938467575959383
-0.885090389261959,-0.3382411883920426,0.7465346274093277,0.42790489028142553,1.0,0.0,0.0,0.0,11.000448478455008
-0.2528866848773218,-0.33325262562628766,0.737174717330731,0.18930753657327157,1.0,0.0,0.0,0.0,11.448930795918299
-0.9816160293306163,-0.3881268160495637,0.7839742677237249,-0.9241467807314468,1.0,0.0,0.0,0.0,11.37940550085183
-0.36751415229760814,-0.7123833958234725,0.7558945374879279,0.18930753657327157,1.0,0.0,0.0,0.0,11.488643018250334
-1.1353246095591885,-0.7123833958234725,0.7605744925272263,1.30276185387799,1.0,0.0,0.0,0.0,11.256754979390998
-0.6631598932341843,-0.7123833958234725,0.7558945374879279,-0.6060169757872417,1.0,0.0,0.0,0.0,11.474195031610165
-0.5988617839418374,-0.7173719585892274,0.7558945374879279,-1.0036792319674983,1.0,0.0,0.0,0.0,11.487617913343598
-0.4108852935533897,-0.742314772417988,0.7231348522128326,0.10977508533722025,1.0,0.0,0.0,0.0,11.723194494148304
-0.34009982416970763,-0.6575092054001964,0.737174717330731,-0.28788717084303633,1.0,0.0,0.0,0.0,11.484536278461452
-0.9703154665908712,-0.7223605213549753,0.6810152568591404,-0.9241467807314468,1.0,0.0,0.0,0.0,11.630717389475995
-0.7161574397867857,-0.7223605213549753,0.610815931269648,0.3483724390453742,1.0,0.0,0.0,0.0,11.675902789388996
-0.3930450533022178,-0.5976464522111653,0.6435756165447434,-0.04928981713488239,1.0,0.0,0.0,0.0,11.959538914341756
0.15780506284027196,-0.6375549543371837,0.6763353018198387,-2.0376010980361654,1.0,0.0,0.0,0.0,11.903622053373214
-0.7010377053803672,-0.6375549543371837,0.6716553467805403,-1.0036792319674983,1.0,0.0,0.0,0.0,11.3655964644899
-0.875987158166053,-0.6325663915714358,0.6716553467805403,-0.3674196220790877,1.0,0.0,0.0,0.0,11.51293546492023
-1.43672526670582,-0.6325663915714358,0.6669753917412419,-1.1627441344396008,1.0,0.0,0.0,0.0,11.270866642542865
-1.2181430855638955,-0.6375549543371837,0.6669753917412419,0.18930753657327157,1.0,0.0,0.0,0.0,11.314486721293981
-0.12722024181774716,-0.6475320798686935,0.6716553467805403,-0.20835471960698504,1.0,0.0,0.0,0.0,11.391898423211194
-0.6703273797867076,-0.6475320798686935,0.6622954367019402,0.03024263410116893,1.0,0.0,0.0,0.0,11.554077005184336
-0.36850818327934504,-0.6375549543371837,0.6622954367019402,0.2688399878093229,1.0,0.0,0.0,0.0,11.853681370708943
0.7965484447363355,-0.6325663915714358,0.6622954367019402,-1.6399388418559087,1.0,0.0,0.0,0.0,12.016732516077072
-0.5074632510421385,-0.6076235777426753,0.6763353018198387,-1.5604063906198575,1.0,0.0,0.0,0.0,10.915106645867503
-0.6887431116588852,-0.6275778288056809,0.6716553467805403,-1.0036792319674983,1.0,0.0,0.0,0.0,11.696920620516192
-1.0166687007918631,-0.6225892660399259,0.6622954367019402,-1.0832116832035494,1.0,0.0,0.0,0.0,11.853681370708943
-1.0945693393079774,-0.5178294479591287,0.6529355266233434,0.42790489028142553,1.0,0.0,0.0,0.0,11.119897691565697
-0.4965812276631246,-0.5627265128509019,0.6342157064661466,0.2688399878093229,1.0,0.0,0.0,0.0,11.37940550085183
-1.1287326146276702,-0.5377836990221414,0.6295357514268448,-0.20835471960698504,1.0,0.0,0.0,0.0,10.809748150372926
-0.9504871643762256,-0.5278065734906314,0.6295357514268448,-0.6855494270232929,1.0,0.0,0.0,0.0,11.023551435004947
-0.835441157595208,-0.5327951362563864,0.6342157064661466,-0.446952073315139,1.0,0.0,0.0,0.0,11.234546649377918
-0.9956370979151151,-0.5228180107248837,0.6342157064661466,0.2688399878093229,1.0,0.0,0.0,0.0,11.147656555612986
-1.1591290357007815,-0.5477608245536442,0.8120539979595185,-0.8446143294953956,1.0,0.0,0.0,0.0,11.37940550085183
-0.9065928489195297,-0.7922004000755092,2.8759141702905193,1.064164500169836,1.0,0.0,0.0,0.0,10.691967639914864
-0.74519360793752,-0.802177525607019,2.655956283443452,-0.5264845245511903,1.0,0.0,0.0,0.0,10.959557617938563
-0.8601872972984463,-0.6475320798686935,2.763595249347335,-0.6060169757872417,1.0,0.0,0.0,0.0,10.451637862362272
-0.7161574397867857,-0.4679438203016075,2.674676103600649,-1.0036792319674983,1.0,0.0,0.0,0.0,11.143324481431074
-0.9697399749698656,-0.4529781320043498,2.894633990447716,-0.6855494270232929,1.0,0.0,0.0,0.0,10.768506042432708
-0.9343733989880703,-0.25343562137425096,2.8805941253298175,0.42790489028142553,1.0,0.0,0.0,0.0,10.934908916663861
-0.6644678287364696,-0.2733898724372637,2.698075878797144,0.3483724390453742,1.0,0.0,0.0,0.0,10.87049040995193
-0.939657458417303,-0.48789807136461316,2.79635493462243,-0.5264845245511903,1.0,0.0,0.0,0.0,10.776891660007811
-0.7985050590106701,0.01594676797637459,1.345568872439641,-1.1627441344396008,1.0,0.0,0.0,0.0,11.468984026707245
-0.4841296816813683,0.13567227435443668,1.2285699964571581,-0.7650818782593443,1.0,0.0,0.0,0.0,11.650955473631058
-0.1723178579365455,0.29530628285851007,1.1209310305532751,-1.0832116832035494,1.0,0.0,0.0,0.0,11.320565693461432
-0.18147340645254284,0.25040921796674387,1.013292064649389,-1.3218090369117035,1.0,0.0,0.0,0.0,11.9873007744816
-0.5810738611107569,0.2454206552009889,1.0039321545707922,-0.9241467807314468,1.0,0.0,0.0,0.0,11.775297421715827
-0.7985050590106701,0.5597001094433878,0.9664925142563985,-1.0832116832035494,1.0,0.0,0.0,0.0,11.588042213851855
-0.07573990044779667,0.41503178923657214,0.9103330537848046,-0.6855494270232929,1.0,0.0,0.0,0.0,11.978550773342342
0.1893001497353027,0.30528340839001994,0.9384127840206016,-1.4013414881477548,1.0,0.0,0.0,0.0,12.399585512019348
-0.33125818017425873,0.27535203179550444,0.9384127840206016,-1.1627441344396008,1.0,0.0,0.0,0.0,12.307730815958307
0.3459385054889936,0.29530628285851007,0.9430927390599,-0.8446143294953956,1.0,0.0,0.0,0.0,12.04238244212355
0.5931383154209211,0.2903177200927622,0.9430927390599,-0.6855494270232929,1.0,0.0,0.0,0.0,12.18332077348399
-0.43228311837077776,0.29530628285851007,0.9384127840206016,-0.9241467807314468,1.0,0.0,0.0,0.0,12.148978347281835
-0.42260439565386637,0.300294845624265,0.9384127840206016,-1.2422765856756521,1.0,0.0,0.0,0.0,11.998439434579149
-0.14233997622416567,0.300294845624265,0.9384127840206016,-1.1627441344396008,1.0,0.0,0.0,0.0,11.83138646878959
-0.30583191400983195,0.2903177200927622,0.9337328289813032,-1.4808739393838062,1.0,0.0,0.0,0.0,12.35363452394233
0.15586931829688952,-1.0316514128316263,0.5078569204050636,-0.9241467807314468,0.0,0.0,0.0,0.0,11.982310152711182
0.24527978923311497,-1.0216742873001234,0.5031769653657652,-0.3674196220790877,0.0,0.0,0.0,0.0,12.088420226343088
0.6074732885259683,-1.0216742873001234,0.5172168304836636,0.10977508533722025,0.0,0.0,0.0,0.0,12.016128107502665
0.15236405115076512,-1.0316514128316263,0.49849701032646676,0.2688399878093229,0.0,0.0,0.0,0.0,11.86710429621008
-0.4151753220008856,-1.0366399755973812,0.49849701032646676,0.03024263410116893,0.0,0.0,0.0,0.0,11.905649752427557
-0.30520410496873507,-1.0416285383631292,0.5031769653657652,-0.12882226837093372,0.0,0.0,0.0,0.0,11.967187086434018
-0.5961935955171753,-1.0366399755973812,0.4938170552871651,-0.6060169757872417,0.0,0.0,0.0,0.0,11.984808576881369
-0.8004408035540526,-1.0316514128316263,0.48913710024786666,-1.0036792319674983,0.0,0.0,0.0,0.0,11.958258512632908
-0.8892234654491806,-1.0266628500658714,0.48913710024786666,-0.3674196220790877,0.0,0.0,0.0,0.0,11.59451466851004
-0.5347206269097647,-1.0166857245343686,0.48913710024786666,0.6665022439895795,0.0,0.0,0.0,0.0,11.756663486852712
-0.7260977496041543,-1.0216742873001234,0.48913710024786666,1.1436969514058875,0.0,0.0,0.0,0.0,11.779136168550774
-0.9688505788283116,-1.0166857245343686,0.4938170552871651,-0.7650818782593443,0.0,0.0,0.0,0.0,11.682676678340282
-0.7083098267730736,-1.0166857245343686,0.48445714520856825,0.8255671464616822,0.0,0.0,0.0,0.0,11.688566422839942
-0.7028164976634753,-1.0216742873001234,0.48445714520856825,0.18930753657327157,0.0,0.0,0.0,0.0,11.814517839013352
-0.7062694473895087,-1.0266628500658714,0.48445714520856825,0.42790489028142553,0.0,0.0,0.0,0.0,11.778369597156942
-0.448135296658476,-1.0316514128316263,0.48445714520856825,-0.04928981713488239,0.0,0.0,0.0,0.0,11.83138646878959
-1.187171172869779,-1.0266628500658714,0.47509723512996815,1.2232294026419388,0.0,0.0,0.0,0.0,11.630717389475995
0.7074518783206593,-1.0316514128316263,0.47977719016926657,-0.3674196220790877,0.0,0.0,0.0,0.0,12.42159120030458
-0.3352343041012062,-1.0366399755973812,0.47977719016926657,0.10977508533722025,0.0,0.0,0.0,0.0,12.274670105518968
-0.18178731097309128,-1.0366399755973812,0.47977719016926657,1.064164500169836,0.0,0.0,0.0,0.0,12.30592250537653
-0.514735372434845,-1.0366399755973812,0.48445714520856825,1.8594890125303492,0.0,0.0,0.0,0.0,12.041203898548972
-1.0137912426868356,-1.0366399755973812,0.48445714520856825,-0.04928981713488239,0.0,0.0,0.0,0.0,11.72157244693173
-1.50928952837261,-1.0416285383631292,0.48913710024786666,-1.4808739393838062,0.0,0.0,0.0,0.0,11.901590234400047
-0.3831570609049407,-1.0416285383631292,0.48445714520856825,0.9050995976977334,0.0,0.0,0.0,0.0,12.166817131771358
-0.40240987149858076,-1.0416285383631292,0.48445714520856825,0.9050995976977334,0.0,0.0,0.0,0.0,12.1709686470671
-0.0987595652880185,-1.046617101128884,0.47977719016926657,-0.7650818782593443,0.0,0.0,0.0,0.0,12.153204427390497
0.023872467406254025,-1.046617101128884,0.48445714520856825,-0.3674196220790877,0.0,0.0,0.0,0.0,12.312686874960354
0.5879065734117799,-1.051605663894639,0.48445714520856825,-0.20835471960698504,0.0,0.0,0.0,0.0,12.217511966297351
-0.5479569341928923,-1.046617101128884,0.48913710024786666,0.7460346952256308,0.0,0.0,0.0,0.0,12.033509321931893
-0.044506400653223054,-1.0416285383631292,0.4938170552871651,-1.7990037443280114,0.0,0.0,0.0,0.0,12.03706802344148
-0.5986001968413803,-1.106479854317915,0.5686963359159558,-0.04928981713488239,0.0,0.0,0.0,1.0,11.918397239722838
-0.27679574585909766,-1.0965027287864053,0.5780562459945526,0.6665022439895795,0.0,0.0,0.0,1.0,12.590657946392092
-0.7098270319557248,-1.0765484777233996,0.5920961111124511,-0.446952073315139,0.0,0.0,0.0,0.0,11.827013315851762
0.38517657055755355,-1.0665713521918896,0.5920961111124511,-1.0036792319674983,0.0,0.0,0.0,0.0,12.444305774364985
0.7306808128412464,-1.051605663894639,0.5920961111124511,-1.2422765856756521,0.0,0.0,0.0,0.0,12.685101053675606
-0.10828133574465582,-1.0915141660206573,0.5593364258373558,-0.04928981713488239,0.0,0.0,0.0,0.0,12.259618151783465
0.2881800737080737,-1.0765484777233996,0.5733762909552542,-0.04928981713488239,0.0,0.0,0.0,0.0,12.076538965678628
-0.05214474398656924,-1.0665713521918896,0.5827362010338544,-0.7650818782593443,0.0,0.0,0.0,0.0,12.083910661257521
0.541187117270148,-1.0615827894261418,0.5640163808766575,-0.7650818782593443,0.0,0.0,0.0,0.0,12.354065835437861
0.3674932825666562,-1.0366399755973812,0.5686963359159558,-0.6855494270232929,0.0,0.0,0.0,0.0,12.40942564947524
-0.2816089485075076,-1.056594226660387,0.5452965607194573,-0.7650818782593443,0.0,0.0,0.0,0.0,12.129736808912964
0.2642710127262978,-1.0815370404891473,0.5406166056801589,-1.0036792319674983,0.0,0.0,0.0,0.0,12.410241306879119
0.340549811219578,-1.056594226660387,0.5499765157587589,-0.8446143294953956,0.0,0.0,0.0,0.0,12.30592250537653
0.5927197760601898,-1.0416285383631292,0.5546564707980574,-0.9241467807314468,0.0,0.0,0.0,0.0,12.382967001677175
0.15346271697268454,-1.0316514128316263,0.5546564707980574,-0.8446143294953956,0.0,0.0,0.0,0.0,12.312686874960354
-0.017719881566419425,-1.0915141660206573,0.521896785522962,-0.6060169757872417,0.0,0.0,0.0,0.0,11.955692780409043
-0.44028768364476395,-1.0615827894261418,0.5312566956015621,-0.6060169757872417,0.0,0.0,0.0,0.0,12.333590367227897
-0.804573879741274,-1.0915141660206573,0.5312566956015621,-0.12882226837093372,0.0,0.0,0.0,0.0,11.703554089007538
-0.3047855656080038,-1.0865256032549024,0.5312566956015621,-0.28788717084303633,0.0,0.0,0.0,0.0,11.815257205114566
-0.5790857991472831,-1.0865256032549024,0.5265767405622604,0.2688399878093229,0.0,0.0,0.0,0.0,11.793590475326612
0.15346271697268454,-1.0316514128316263,0.5172168304836636,0.10977508533722025,0.0,0.0,0.0,0.0,12.07254696717504
0.3688012180689413,-1.0316514128316263,0.5452965607194573,-0.8446143294953956,0.0,0.0,0.0,0.0,12.449806748940393
0.7031618498731631,-1.0116971617686137,0.5499765157587589,-0.8446143294953956,0.0,0.0,0.0,0.0,12.565497305532237
0.48164989320611956,-1.0366399755973812,0.5312566956015621,-1.0832116832035494,0.0,0.0,0.0,0.0,12.334909912967877
-0.3196960303340564,-1.051605663894639,0.5078569204050636,-1.3218090369117035,0.0,0.0,0.0,0.0,11.93689170019576
-0.2776328245805602,-1.0615827894261418,0.48445714520856825,0.6665022439895795,0.0,0.0,0.0,0.0,12.439566447718878
-0.12957452572186084,-1.0216742873001234,0.4657373250513714,1.8594890125303492,0.0,0.0,0.0,0.0,12.016732516077072
-0.183775372936565,-0.9817657851741052,0.49849701032646676,-1.3218090369117035,0.0,0.0,0.0,0.0,12.214541681788218
-0.668443952663417,-1.0216742873001234,0.4938170552871651,-1.4013414881477548,0.0,0.0,0.0,0.0,11.818209214992565
-0.8420854699468172,-1.0216742873001234,0.4938170552871651,-1.3218090369117035,0.0,0.0,0.0,0.0,11.196857635323791
1.1284501577962611,-1.056594226660387,0.4610573700120697,-0.7650818782593443,0.0,0.0,0.0,0.0,12.408609326231229
0.596381995466589,-1.0615827894261418,0.45169745993347293,-0.7650818782593443,0.0,0.0,0.0,0.0,12.553559003414486
1.1922250928876938,-1.046617101128884,0.44233754985487284,-1.4013414881477548,0.0,0.0,0.0,0.0,12.583827342069748
0.6814501205352266,-1.0067085990028657,0.4282976847369743,0.42790489028142553,0.0,0.0,0.0,0.0,12.506180941677357
1.9609772637109195,-1.0615827894261418,0.4282976847369743,-0.6060169757872417,0.0,0.0,0.0,0.0,12.726653531619753
2.205665837478459,-1.056594226660387,0.41425781961907915,-1.0832116832035494,0.0,0.0,0.0,0.0,12.874160958936733
-0.7786767567960244,-0.926891594750829,0.40489790954047905,-1.1627441344396008,0.0,0.0,0.0,0.0,11.773757787382696
-0.3423494732336383,-0.9318801575165769,0.40957786457977746,0.18930753657327157,0.0,0.0,0.0,0.0,11.650084021475273
-1.0993302245362961,-0.9368687202823318,0.40957786457977746,0.03024263410116893,0.0,0.0,0.0,0.0,11.630717389475995
-0.5225306680284655,-0.9219030319850741,0.4376575948155744,-1.2422765856756521,0.0,0.0,0.0,0.0,11.806348526363516
-0.9961602721160293,-0.9518344085795896,0.4002179545011807,-0.04928981713488239,0.0,0.0,0.0,0.0,12.258195345865499
0.28493639366240575,-1.0815370404891473,0.4002179545011807,0.3483724390453742,0.0,0.0,0.0,0.0,12.523074413969974
0.1955259227261808,-1.0815370404891473,0.3908580444225806,-0.04928981713488239,0.0,0.0,0.0,0.0,12.539329002463175
-0.19481434857585325,-1.0615827894261418,0.39553799946187895,-0.7650818782593443,0.0,0.0,0.0,0.0,12.5721071517933
0.4775691344389896,-1.0216742873001234,0.37213822426538373,-0.6855494270232929,0.0,0.0,0.0,0.0,12.348444223321136
1.1983462310383892,-1.0416285383631292,0.34405849402958677,-1.5604063906198575,0.0,0.0,0.0,0.0,12.913618170638928
-0.6348038515446381,-0.8670288415617979,0.3674582692260853,-0.6060169757872417,0.0,0.0,0.0,0.0,11.539577132967588
-0.4355791158365368,-0.8720174043275458,0.3674582692260853,-0.6855494270232929,0.0,0.0,0.0,0.0,11.246365410473757
-0.6073895234167377,-0.8720174043275458,0.37213822426538373,-0.5264845245511903,0.0,0.0,0.0,0.0,11.646590598651017
-0.6546321537592839,-0.8770059670933008,0.37213822426538373,0.9050995976977334,0.0,0.0,0.0,0.0,11.600029337681997
-0.43003346930684694,-0.8271203394357797,0.3253386738723899,-0.446952073315139,0.0,0.0,0.0,0.0,11.433893080082035
-0.5011328432110774,-0.8370974649672824,0.3206587188330915,-1.3218090369117035,0.0,0.0,0.0,0.0,11.51792295668052
-0.39450994106477744,-0.8321089022015276,0.3253386738723899,-1.2422765856756521,0.0,0.0,0.0,0.0,11.74006900564972
-0.6338098205629014,-0.8321089022015276,0.3300186289116916,0.3483724390453742,0.0,0.0,0.0,0.0,12.011279642540796
-0.923700645289422,-0.7722461490125035,0.26917921340079926,-1.0036792319674983,0.0,0.0,0.0,0.0,11.241129864948206
-0.3575215250601483,-0.7772347117782514,0.26917921340079926,-0.12882226837093372,0.0,0.0,0.0,0.0,11.834291315386718
-1.1098983433947616,-0.7772347117782514,0.26917921340079926,0.10977508533722025,0.0,0.0,0.0,0.0,11.470028402317833
-0.20621954615578125,-0.7772347117782514,0.26917921340079926,0.42790489028142553,0.0,0.0,0.0,0.0,11.641327474774709
-0.48151381067679744,-0.7772347117782514,0.2644992583615009,-1.0036792319674983,0.0,0.0,0.0,0.0,12.002737848944351
-0.6258052552889152,-0.7223605213549753,0.28321907851869776,-1.3218090369117035,0.0,0.0,0.0,0.0,11.51293546492023
0.04626432320537897,-0.8121546511385219,0.2364195281257039,-1.3218090369117035,0.0,0.0,0.0,0.0,11.813037464800539
-0.43092286544840097,-0.9069373436878163,0.24577943820430068,-0.04928981713488239,0.0,0.0,0.0,1.0,11.897514169490739
-0.16823709916941526,-0.8720174043275458,0.14750038237901794,0.18930753657327157,0.0,0.0,0.0,1.0,12.206077645517674
-0.2636117559960616,-0.7123833958234725,0.14282042733971623,-1.0036792319674983,0.0,0.0,0.0,0.0,11.649211809228195
-0.7262547018644284,-0.6076235777426753,0.19897988781131018,0.03024263410116893,0.0,0.0,0.0,0.0,11.37940550085183
0.7576766016084154,-0.4679438203016075,0.12878056222181775,0.8255671464616822,1.0,0.0,0.0,0.0,12.429220196836383
-0.0878775419090046,-1.166342607506939,0.3674582692260853,-1.1627441344396008,0.0,0.0,0.0,1.0,12.25486757159303
-0.6627936712935443,-1.1314226681466757,0.2878990335579961,-0.6855494270232929,0.0,0.0,0.0,1.0,12.80078251189375
-0.33418795569937804,-1.0216742873001234,0.2364195281257039,-0.28788717084303633,0.0,0.0,0.0,1.0,13.017005083966255
0.6666966080694481,-1.1463883564439334,0.4282976847369743,-0.6855494270232929,0.0,0.0,0.0,1.0,12.86747370841737
0.8740305438917186,-1.1214455426151657,0.42361772969767597,-0.5264845245511903,0.0,0.0,0.0,0.0,12.844766280206098
1.3849101510843684,-1.1314226681466757,0.41425781961907915,-0.8446143294953956,0.0,0.0,0.0,1.0,12.786613679689001
1.0138750077960659,-1.1513769192096812,0.4002179545011807,-0.04928981713488239,0.0,0.0,0.0,1.0,13.122367377396328
0.05385034911863386,-1.171331170272694,0.42361772969767597,0.3483724390453742,0.0,0.0,0.0,1.0,13.056225711649638
0.8580737307638376,-1.171331170272694,0.43297763977627607,0.9050995976977334,0.0,0.0,0.0,1.0,12.818825598307294
-0.24666091188644373,-1.181308295804197,0.4282976847369743,0.10977508533722025,0.0,0.0,0.0,1.0,13.096226772759064
-0.6133537093071588,-1.171331170272694,0.43297763977627607,0.8255671464616822,0.0,0.0,0.0,1.0,12.804911893867851
-0.04764544585870774,-1.171331170272694,0.4282976847369743,0.6665022439895795,0.0,0.0,0.0,1.0,13.051513783274212
-0.144537307868005,-1.171331170272694,0.4282976847369743,1.2232294026419388,0.0,0.0,0.0,1.0,13.023208014349237
-0.31456892316509805,-1.171331170272694,0.4282976847369743,1.8594890125303492,0.0,0.0,0.0,1.0,13.122367377396328
1.3117180803764814,-1.1862968585699518,0.4563774149727713,0.18930753657327157,0.0,0.0,0.0,1.0,12.918534589301927
0.6203956912885474,-1.176319733038449,0.4470175048941745,-0.28788717084303633,0.0,0.0,0.0,1.0,12.864889734328388
1.6969312445095568,-1.1862968585699518,0.45169745993347293,0.2688399878093229,0.0,0.0,0.0,1.0,13.060277313201007
1.0328662312892494,-1.1862968585699518,0.4470175048941745,-0.5264845245511903,0.0,0.0,0.0,1.0,12.941083677688756
1.5175871284361926,-1.181308295804197,0.44233754985487284,-0.446952073315139,0.0,0.0,0.0,1.0,13.122365377402328
5.5116559304749515,-1.181308295804197,0.4376575948155744,-0.04928981713488239,0.0,0.0,0.0,1.0,13.122367377396328
0.07278925519172522,-1.176319733038449,0.45169745993347293,0.3483724390453742,0.0,0.0,0.0,1.0,12.32696639345598
-0.0791405327537385,-1.176319733038449,0.4610573700120697,0.42790489028142553,0.0,0.0,0.0,1.0,12.535379989788607
-0.3873424545122538,-1.171331170272694,0.4563774149727713,-0.12882226837093372,0.0,0.0,0.0,1.0,12.498745990829315
0.08110772498626004,-1.176319733038449,0.4610573700120697,0.8255671464616822,0.0,0.0,0.0,1.0,12.444305774364985
0.23638582781757453,-1.171331170272694,0.4610573700120697,1.8594890125303492,0.0,0.0,0.0,1.0,12.373707715234994
-0.060096991840464103,-1.171331170272694,0.4610573700120697,1.8594890125303492,0.0,0.0,0.0,1.0,12.39545670404338
-0.4386135262018387,-1.171331170272694,0.4610573700120697,1.4618267563500926,0.0,0.0,0.0,1.0,12.426416280735053
-0.6304091882569595,-1.171331170272694,0.4610573700120697,1.8594890125303492,0.0,0.0,0.0,1.0,12.365641477767022
-0.6873305413164171,-1.171331170272694,0.4610573700120697,1.8594890125303492,0.0,0.0,0.0,1.0,12.36904572188765
-0.2320643516809393,-1.171331170272694,0.4610573700120697,1.8594890125303492,0.0,0.0,0.0,1.0,12.447060044238079
-0.7331082838964036,-1.166342607506939,0.4610573700120697,0.9050995976977334,0.0,0.0,0.0,0.0,12.461880850543723
-0.2840678672518041,-1.166342607506939,0.4610573700120697,0.10977508533722025,0.0,0.0,0.0,0.0,12.420784751899777
1.0679189027504963,-1.0665713521918896,0.5359366506408605,-0.7650818782593443,0.0,0.0,0.0,0.0,12.38923135181669
-0.7062694473895087,-1.171331170272694,0.4610573700120697,1.8594890125303492,0.0,0.0,0.0,1.0,12.565148205682643
-0.15160015958034584,-1.166342607506939,0.4610573700120697,1.8594890125303492,0.0,0.0,0.0,0.0,12.577639650232573
-0.06846777905509022,-1.166342607506939,0.4610573700120697,1.8594890125303492,0.0,0.0,0.0,0.0,12.40410759774362
-0.8887002912482665,-1.166342607506939,0.4657373250513714,1.064164500169836,0.0,0.0,0.0,0.0,12.539687231525832
-0.18916406720598056,-1.176319733038449,0.4657373250513714,-0.04928981713488239,0.0,0.0,0.0,1.0,12.656832928552909
-0.19983682090462884,-1.171331170272694,0.4657373250513714,0.9050995976977334,0.0,0.0,0.0,0.0,12.647872897281076
0.2515578796440843,-1.176319733038449,0.4657373250513714,0.9846320489337848,0.0,0.0,0.0,1.0,12.568981617474362
-0.24043513889556542,-1.171331170272694,0.4657373250513714,0.5869697927535281,0.0,0.0,0.0,0.0,12.734053277091983
-0.438404256521473,-1.1563654819754363,0.4657373250513714,-0.6855494270232929,0.0,0.0,0.0,0.0,12.289038768166744
-0.4945931656996509,-1.1613540447411912,0.4563774149727713,0.03024263410116893,0.0,0.0,0.0,1.0,12.288117962028046
-0.30400080430663257,-1.166342607506939,0.4563774149727713,0.10977508533722025,0.0,0.0,0.0,1.0,12.365641477767022
0.2216846327718873,-1.171331170272694,0.4563774149727713,-0.12882226837093372,0.0,0.0,0.0,1.0,12.330063042262541
-0.7376598994443566,-1.1613540447411912,0.45169745993347293,0.8255671464616822,0.0,0.0,0.0,1.0,12.373707715234994
-0.5250419041928533,-1.1613540447411912,0.45169745993347293,0.3483724390453742,0.0,0.0,0.0,1.0,12.323860125621126
-0.42574344085935106,-1.1613540447411912,0.45169745993347293,1.30276185387799,0.0,0.0,0.0,1.0,12.469593932696368
0.3881586635027641,-1.1613540447411912,0.4470175048941745,1.064164500169836,0.0,0.0,0.0,1.0,12.614868865984631
-0.3550102888957603,-1.1613540447411912,0.44233754985487284,0.18930753657327157,0.0,0.0,0.0,1.0,12.575222947577679
0.4290708860142492,-1.166342607506939,0.4470175048941745,0.18930753657327157,0.0,0.0,0.0,1.0,12.582112375828691
0.8766464148962892,-1.166342607506939,0.45169745993347293,0.5074373415174769,0.0,0.0,0.0,1.0,12.70533466782146
1.232614141198265,-1.166342607506939,0.4470175048941745,-0.9241467807314468,0.0,0.0,0.0,1.0,12.734053277091983
-0.567419014466898,-1.1563654819754363,0.45169745993347293,0.9050995976977334,0.0,0.0,0.0,0.0,12.323860125621126
-1.365835162481955,-1.1563654819754363,0.45169745993347293,-0.7650818782593443,0.0,0.0,0.0,0.0,13.122365377402328
-0.7114488719785586,-1.1513769192096812,0.45169745993347293,0.10977508533722025,0.0,0.0,0.0,0.0,12.090106084085123
-0.6209397352204137,-1.1513769192096812,0.4470175048941745,0.10977508533722025,0.0,0.0,0.0,0.0,12.097936057925594
-0.38708086741179665,-1.1563654819754363,0.4470175048941745,-0.8446143294953956,0.0,0.0,0.0,1.0,11.918397239722838
1.5913546907650853,-1.1563654819754363,0.4470175048941745,0.2688399878093229,0.0,0.0,0.0,1.0,13.122367377396328
0.0873334979771381,-1.1513769192096812,0.44233754985487284,0.03024263410116893,0.0,0.0,0.0,1.0,13.017005083966255
0.9843679828645089,-1.1413997936781786,0.44233754985487284,-0.6855494270232929,0.0,0.0,0.0,0.0,12.759098194034383
1.61411276850485,-1.116456979849418,0.4376575948155744,-1.2422765856756521,0.0,0.0,0.0,0.0,13.122367377396328
0.17506981147043804,-1.1463883564439334,0.4563774149727713,-0.6060169757872417,0.0,0.0,0.0,0.0,12.538253544662647
-0.43856120878174737,-1.1413997936781786,0.45169745993347293,0.18930753657327157,0.0,0.0,0.0,0.0,12.182297237179363
-0.5063122678001274,-1.1413997936781786,0.45169745993347293,-0.6060169757872417,0.0,0.0,0.0,0.0,11.959538914341756
-0.1671384333474956,-1.1413997936781786,0.45169745993347293,0.3483724390453742,0.0,0.0,0.0,0.0,12.161080509711283
-0.7005668485995447,-1.1364112309124235,0.45169745993347293,-0.6060169757872417,0.0,0.0,0.0,0.0,12.292254928916668
-0.2933280506079843,-1.1364112309124235,0.4470175048941745,1.064164500169836,0.0,0.0,0.0,0.0,12.135118924261802
0.23575801877647765,-1.1314226681466757,0.4470175048941745,0.42790489028142553,0.0,0.0,0.0,0.0,12.307279044781756
-0.4300857867269384,-1.1264341053809208,0.4563774149727713,-0.12882226837093372,0.0,0.0,0.0,0.0,11.864293351358109
0.2463784550550344,-1.1264341053809208,0.45169745993347293,0.10977508533722025,0.0,0.0,0.0,0.0,12.128116509451258
-0.2155320469320527,-1.1314226681466757,0.45169745993347293,0.10977508533722025,0.0,0.0,0.0,0.0,12.164213655182222
-0.8766149672071502,-1.1314226681466757,0.4563774149727713,-0.6060169757872417,0.0,0.0,0.0,0.0,11.633380483255026
-1.047012804444883,-1.1314226681466757,0.4563774149727713,-1.0832116832035494,0.0,0.0,0.0,0.0,11.714240498256716
-0.03911770638380751,-1.1214455426151657,0.4563774149727713,-0.3674196220790877,0.0,0.0,0.0,0.0,12.038251448529742
-0.3252939942838376,-1.1264341053809208,0.4563774149727713,-0.12882226837093372,0.0,0.0,0.0,0.0,11.784485777414298
-0.19685472795941827,-1.1264341053809208,0.4610573700120697,0.3483724390453742,0.0,0.0,0.0,0.0,11.997823864326225
-0.5783533552660034,-1.1264341053809208,0.4610573700120697,0.3483724390453742,0.0,0.0,0.0,0.0,11.994122464057146
-0.7271440980059825,-1.1364112309124235,0.45169745993347293,0.9846320489337848,0.0,0.0,0.0,0.0,11.852257893055606
-0.7036535763849381,-1.1413997936781786,0.4657373250513714,0.6665022439895795,0.0,0.0,0.0,0.0,11.592669666556795
-0.8639018341249366,-1.1314226681466757,0.4610573700120697,-0.20835471960698504,0.0,0.0,0.0,0.0,11.918397239722838
-0.8201121535084238,-1.106479854317915,0.4704172800906698,-1.4013414881477548,0.0,0.0,0.0,0.0,11.685205103383671
-0.4584418284164843,-1.111468417083663,0.48913710024786666,-0.8446143294953956,0.0,0.0,0.0,0.0,11.996591585872558
-0.4266328370009051,-1.106479854317915,0.48913710024786666,-0.5264845245511903,0.0,0.0,0.0,0.0,12.033509321931893
0.8237535031838706,-1.111468417083663,0.5078569204050636,-1.1627441344396008,0.0,0.0,0.0,0.0,12.154784614286667
-0.19057663754844867,-1.0965027287864053,0.5031769653657652,-0.8446143294953956,0.0,0.0,0.0,0.0,12.071403463011007
-1.4997677579159727,-1.355907992605535,1.247289816614355,1.8594890125303492,0.0,0.0,1.0,0.0,11.998439434579149
-1.0712357699472073,-1.355907992605535,1.247289816614355,1.8594890125303492,0.0,0.0,1.0,0.0,11.897514169490739
-0.5830096056541393,-1.3608965553712828,1.247289816614355,-0.6060169757872417,0.0,0.0,1.0,0.0,11.948602883419843
-0.27313352645269867,-1.3608965553712828,1.247289816614355,1.8594890125303492,0.0,0.0,1.0,0.0,11.948602883419843
-1.1547343724131027,-1.355907992605535,1.247289816614355,1.8594890125303492,0.0,0.0,1.0,0.0,12.118884889350285
-0.8578330133943326,-1.3509194298397802,1.2426098615750565,-0.446952073315139,0.0,0.0,1.0,0.0,11.850832386224807
-0.7515240157685811,-1.355907992605535,1.2426098615750565,1.8594890125303492,0.0,0.0,1.0,0.0,12.002124919798158
-0.47711914738911876,-1.3608965553712828,1.2426098615750565,1.541359207586144,0.0,0.0,1.0,0.0,11.944714374881176
-0.640611085174785,-1.3608965553712828,1.2426098615750565,0.9050995976977334,0.0,0.0,1.0,0.0,11.958258512632908
1.4144694934360174,-1.3409423043082773,1.2426098615750565,-1.4808739393838062,0.0,0.0,1.0,0.0,12.292713537231938
-0.5416788437819228,-1.345930867074025,1.2426098615750565,0.5869697927535281,0.0,0.0,1.0,0.0,11.938199736300925
-0.974605495038367,-1.3509194298397802,1.247289816614355,-0.446952073315139,0.0,0.0,1.0,0.0,11.86710429621008
-0.988155706842043,-1.3509194298397802,1.2426098615750565,-0.7650818782593443,0.0,0.0,1.0,0.0,12.691583538230217
-0.3003909023203251,-1.345930867074025,1.2426098615750565,-0.6855494270232929,0.0,0.0,1.0,0.0,11.936237039973754
0.3263194729547138,-1.3409423043082773,1.237929906535758,-0.3674196220790877,0.0,0.0,1.0,0.0,11.972253562968545
-0.6353793431656438,-1.345930867074025,1.237929906535758,0.6665022439895795,0.0,0.0,1.0,0.0,11.821887014814502
0.7157703481151936,-1.3409423043082773,1.2519697716536566,0.3483724390453742,0.0,0.0,1.0,0.0,12.54646931434116
-0.9844411700155528,-1.345930867074025,1.256649726692955,0.18930753657327157,0.0,0.0,1.0,0.0,12.239512257194662
-0.5079341078229611,-1.345930867074025,1.2519697716536566,1.2232294026419388,0.0,0.0,1.0,0.0,11.952476330009466
-0.22076378894119414,-1.3509194298397802,1.256649726692955,-1.3218090369117035,0.0,0.0,1.0,0.0,12.178192583415596
-0.5804983694897512,-1.355907992605535,1.256649726692955,-0.446952073315139,0.0,0.0,1.0,0.0,11.939506063682469
-0.718197819170351,-1.3608965553712828,1.256649726692955,-0.6855494270232929,0.0,0.0,1.0,0.0,11.939506063682469
-0.22039756700055418,-1.3608965553712828,1.2519697716536566,0.42790489028142553,0.0,0.0,1.0,0.0,11.83138646878959
-0.5983909271610147,-1.355907992605535,1.2519697716536566,-0.28788717084303633,0.0,0.0,1.0,0.0,12.000897933306716
-1.1071778375500079,-1.3509194298397802,1.2519697716536566,1.8594890125303492,0.0,0.0,1.0,0.0,12.023957067521133
-0.839260329261881,-1.355907992605535,1.2519697716536566,1.30276185387799,0.0,0.0,1.0,0.0,11.847975261832087
-0.6496096814305082,-1.3608965553712828,1.247289816614355,1.2232294026419388,0.0,0.0,1.0,0.0,11.847975261832087
0.3416484770414979,-1.365885118137038,1.2660096367715552,-0.7650818782593443,0.0,0.0,1.0,0.0,12.256770512686108
-0.14233997622416567,-1.365885118137038,1.2613296817322535,-0.6060169757872417,0.0,0.0,1.0,0.0,12.118884889350285
0.16214740870785935,-1.3608965553712828,1.2613296817322535,-1.0832116832035494,0.0,0.0,1.0,0.0,12.120520203776788
0.07163827194971448,-1.365885118137038,1.2613296817322535,-0.20835471960698504,0.0,0.0,1.0,0.0,12.07083122020422
-0.0898656038724783,-1.365885118137038,1.256649726692955,0.3483724390453742,0.0,0.0,1.0,0.0,11.992266613576142
0.6337889508319492,-1.3708736809027857,1.2613296817322535,-0.9241467807314468,0.0,0.0,1.0,0.0,12.251528686253542
0.7457482298275736,-1.3758622436685406,1.2613296817322535,-1.0832116832035494,0.0,0.0,1.0,0.0,12.218993806618695
1.0065505689832686,-1.3708736809027857,1.256649726692955,-0.7650818782593443,0.0,0.0,1.0,0.0,12.382967001677175
-0.3093371811559566,-1.365885118137038,1.256649726692955,0.5074373415174769,0.0,0.0,1.0,0.0,11.835740580500783
0.5879065734117799,-1.3708736809027857,1.256649726692955,-0.20835471960698504,0.0,0.0,1.0,0.0,12.073689165230697
1.2132566957644417,-1.3758622436685406,1.2519697716536566,-1.1627441344396008,0.0,0.0,1.0,0.0,12.464201028227341
0.012414952406234516,-1.365885118137038,1.247289816614355,-0.28788717084303633,0.0,0.0,1.0,0.0,12.140472227446224
-0.14249692848444,-1.365885118137038,1.247289816614355,1.30276185387799,0.0,0.0,1.0,0.0,11.744045122410057
-0.7834899594444347,-1.3708736809027857,1.2426098615750565,-0.6060169757872417,0.0,0.0,1.0,0.0,12.088982494773598
0.7632222481381054,-1.3758622436685406,1.2426098615750565,-1.1627441344396008,0.0,0.0,1.0,0.0,12.505810504075185
-0.7342592671384148,-1.3608965553712828,1.2426098615750565,-0.6855494270232929,0.0,0.0,1.0,0.0,11.847259703415569
-0.4373055906995534,-1.3608965553712828,1.2426098615750565,-0.28788717084303633,0.0,0.0,1.0,0.0,11.864293351358109
-0.250375448712934,-1.3608965553712828,1.237929906535758,0.18930753657327157,0.0,0.0,1.0,0.0,11.974777207691876
0.25229032352536424,-1.365885118137038,1.2332499514964597,0.42790489028142553,0.0,0.0,1.0,0.0,12.177678315028167
-0.12418583145244531,-1.3608965553712828,1.2332499514964597,-1.958068646800114,0.0,0.0,1.0,0.0,11.776834689218662
-0.08238421279940623,-1.3608965553712828,1.2238900414178597,-0.8446143294953956,0.0,0.0,1.0,0.0,12.003962581340353
0.3190473515620076,-1.3159994904795096,1.237929906535758,0.5074373415174769,0.0,0.0,1.0,0.0,12.503584992123654
0.5443261624756325,-1.3309651787767673,1.2238900414178597,0.3483724390453742,0.0,0.0,1.0,0.0,12.141539457711714
1.9061486074551186,-1.3509194298397802,1.2098501762999612,1.064164500169836,0.0,0.0,1.0,0.0,12.524530013005734
0.45564813542068744,-1.355907992605535,1.1958103111820626,-1.2422765856756521,0.0,0.0,1.0,0.0,11.909020140718255
0.2193303488677736,-1.3359537415425222,1.186450401103466,0.42790489028142553,0.0,0.0,1.0,0.0,11.706030338921243
-1.0369678597873315,-1.3259766160110196,1.186450401103466,1.30276185387799,0.0,0.0,1.0,0.0,12.286273802188468
-0.49114021597361757,-1.3359537415425222,1.1817704460641643,-0.9241467807314468,0.0,0.0,1.0,0.0,11.577785809317154
0.08236334306845382,-1.3409423043082773,1.1817704460641643,-0.446952073315139,0.0,0.0,1.0,0.0,11.778369597156942
1.5296201350572174,-1.405793620263056,1.2800495018894502,0.3483724390453742,0.0,0.0,0.0,0.0,12.3917261452321
0.4963510882518068,-1.3958164947315534,1.2613296817322535,0.03024263410116893,0.0,0.0,1.0,0.0,12.181272652174695
0.9177155896680487,-1.3858393692000435,1.247289816614355,-0.8446143294953956,0.0,0.0,1.0,0.0,12.40123227382928
0.3917162480689803,-1.3758622436685406,1.2051702212606628,0.3483724390453742,0.0,0.0,1.0,0.0,12.339733404786474
-0.15599482286802452,-1.4107821830288112,1.2660096367715552,0.3483724390453742,0.0,0.0,0.0,0.0,12.398761113062513
0.36262776249815454,-1.3758622436685406,1.284729456928752,-0.04928981713488239,1.0,0.0,0.0,0.0,12.568981617474362
-0.6841914961109324,-1.4107821830288112,1.2987693220466472,-0.6855494270232929,1.0,0.0,0.0,0.0,12.497252344150006
0.8870575814944803,-1.3708736809027857,1.2706895918108534,-0.6855494270232929,1.0,0.0,0.0,0.0,12.129197000747673
-0.08871462063046712,-1.3908279319657983,1.2987693220466472,-0.8446143294953956,1.0,0.0,0.0,0.0,12.07254696717504
-0.8489390519787925,-1.3908279319657983,1.2940893670073488,-1.0036792319674983,1.0,0.0,0.0,0.0,12.212059687374296
1.124997208070228,-1.301033802182259,1.2706895918108534,-0.3674196220790877,1.0,0.0,0.0,0.0,12.286273802188468
0.8634101076131618,-1.3159994904795096,1.2987693220466472,-1.3218090369117035,1.0,0.0,0.0,0.0,12.710782606695746
0.47453472407368724,-1.355907992605535,1.2940893670073488,-0.04928981713488239,1.0,0.0,0.0,0.0,12.796912976577694
-0.12418583145244531,-1.3509194298397802,1.2660096367715552,1.2232294026419388,0.0,0.0,1.0,0.0,12.624786269856633
1.6306450732537365,-1.3409423043082773,1.2753695468501518,-0.28788717084303633,1.0,0.0,0.0,0.0,12.896217824589245
1.0142935471567978,-1.3409423043082773,1.2613296817322535,0.42790489028142553,0.0,0.0,1.0,0.0,12.734348131008748
0.8687464844624861,-1.3259766160110196,1.2613296817322535,0.18930753657327157,0.0,0.0,1.0,0.0,12.694348933246843
1.168054444805461,-1.3309651787767673,1.2519697716536566,0.7460346952256308,0.0,0.0,1.0,0.0,12.545401512381012
0.5225097982975133,-1.470644936217835,1.354928782518241,0.5074373415174769,1.0,0.0,0.0,0.0,12.726950575147725
0.3984651952607727,-1.4506906851548296,1.3315290073217425,0.03024263410116893,1.0,0.0,0.0,0.0,12.760535178224796
0.39694799007812154,-1.4107821830288112,1.3221690972431457,0.3483724390453742,1.0,0.0,0.0,0.0,12.423202148655593
-0.1703821133931631,-1.4457021223890745,1.345568872439641,-0.8446143294953956,1.0,0.0,0.0,0.0,12.141539457711714
-0.20187720028819384,-1.4457021223890745,1.345568872439641,-0.28788717084303633,1.0,0.0,0.0,0.0,12.190456343334482
-0.38980137325655007,-1.4506906851548296,1.345568872439641,1.6208916588221953,1.0,0.0,0.0,0.0,12.419573858556635
0.1690009907398343,-1.4457021223890745,1.3408889174003427,-0.446952073315139,1.0,0.0,0.0,0.0,12.276069679344003
-1.0108614671617164,-1.4357249968575718,1.345568872439641,-0.8446143294953956,1.0,0.0,0.0,0.0,12.124868013083418
-0.13836385229721823,-1.4107821830288112,1.354928782518241,-0.3674196220790877,1.0,0.0,0.0,0.0,12.422799654798252
-0.12209313464878878,-1.4307364340918167,1.373648602675438,-0.20835471960698504,1.0,0.0,0.0,0.0,11.981058595924264
-0.4093680883707388,-1.4357249968575718,1.3783285577147364,0.42790489028142553,1.0,0.0,0.0,0.0,12.151621739551222
0.7813763929098257,-1.4457021223890745,1.3876884677933365,-0.6855494270232929,1.0,0.0,0.0,0.0,12.622480990736848
0.17438968500924987,-1.4506906851548296,1.3596087375575394,0.6665022439895795,1.0,0.0,0.0,0.0,12.455277628272214
-0.11100184158940923,-1.4407135596233196,1.354928782518241,0.2688399878093229,1.0,0.0,0.0,0.0,12.527434870150573
-0.3766697008136055,-1.345930867074025,1.4251281081077303,-0.8446143294953956,1.0,0.0,0.0,0.0,11.496806245590331
-0.8780798549697095,-1.3409423043082773,1.373648602675438,-0.5264845245511903,1.0,0.0,0.0,0.0,11.93689170019576
0.27400205286330076,-1.345930867074025,1.354928782518241,-0.5264845245511903,1.0,0.0,0.0,0.0,11.86710429621008
-0.2809288220463192,-1.301033802182259,1.3362089623610443,-1.0832116832035494,1.0,0.0,0.0,0.0,11.897514169490739
-0.22097305862155978,-1.470644936217835,1.4204481530684319,0.5074373415174769,1.0,0.0,0.0,0.0,12.611541086966115
0.4047956030918338,-1.5055648755781055,1.3689686476361396,1.1436969514058875,0.0,0.0,0.0,0.0,12.409017571151187
-0.9855398358374724,-1.4955877500465957,1.3783285577147364,-0.8446143294953956,1.0,0.0,0.0,0.0,12.323860125621126
-0.18597270458040435,-1.5005763128123506,1.3830085127540381,0.3483724390453742,1.0,0.0,0.0,0.0,12.184854116317803
-0.7753807593302654,-1.5005763128123506,1.3783285577147364,0.2688399878093229,1.0,0.0,0.0,0.0,12.117793192144138
-0.06161419702311503,-1.5055648755781055,1.3783285577147364,-0.8446143294953956,0.0,0.0,0.0,0.0,12.131893132355916
-0.7343639019785976,-0.7473033351837359,1.6450859949547976,-1.0832116832035494,1.0,0.0,0.0,0.0,11.87340018062404
-0.5178744176403297,-0.7473033351837359,1.617006264719004,-0.9241467807314468,1.0,0.0,0.0,0.0,11.871305953640322
-0.6736233772524669,-0.7622690234809937,1.6123263096797023,-1.2422765856756521,1.0,0.0,0.0,0.0,11.88034943062464
-0.8214200890107091,-0.7672575862467486,1.617006264719004,-1.0036792319674983,1.0,0.0,0.0,0.0,11.840796531639839
-0.11508260035653949,-0.7722461490125035,1.5889265344832069,-0.9241467807314468,1.0,0.0,0.0,0.0,12.004574385508691
0.29362108539758053,-0.7373262096522331,1.6357260848762007,-1.4808739393838062,1.0,0.0,0.0,0.0,12.128656901032139
0.10527837306849283,-0.7273490841207303,1.6404060399154992,-1.4808739393838062,1.0,0.0,0.0,0.0,12.010671928196443
0.10909754473516639,-0.7473033351837359,1.6357260848762007,-1.6399388418559087,1.0,0.0,0.0,0.0,11.956976469393481
-0.12711560697756435,-0.7373262096522331,1.6263661747976008,-1.71947129309196,1.0,0.0,0.0,0.0,12.044735370544808
-0.2162121733932411,-0.7323376468864852,1.6123263096797023,-1.6399388418559087,1.0,0.0,0.0,0.0,12.214541681788218
-0.41758192332509053,-0.7123833958234725,1.617006264719004,-1.71947129309196,1.0,0.0,0.0,0.0,11.998439434579149
0.17098905270330803,-0.7522918979494908,1.5842465794439087,-1.2422765856756521,1.0,0.0,0.0,0.0,12.252961002410009
-0.1399856923200522,-0.7473033351837359,1.5982864445618037,-1.4808739393838062,1.0,0.0,0.0,0.0,12.112316757188815
0.32851680459855315,-0.7473033351837359,1.5936064895225053,-1.5604063906198575,1.0,0.0,0.0,0.0,12.237576157539047
0.022093675123145938,-0.7273490841207303,1.5982864445618037,-1.3218090369117035,1.0,0.0,0.0,0.0,12.181785075898826
0.21132578359378745,-0.742314772417988,1.5936064895225053,-1.1627441344396008,1.0,0.0,0.0,0.0,12.179733803647622
-0.018086103507059394,-0.742314772417988,1.5889265344832069,-1.4013414881477548,1.0,0.0,0.0,0.0,12.139938184891703
-0.4163786226629881,-0.8221317766700247,1.6263661747976008,-1.1627441344396008,1.0,0.0,0.0,0.0,11.962732764429129
0.012414952406234516,-0.8071660883727669,1.5982864445618037,-1.1627441344396008,1.0,0.0,0.0,0.0,12.102937429832547
0.6082580498273396,-0.7822232745440063,1.6216862197583024,-1.2422765856756521,1.0,0.0,0.0,0.0,12.052344376474922
-0.4348989893753484,-0.7722461490125035,1.668485770151296,-1.5604063906198575,1.0,0.0,0.0,0.0,12.045909761904733
0.0821540733880882,-0.7622690234809937,1.6450859949547976,-1.4808739393838062,1.0,0.0,0.0,0.0,11.992266613576142
-0.06993266681764987,-0.7522918979494908,1.6591258600726961,-0.7650818782593443,1.0,0.0,0.0,0.0,11.999669439469741
-0.14778098791367275,-0.802177525607019,1.6965655003870899,-1.1627441344396008,1.0,0.0,0.0,0.0,11.8515453936489
0.25548168615094047,-0.802177525607019,1.6918855453477915,-1.5604063906198575,1.0,0.0,0.0,0.0,12.132969552931216
0.2490466434796963,-0.8121546511385219,1.6918855453477915,-1.8785361955640627,1.0,0.0,0.0,0.0,12.145265819615581
-0.08568021026516524,-0.802177525607019,1.6825256352691913,-1.6399388418559087,1.0,0.0,0.0,0.0,12.07254696717504
0.2584114616760593,-0.8171432139042697,1.687205590308493,-1.71947129309196,1.0,0.0,0.0,0.0,12.32873708107804
-0.7363519639420714,-0.802177525607019,1.6638058151119945,-1.0036792319674983,1.0,0.0,0.0,0.0,11.840796531639839
-0.4039270766812317,-0.7922004000755092,1.6591258600726961,-1.1627441344396008,1.0,0.0,0.0,0.0,11.931642378754141
-0.9162192542163499,-0.8370974649672824,1.6544459050333977,-1.5604063906198575,1.0,0.0,0.0,0.0,11.930325731537252
-0.4747648634850053,-0.8121546511385219,1.668485770151296,-1.0036792319674983,1.0,0.0,0.0,0.0,11.762134344805622
-0.5577402917499865,-0.7872118373097613,1.6825256352691913,-1.2422765856756521,1.0,0.0,0.0,0.0,11.88034943062464
-0.829006114923964,-0.8321089022015276,1.6778456802298929,-1.1627441344396008,1.0,0.0,0.0,0.0,11.88518533064729
-0.2699421638271225,-0.8271203394357797,1.7012454554263916,-1.4013414881477548,1.0,0.0,0.0,0.0,11.998439434579149
-0.9875802152210376,-0.7473033351837359,1.6825256352691913,0.8255671464616822,1.0,0.0,0.0,0.0,11.642206587981981
-0.8181240915449501,-0.7323376468864852,1.687205590308493,1.541359207586144,1.0,0.0,0.0,0.0,11.741661349996177
-1.2268277772990699,-0.7373262096522331,1.6825256352691913,-0.6855494270232929,1.0,0.0,0.0,0.0,11.950541482162043
-0.8843056279605879,-0.742314772417988,1.6825256352691913,-1.4808739393838062,1.0,0.0,0.0,0.0,11.795853756086931
-0.8115844140335233,-0.742314772417988,1.6778456802298929,1.8594890125303492,1.0,0.0,0.0,0.0,11.605513761992055
-0.5728600261564051,-0.7572804607152458,1.6825256352691913,0.5074373415174769,1.0,0.0,0.0,0.0,11.600945499760169
-0.7592669939421103,-0.7473033351837359,1.6778456802298929,1.8594890125303492,1.0,0.0,0.0,0.0,11.704380187145405
-0.9073776102209009,-0.7522918979494908,1.6778456802298929,0.10977508533722025,1.0,0.0,0.0,0.0,11.56362808494399
-0.7299169212708274,-0.7522918979494908,1.6731657251905945,-0.9241467807314468,1.0,0.0,0.0,0.0,11.624475784206961
-0.6655141771382977,-0.7572804607152458,1.6778456802298929,-0.28788717084303633,1.0,0.0,0.0,0.0,11.667370387218226
-1.5047902302447485,-0.7473033351837359,1.668485770151296,1.30276185387799,1.0,0.0,0.0,0.0,11.41422052949775
-1.2829120516370651,-0.7223605213549753,1.6825256352691913,-1.0036792319674983,1.0,0.0,0.0,0.0,11.736077016252437
-0.8508224791020833,-0.7323376468864852,1.6778456802298929,-1.1627441344396008,1.0,0.0,0.0,0.0,11.630717389475995
-0.33617601766285177,-0.7273490841207303,1.6731657251905945,-0.04928981713488239,1.0,0.0,0.0,0.0,11.720760435616398
-0.8181240915449501,-0.7373262096522331,1.668485770151296,1.541359207586144,1.0,0.0,0.0,0.0,11.592669666556795
-0.8726388432802027,-0.742314772417988,1.6731657251905945,1.8594890125303492,1.0,0.0,0.0,0.0,11.551193801680078
-0.7017178318415557,-0.7373262096522331,1.6731657251905945,1.1436969514058875,1.0,0.0,0.0,0.0,11.670792089258995
-0.10791511380401585,-0.6275778288056809,1.7012454554263916,-1.1627441344396008,1.0,0.0,0.0,0.0,11.983560145061489
-0.5137936588731994,-0.7073948330577176,1.6778456802298929,-1.0036792319674983,1.0,0.0,0.0,0.0,12.114510931441727
-0.301018711361422,-0.7073948330577176,1.668485770151296,-1.0832116832035494,1.0,0.0,0.0,0.0,11.962732764429129
-0.11508260035653949,-0.6774634564632092,1.6544459050333977,-1.2422765856756521,1.0,0.0,0.0,0.0,12.013100572810686
-0.12183154754833163,-0.7073948330577176,1.6357260848762007,-1.1627441344396008,1.0,0.0,0.0,0.0,11.953764151901414
-0.11278063387251733,-0.7073948330577176,1.6591258600726961,-0.446952073315139,1.0,0.0,0.0,0.0,11.938199736300925
-0.311272925699339,-0.7123833958234725,1.649765949994096,-1.4808739393838062,1.0,0.0,0.0,0.0,12.002737848944351
-0.15191406410089428,-0.7323376468864852,1.6638058151119945,-0.9241467807314468,1.0,0.0,0.0,0.0,11.87965667474488
-0.3379548099459596,-0.7223605213549753,1.6544459050333977,-0.9241467807314468,1.0,0.0,0.0,0.0,11.915058360753719
-0.3538069882336578,-0.7223605213549753,1.7012454554263916,1.8594890125303492,1.0,0.0,0.0,0.0,11.951186847493476
-0.7575405190790936,-0.7273490841207303,1.6965655003870899,1.6208916588221953,1.0,0.0,0.0,0.0,11.871305953640322
-0.40120657083647826,-0.7123833958234725,1.6965655003870899,-1.1627441344396008,1.0,0.0,0.0,0.0,11.82115253615114
-0.8624369463623772,-0.7223605213549753,1.6918855453477915,1.8594890125303492,1.0,0.0,0.0,0.0,11.953764151901414
-0.17671252122422418,-0.6824520192289569,1.7246452306228868,-1.1627441344396008,1.0,0.0,0.0,0.0,11.96655196818541
0.04050940699532345,-0.742314772417988,1.6918855453477915,-0.9241467807314468,1.0,0.0,0.0,0.0,12.059895922372384
-0.17503836378129892,-0.6575092054001964,1.7152853205442866,-0.9241467807314468,1.0,0.0,0.0,0.0,11.951831796597101
-0.0442448135527659,-0.7073948330577176,1.6965655003870899,-1.0036792319674983,1.0,0.0,0.0,0.0,12.09626335986454
-1.1859678722076763,-0.6674863309316992,1.757404915897982,-1.0036792319674983,1.0,0.0,0.0,0.0,11.283524879179666
-0.6498712685309652,-0.7273490841207303,1.748045005819382,-1.0832116832035494,1.0,0.0,0.0,0.0,11.350418300109132
-0.5577402917499865,-0.7772347117782514,1.7199652755835884,-0.9241467807314468,1.0,0.0,0.0,0.0,11.766799946849087
-1.3204759592626998,-0.5826807639139076,1.757404915897982,-0.8446143294953956,1.0,0.0,0.0,0.0,11.358619773129229
-0.9162192542163499,-0.2584241841400059,1.7620848709372805,-0.9241467807314468,1.0,0.0,0.0,0.0,11.3373928113354
0.12699010240642936,-0.29833268626602427,1.7293251856621852,-0.8446143294953956,1.0,0.0,0.0,0.0,11.616393190430356
-0.04822093747971334,-0.313298374563282,1.7293251856621852,-0.20835471960698504,1.0,0.0,0.0,0.0,11.603688960617083
-0.7935872215220773,-0.3083098117975271,1.7246452306228868,-1.0036792319674983,1.0,0.0,0.0,0.0,11.955692780409043
-0.16274377005981688,-0.29833268626602427,1.7246452306228868,-1.1627441344396008,1.0,0.0,0.0,0.0,11.693587311874056
-1.5423018204502916,-0.29833268626602427,1.7293251856621852,-1.4808739393838062,1.0,0.0,0.0,0.0,11.663936936922068
0.3372014963337279,-0.2634127469057538,1.748045005819382,-1.4808739393838062,1.0,0.0,0.0,0.0,11.672498559754418
0.2718047212194614,-0.2634127469057538,1.7293251856621852,-1.5604063906198575,1.0,0.0,0.0,0.0,11.734475747705874
0.9465948055585087,-0.28835556073452145,1.7433650507800837,-1.5604063906198575,1.0,0.0,0.0,0.0,11.835740580500783
-0.4561921793525534,-0.3432297511577975,1.7246452306228868,-0.3674196220790877,1.0,0.0,0.0,0.0,11.712603850073448
0.07927661528306067,-0.3881268160495637,1.734005140701487,0.03024263410116893,1.0,0.0,0.0,0.0,11.470028402317833
0.4126432161055456,-0.3482183139235454,1.7386850957407853,-1.4013414881477548,1.0,0.0,0.0,0.0,11.888625282853006
-0.3620731406081011,-0.3382411883920426,1.734005140701487,-1.5604063906198575,1.0,0.0,0.0,0.0,11.998439434579149
0.08989705156161742,-0.3282640628605398,1.7433650507800837,-1.71947129309196,1.0,0.0,0.0,0.0,11.933614104849879
0.37246343747534005,-0.32327550009478484,1.7386850957407853,-1.6399388418559087,1.0,0.0,0.0,0.0,12.198045514142787
0.4789293873613659,-0.3182869373290299,1.7386850957407853,-1.71947129309196,1.0,0.0,0.0,0.0,12.141539457711714
0.6204480087086388,-0.3083098117975271,1.7386850957407853,-1.71947129309196,1.0,0.0,0.0,0.0,12.067390869565173
0.5306713158317738,0.8041396849652598,-0.7931705805201473,0.42790489028142553,0.0,0.0,0.0,0.0,12.34104487465108
0.12777486370780058,0.7991511221995049,-0.7931705805201473,0.5869697927535281,0.0,0.0,0.0,0.0,12.28765724080691
0.8813026652844254,0.7991511221995049,-0.7931705805201473,0.42790489028142553,0.0,0.0,0.0,0.0,12.452155077423383
0.11145182863927962,0.7991511221995049,-0.7931705805201473,0.5074373415174769,0.0,0.0,0.0,0.0,12.281648468435115
0.27960001681308194,0.7991511221995049,-0.7978505355594456,0.18930753657327157,0.0,0.0,0.0,0.0,12.216027926866138
0.3504378036168553,0.7991511221995049,-0.7978505355594456,0.3483724390453742,0.0,0.0,0.0,0.0,12.175618592671356
-0.21778169599598357,0.8041396849652598,-0.7978505355594456,0.18930753657327157,0.0,0.0,0.0,0.0,12.35793929036284
-0.05245864850711792,0.8041396849652598,-0.7978505355594456,0.03024263410116893,0.0,0.0,0.0,0.0,12.16837597044068
-0.6341760425035413,0.8041396849652598,-0.7931705805201473,0.18930753657327157,0.0,0.0,0.0,0.0,12.129197000747673
0.10831278343379516,0.8141168104967627,-0.7978505355594456,0.3483724390453742,0.0,0.0,0.0,0.0,11.998439434579149
-0.02975288818744453,0.8141168104967627,-0.7978505355594456,0.42790489028142553,0.0,0.0,0.0,0.0,12.133507329024972
-0.6088544111792973,0.8141168104967627,-0.7978505355594456,-1.1627441344396008,0.0,0.0,0.0,0.0,12.02035131605286
-0.21244531914665932,0.8091282477310077,-0.7978505355594456,-0.28788717084303633,0.0,0.0,0.0,0.0,11.994740316298905
-0.6612764661108934,0.8091282477310077,-0.7978505355594456,0.6665022439895795,0.0,0.0,0.0,0.0,11.991027463722105
0.4542878824983106,0.8041396849652598,-0.7978505355594456,-1.0832116832035494,0.0,0.0,0.0,0.0,12.074830060158243
0.13384368443840478,0.7991511221995049,-0.7978505355594456,0.5074373415174769,0.0,0.0,0.0,0.0,12.19653228062948
-0.4584418284164843,0.7991511221995049,-0.802530490598744,-0.3674196220790877,0.0,0.0,0.0,0.0,12.434804552855114
-0.34554083585921447,0.8041396849652598,-0.802530490598744,-0.8446143294953956,0.0,0.0,0.0,0.0,12.278397958261774
-0.13899166133831536,0.8091282477310077,-0.802530490598744,-0.8446143294953956,0.0,0.0,0.0,0.0,11.942113610091182
-0.42767918540273325,0.8141168104967627,-0.802530490598744,-0.04928981713488239,0.0,0.0,0.0,0.0,11.885874268401459
0.06473237249764777,0.8091282477310077,-0.802530490598744,0.2688399878093229,0.0,0.0,0.0,0.0,12.09066740567538
0.4150498174297506,0.8141168104967627,-0.802530490598744,0.2688399878093229,0.0,0.0,0.0,0.0,12.016732516077072
-0.38634842353051696,0.8091282477310077,-0.802530490598744,-1.2422765856756521,0.0,0.0,0.0,0.0,11.827743504053695
0.6446186567908716,0.8141168104967627,-0.7931705805201473,-0.28788717084303633,0.0,0.0,0.0,0.0,12.624128160777628
0.3001607629090073,0.8091282477310077,-0.7931705805201473,0.18930753657327157,0.0,0.0,0.0,0.0,12.498372788261829
-0.8688196716135296,0.8141168104967627,-0.7931705805201473,-0.20835471960698504,0.0,0.0,0.0,0.0,11.884495917930655
1.138076563093081,0.8191053732625105,-0.7931705805201473,0.10977508533722025,0.0,0.0,0.0,0.0,12.409017571151187
0.1824465677033273,0.8191053732625105,-0.7931705805201473,-0.04928981713488239,0.0,0.0,0.0,0.0,12.3225259085418
-0.043407734831303384,0.8191053732625105,-0.7978505355594456,-0.28788717084303633,0.0,0.0,0.0,0.0,12.124868013083418
0.8929171325447189,0.8240939360282654,-0.7931705805201473,-0.12882226837093372,0.0,0.0,0.0,0.0,12.497625965026309
0.4734883756718591,0.8240939360282654,-0.7931705805201473,0.10977508533722025,0.0,0.0,0.0,0.0,12.197036946273975
0.1925438297809702,0.8191053732625105,-0.802530490598744,0.42790489028142553,0.0,0.0,0.0,0.0,12.069112524385531
-0.5630766685993108,0.8191053732625105,-0.7978505355594456,0.6665022439895795,0.0,0.0,0.0,0.0,11.83138646878959
-0.8799109646729092,0.8191053732625105,-0.7978505355594456,0.3483724390453742,0.0,0.0,0.0,0.0,11.846543632608535
-0.06606117773088525,0.8240939360282654,-0.7978505355594456,-1.3218090369117035,0.0,0.0,0.0,0.0,12.021554678392043
1.2393630883900568,0.8290824987940204,-0.7978505355594456,-0.6060169757872417,0.0,0.0,0.0,0.0,12.583484584029573
1.2906864774997335,0.8290824987940204,-0.7931705805201473,-1.0832116832035494,0.0,0.0,0.0,0.0,12.767118838519758
0.44225487587728524,0.8390596243255232,-0.7931705805201473,-0.6855494270232929,0.0,0.0,0.0,0.0,12.33270970174018
1.97358576195295,0.8440481870912782,-0.7978505355594456,-0.9241467807314468,0.0,0.0,0.0,0.0,12.633628610612188
-0.29243865446643025,0.8340710615597683,-0.7978505355594456,-1.3218090369117035,0.0,0.0,0.0,0.0,12.418765780969542
0.8294561019738348,0.8390596243255232,-0.802530490598744,-0.9241467807314468,0.0,0.0,0.0,0.0,12.15636230813118
1.0680235375906788,0.8340710615597683,-0.802530490598744,-0.12882226837093372,0.0,0.0,0.0,0.0,12.497252344150006
0.4425687803978339,0.8290824987940204,-0.802530490598744,-0.6060169757872417,0.0,0.0,0.0,0.0,12.246739428005663
-0.13899166133831536,0.8290824987940204,-0.8072104456380458,-0.12882226837093372,0.0,0.0,0.0,0.0,12.187913766539234
0.5929290457405554,0.8290824987940204,-0.8072104456380458,0.42790489028142553,0.0,0.0,0.0,0.0,12.30908490619414
0.13012914761191427,0.8290824987940204,-0.8072104456380458,0.2688399878093229,0.0,0.0,0.0,0.0,12.346708119309138
0.5756642971103894,0.8290824987940204,-0.8072104456380458,-0.3674196220790877,0.0,0.0,0.0,0.0,12.49538214300718
-0.022480766794738084,0.8390596243255232,-0.802530490598744,0.42790489028142553,0.0,0.0,0.0,0.0,12.045909761904733
-0.07542599592724823,0.8390596243255232,-0.8072104456380458,0.3483724390453742,0.0,0.0,0.0,0.0,12.285350445351659
-0.17577080766257885,0.8340710615597683,-0.8072104456380458,0.5869697927535281,0.0,0.0,0.0,0.0,12.182809136284991
-0.19926132928362325,0.8390596243255232,-0.802530490598744,-1.6399388418559087,0.0,0.0,0.0,0.0,11.979805470779858
-0.7757469812709055,0.8390596243255232,-0.802530490598744,-1.1627441344396008,0.0,0.0,0.0,0.0,11.736077016252437
1.3875260220889396,0.8390596243255232,-0.8118904006773442,-1.0036792319674983,0.0,0.0,0.0,0.0,12.573146829448284
2.104065407660934,0.8390596243255232,-0.8118904006773442,-0.446952073315139,0.0,0.0,0.0,0.0,12.461493630353871
0.5744609964482869,0.8340710615597683,-0.8118904006773442,-0.7650818782593443,0.0,0.0,0.0,0.0,12.173037959397275
0.5630034814482671,0.8340710615597683,-0.8072104456380458,-0.20835471960698504,0.0,0.0,0.0,0.0,12.330946040628971
0.22707332704130284,0.8340710615597683,-0.8072104456380458,0.3483724390453742,0.0,0.0,0.0,0.0,12.214045775484509
0.6900301774302183,0.8240939360282654,-0.802530490598744,-0.7650818782593443,0.0,0.0,0.0,0.0,12.618516677531483
1.2065600659927411,0.8240939360282654,-0.8072104456380458,0.3483724390453742,0.0,0.0,0.0,0.0,12.727544397630073
2.971540550196657,0.8240939360282654,-0.8072104456380458,-0.12882226837093372,0.0,0.0,0.0,0.0,12.92829550193616
2.8440953148539743,0.8290824987940204,-0.8118904006773442,-0.12882226837093372,0.0,0.0,0.0,0.0,12.589636325399509
0.8346355265628843,0.8240939360282654,-0.8165703557166426,-0.8446143294953956,0.0,0.0,0.0,0.0,12.899222326086994
1.2936162530248527,0.8240939360282654,-0.8118904006773442,-1.2422765856756521,0.0,0.0,0.0,0.0,12.730508232153463
0.6934308097361601,0.8191053732625105,-0.8072104456380458,-0.3674196220790877,0.0,0.0,0.0,0.0,12.806558883954699
1.6028122057651044,0.8340710615597683,-0.8118904006773442,-0.8446143294953956,0.0,0.0,0.0,0.0,12.764547783171325
2.6834808351733352,0.8340710615597683,-0.8212503107559409,-0.04928981713488239,0.0,0.0,0.0,0.0,12.835750066956251
4.831215564766031,0.8390596243255232,-0.8165703557166426,-0.9241467807314468,0.0,0.0,0.0,0.0,13.055370647157746
0.6014044677953646,0.8240939360282654,-0.8165703557166426,-1.3218090369117035,0.0,0.0,0.0,0.0,11.994122464057146
1.1150568982528593,0.7991511221995049,-0.8072104456380458,-0.7650818782593443,0.0,0.0,0.0,0.0,12.504327379899443
1.7667226829115021,0.8041396849652598,-0.8118904006773442,-1.5604063906198575,0.0,0.0,0.0,0.0,12.851868750935193
1.552064308276434,0.8091282477310077,-0.8118904006773442,-1.0832116832035494,0.0,0.0,0.0,0.0,12.828263420989288
1.4058894365410255,0.8041396849652598,-0.8118904006773442,-1.4808739393838062,0.0,0.0,0.0,0.0,12.756794715628809
0.4970835321330863,0.7941625594337499,-0.8118904006773442,-1.7990037443280114,0.0,0.0,0.0,0.0,11.896833207128452
1.2448041000795642,0.8041396849652598,-0.8212503107559409,-0.28788717084303633,0.0,0.0,0.0,0.0,12.740520064864135
1.4126383837328174,0.8091282477310077,-0.8165703557166426,-0.9241467807314468,0.0,0.0,0.0,0.0,12.762830066509972
0.29362108539758053,0.8041396849652598,-0.8165703557166426,-0.3674196220790877,0.0,0.0,0.0,0.0,12.719198621456203
0.9248830762205722,0.8141168104967627,-0.8072104456380458,-0.8446143294953956,0.0,0.0,0.0,0.0,12.653961664405365
3.155174694717517,0.8191053732625105,-0.8118904006773442,0.10977508533722025,0.0,0.0,0.0,0.0,13.122367377396328
1.5049263127740704,0.8141168104967627,-0.8165703557166426,0.10977508533722025,0.0,0.0,0.0,0.0,13.038114000759418
0.7834690897134825,0.8141168104967627,-0.8212503107559409,0.5074373415174769,0.0,0.0,0.0,0.0,12.8079293066156
3.0968407713155917,0.8141168104967627,-0.8118904006773442,-0.12882226837093372,0.0,0.0,0.0,0.0,13.122367377396328
-0.2910784015440534,0.7941625594337499,-0.8259302657952426,-0.28788717084303633,0.0,0.0,0.0,0.0,12.14844882928968
-0.03634488311896256,0.7941625594337499,-0.8259302657952426,0.03024263410116893,0.0,0.0,0.0,0.0,11.974777207691876
-0.0006644026166187388,0.7941625594337499,-0.8306102208345411,-0.28788717084303633,0.0,0.0,0.0,0.0,11.83138646878959
0.1320648921552967,0.7941625594337499,-0.8306102208345411,-0.20835471960698504,0.0,0.0,0.0,0.0,12.234664961456772
-0.08939474709165553,0.7991511221995049,-0.8259302657952426,-0.04928981713488239,0.0,0.0,0.0,0.0,12.03884263630228
-0.14422340334745656,0.7991511221995049,-0.8306102208345411,0.42790489028142553,0.0,0.0,0.0,0.0,11.993504229837974
-0.15212333378125992,0.7991511221995049,-0.8306102208345411,0.5074373415174769,0.0,0.0,0.0,0.0,12.068538968726306
-0.11989580300494944,0.7991511221995049,-0.8306102208345411,-1.3218090369117035,0.0,0.0,0.0,0.0,11.86147448281689
-0.049685825242272975,0.8041396849652598,-0.8306102208345411,0.5074373415174769,0.0,0.0,0.0,0.0,12.127575825689417
0.2183886353061285,0.8041396849652598,-0.8306102208345411,0.5074373415174769,0.0,0.0,0.0,0.0,12.118339189722553
-0.08060542051629814,0.8041396849652598,-0.8259302657952426,0.5074373415174769,0.0,0.0,0.0,0.0,12.141539457711714
0.3420146989821379,0.8091282477310077,-0.8306102208345411,0.5074373415174769,0.0,0.0,0.0,0.0,12.173037959397275
0.6977208381836563,0.8091282477310077,-0.8306102208345411,0.5074373415174769,0.0,0.0,0.0,0.0,12.162125982647739
-0.2744937793750755,0.8041396849652598,-0.8306102208345411,0.2688399878093229,0.0,0.0,0.0,0.0,12.154784614286667
0.8085291339372696,0.8141168104967627,-0.8212503107559409,1.3822943051140413,0.0,0.0,0.0,0.0,12.45293662970407
0.21383701975817548,0.8091282477310077,-0.8259302657952426,0.42790489028142553,0.0,0.0,0.0,0.0,12.127575825689417
0.3150189102149684,0.8091282477310077,-0.8259302657952426,0.5074373415174769,0.0,0.0,0.0,0.0,12.129197000747673
-0.9697399749698656,0.8091282477310077,-0.8259302657952426,-0.5264845245511903,0.0,0.0,0.0,0.0,10.915106645867503
-0.38467426608759164,0.8041396849652598,-0.8259302657952426,-0.12882226837093372,0.0,0.0,0.0,0.0,12.02874460037869
0.4824346545074908,0.8041396849652598,-0.8259302657952426,0.6665022439895795,0.0,0.0,0.0,0.0,12.077107952499174
-0.1076535267035587,0.8091282477310077,-0.8212503107559409,0.42790489028142553,0.0,0.0,0.0,0.0,12.524530013005734
0.4035923024297313,0.8141168104967627,-0.8306102208345411,0.5869697927535281,0.0,0.0,0.0,0.0,12.179220327453931
-0.9066974837597126,0.8141168104967627,-0.8306102208345411,0.3483724390453742,0.0,0.0,0.0,0.0,12.193498926601634
0.6909718909918638,0.8091282477310077,-0.8306102208345411,0.5869697927535281,0.0,0.0,0.0,0.0,12.184343263233146
0.3668131561054676,0.8191053732625105,-0.8306102208345411,0.5869697927535281,0.0,0.0,0.0,0.0,12.112316757188815
0.07979978948397497,0.8191053732625105,-0.8306102208345411,0.5074373415174769,0.0,0.0,0.0,0.0,12.122696471358964
0.4290708860142492,0.8141168104967627,-0.8306102208345411,0.5074373415174769,0.0,0.0,0.0,0.0,12.117793192144138
0.4571130231832468,0.8141168104967627,-0.8306102208345411,0.5074373415174769,0.0,0.0,0.0,0.0,12.131354487250757
0.6526232220648581,0.8191053732625105,-0.8212503107559409,1.8594890125303492,0.0,0.0,0.0,0.0,12.388398368982115
-1.2535096615456907,0.8191053732625105,-0.8259302657952426,-1.4808739393838062,0.0,0.0,0.0,0.0,11.83138646878959
0.032033984940514515,0.8141168104967627,-0.8259302657952426,1.3822943051140413,0.0,0.0,0.0,0.0,12.138869243416009
0.2391063336623282,0.8141168104967627,-0.8212503107559409,0.5074373415174769,0.0,0.0,0.0,0.0,12.385477452742727
-0.8774520459286126,0.8240939360282654,-0.8259302657952426,1.2232294026419388,0.0,0.0,0.0,0.0,12.160557363077048
-0.5401616385992718,0.8240939360282654,-0.8259302657952426,0.5869697927535281,0.0,0.0,0.0,0.0,11.998439434579149
-0.8168161560426648,0.8191053732625105,-0.8259302657952426,1.8594890125303492,0.0,0.0,0.0,0.0,12.112316757188815
0.10721411761187526,0.8191053732625105,-0.8212503107559409,1.30276185387799,0.0,0.0,0.0,0.0,12.39545670404338
1.7856092715645022,0.8191053732625105,-0.8212503107559409,0.2688399878093229,0.0,0.0,0.0,0.0,12.589636325399509
-0.06606117773088525,0.8240939360282654,-0.8212503107559409,1.8594890125303492,0.0,0.0,0.0,0.0,12.356649805075568
0.7101200667453211,0.8290824987940204,-0.8212503107559409,0.42790489028142553,0.0,0.0,0.0,0.0,12.369894975232734
0.7788128393253464,0.8240939360282654,-0.8212503107559409,0.2688399878093229,0.0,0.0,0.0,0.0,12.403286919899765
0.7964438098961529,0.8240939360282654,-0.8212503107559409,0.2688399878093229,0.0,0.0,0.0,0.0,12.672008638147602
2.0920324010399094,0.8290824987940204,-0.8165703557166426,0.10977508533722025,0.0,0.0,0.0,0.0,12.771105165022036
-0.46571394980919073,0.8340710615597683,-0.8259302657952426,-0.04928981713488239,0.0,0.0,0.0,0.0,12.295003429279529
-0.23148886005993372,0.8340710615597683,-0.8259302657952426,0.42790489028142553,0.0,0.0,0.0,0.0,12.181785075898826
-0.5067831245809501,0.8290824987940204,-0.8259302657952426,1.8594890125303492,0.0,0.0,0.0,0.0,12.085604132204319
-0.12177923012824034,0.8440481870912782,-0.8165703557166426,-0.8446143294953956,0.0,0.0,0.0,0.0,11.687727151613768
0.3263194729547138,0.8440481870912782,-0.8165703557166426,-1.0036792319674983,0.0,0.0,0.0,0.0,12.062785246027499
-0.44468234693244263,0.8440481870912782,-0.8212503107559409,-1.0832116832035494,0.0,0.0,0.0,0.0,11.998439434579149
-1.02728913707042,0.8390596243255232,-0.8212503107559409,-1.0832116832035494,0.0,0.0,0.0,0.0,12.07254696717504
0.7885961968824411,0.8390596243255232,-0.8212503107559409,0.3483724390453742,0.0,0.0,0.0,0.0,12.34409829881876
0.9812812550791158,0.8390596243255232,-0.8212503107559409,-0.12882226837093372,0.0,0.0,0.0,0.0,12.402465567990559
-0.4117223722748522,0.8390596243255232,-0.8259302657952426,-0.28788717084303633,0.0,0.0,0.0,0.0,12.145265819615581
0.9232089187776472,0.8440481870912782,-0.8259302657952426,0.5074373415174769,0.0,0.0,0.0,0.0,12.159510248044802
-0.43411422807397715,0.8390596243255232,-0.8259302657952426,0.2688399878093229,0.0,0.0,0.0,0.0,11.91103693456627
-0.27679574585909766,0.8191053732625105,-0.8259302657952426,1.30276185387799,0.0,0.0,0.0,0.0,12.031725210748633
-0.6382568012706715,0.8191053732625105,-0.8306102208345411,0.5869697927535281,0.0,0.0,0.0,0.0,11.951186847493476
-0.27857453814220573,0.8191053732625105,-0.8306102208345411,-0.9241467807314468,0.0,0.0,0.0,0.0,12.136727926437826
0.8948528770881014,0.8191053732625105,-0.8306102208345411,0.5074373415174769,0.0,0.0,0.0,0.0,12.114510931441727
-1.0896515018193844,0.8191053732625105,-0.8259302657952426,0.03024263410116893,0.0,0.0,0.0,0.0,11.998439434579149
-0.30107102878151326,0.8390596243255232,-0.8306102208345411,-0.04928981713488239,0.0,0.0,0.0,0.0,12.174587138384211
-0.7340499974580491,0.8290824987940204,-0.8306102208345411,-0.20835471960698504,0.0,0.0,0.0,0.0,12.01854355302823
-0.12491827533372502,0.8240939360282654,-0.8306102208345411,-0.20835471960698504,0.0,0.0,0.0,0.0,11.804855999911272
-0.42966724736620693,0.8240939360282654,-0.8259302657952426,0.3483724390453742,0.0,0.0,0.0,0.0,11.969090024509446
0.1792028876576598,0.849036749857026,-0.8072104456380458,-1.0036792319674983,0.0,0.0,0.0,0.0,12.07994804051962
1.4221078367693634,0.8440481870912782,-0.8118904006773442,-0.6060169757872417,0.0,0.0,0.0,0.0,12.532858837800037
-0.17943302706897762,0.8440481870912782,-0.8118904006773442,-1.0832116832035494,0.0,0.0,0.0,0.0,11.647465099148372
-0.4472459005169219,0.8440481870912782,-0.8165703557166426,-0.7650818782593443,0.0,0.0,0.0,0.0,12.294088101596984
-0.09504502846152822,0.8440481870912782,-0.8165703557166426,-0.9241467807314468,0.0,0.0,0.0,0.0,12.48937388613538
1.711266217614604,0.849036749857026,-0.8165703557166426,-0.28788717084303633,0.0,0.0,0.0,0.0,12.506551242106323
1.3472416086185508,0.8540253126227809,-0.8072104456380458,-1.0036792319674983,0.0,0.0,0.0,0.0,12.509139512775626
1.5878494236189604,0.8540253126227809,-0.8118904006773442,-0.9241467807314468,0.0,0.0,0.0,0.0,12.560949473827492
1.7638975422265657,0.8540253126227809,-0.8118904006773442,-0.28788717084303633,0.0,0.0,0.0,0.0,12.608870867322864
1.5436412036417164,0.849036749857026,-0.8118904006773442,-0.6060169757872417,0.0,0.0,0.0,0.0,12.543619304752651
1.471914020696389,0.8540253126227809,-0.8165703557166426,-0.5264845245511903,0.0,0.0,0.0,0.0,12.57694975951839
1.6139558162445755,0.8540253126227809,-0.8165703557166426,-0.3674196220790877,0.0,0.0,0.0,0.0,12.522710182912336
1.3317556522714928,0.849036749857026,-0.8165703557166426,-0.7650818782593443,0.0,0.0,0.0,0.0,12.524530013005734
-0.0733332991235917,0.8540253126227809,-0.8212503107559409,-0.7650818782593443,0.0,0.0,0.0,0.0,12.21305322449757
-0.7592669939421103,0.849036749857026,-0.8165703557166426,-0.9241467807314468,0.0,0.0,0.0,0.0,12.05350987098043
-0.44536247339363105,0.849036749857026,-0.8212503107559409,-0.28788717084303633,0.0,0.0,0.0,0.0,11.963370312187111
-0.2996061410189539,0.849036749857026,-0.8212503107559409,-0.3674196220790877,0.0,0.0,0.0,0.0,12.12215284831553
-0.16195900875844566,0.849036749857026,-0.8212503107559409,-0.04928981713488239,0.0,0.0,0.0,0.0,12.158462035413251
-0.12272094368988566,0.849036749857026,-0.8212503107559409,-0.04928981713488239,0.0,0.0,0.0,0.0,12.227349675556338
0.681240850854861,0.8540253126227809,-0.8259302657952426,-1.3218090369117035,0.0,0.0,0.0,0.0,12.445093483000798
0.7421906452613575,0.849036749857026,-0.8352901758738395,0.3483724390453742,0.0,0.0,0.0,0.0,12.765691290604371
0.4208047336398061,0.8590138753885359,-0.8306102208345411,-0.8446143294953956,0.0,0.0,0.0,0.0,12.141539457711714
1.8256320979344336,0.8590138753885359,-0.8212503107559409,-1.1627441344396008,0.0,0.0,0.0,0.0,12.57245383112879
1.4167714599200392,0.8540253126227809,-0.8212503107559409,-0.6855494270232929,0.0,0.0,0.0,0.0,12.514296042962041
0.9305333575904448,0.8590138753885359,-0.8259302657952426,-1.0832116832035494,0.0,0.0,0.0,0.0,12.617854428044529
0.6944771581379887,0.8590138753885359,-0.8118904006773442,-0.28788717084303633,0.0,0.0,0.0,0.0,12.397523238911763
1.0038823805586061,0.8640024381542838,-0.8165703557166426,-0.3674196220790877,0.0,0.0,0.0,0.0,12.332269077986075
0.9780375750334482,0.8590138753885359,-0.8165703557166426,-0.3674196220790877,0.0,0.0,0.0,0.0,12.390895238790055
-0.3494646423660706,0.8440481870912782,-0.8259302657952426,-0.6060169757872417,0.0,0.0,0.0,0.0,11.886562731847148
-0.37818690599625643,0.849036749857026,-0.8306102208345411,-0.7650818782593443,0.0,0.0,0.0,0.0,12.6897356838327
0.4080916005575926,0.849036749857026,-0.8259302657952426,-1.71947129309196,0.0,0.0,0.0,0.0,11.997823864326225
-0.7237434657000406,0.849036749857026,-0.8259302657952426,-1.0832116832035494,0.0,0.0,0.0,0.0,11.973516181427835
0.931788975672639,0.8540253126227809,-0.8259302657952426,-0.7650818782593443,0.0,0.0,0.0,0.0,12.283038316285214
-0.5756851668413413,0.8440481870912782,-0.8352901758738395,-0.8446143294953956,0.0,0.0,0.0,0.0,12.206077645517674
-0.20438843645258187,0.849036749857026,-0.8306102208345411,-0.04928981713488239,0.0,0.0,0.0,0.0,11.869207331664223
-0.37122868912409845,0.8440481870912782,-0.8352901758738395,-0.5264845245511903,0.0,0.0,0.0,0.0,11.643084929027989
1.0191590672252988,0.8789681264515415,-0.8165703557166426,-1.2422765856756521,0.0,0.0,0.0,0.0,12.604516495526891
1.6617739382081274,0.8739795636857937,-0.8212503107559409,-0.8446143294953956,0.0,0.0,0.0,0.0,12.699246387487896
0.3876354893018503,0.8739795636857937,-0.8165703557166426,-0.3674196220790877,0.0,0.0,0.0,0.0,12.381289859469133
0.7625944390970084,0.8789681264515415,-0.8212503107559409,-0.7650818782593443,0.0,0.0,0.0,0.0,12.825845046623398
0.10208701044291664,0.8739795636857937,-0.8165703557166426,-0.6060169757872417,0.0,0.0,0.0,0.0,12.538612159123673
0.12039810747491134,0.8939338147487993,-0.8306102208345411,-1.0036792319674983,0.0,0.0,0.0,0.0,12.413497299759758
1.334214571015789,0.9039109402803022,-0.8259302657952426,-1.0036792319674983,0.0,0.0,0.0,0.0,12.48257116452228
1.4121675269519949,0.8689910009200388,-0.8118904006773442,-0.446952073315139,0.0,0.0,0.0,0.0,12.516497870633875
1.6526707071122213,0.8640024381542838,-0.8118904006773442,-0.3674196220790877,0.0,0.0,0.0,0.0,12.610206868403342
0.3917162480689803,0.8689910009200388,-0.8165703557166426,-0.28788717084303633,0.0,0.0,0.0,0.0,12.411870628505058
1.1179866737779787,0.8689910009200388,-0.8212503107559409,-0.446952073315139,0.0,0.0,0.0,0.0,12.466130405907165
1.521092395582317,0.8640024381542838,-0.8165703557166426,-0.7650818782593443,0.0,0.0,0.0,0.0,12.484843884164489
1.598051320536786,0.8689910009200388,-0.8212503107559409,-0.8446143294953956,0.0,0.0,0.0,0.0,12.35320302633692
1.2253943372256495,0.8739795636857937,-0.8212503107559409,-1.0832116832035494,0.0,0.0,0.0,0.0,12.543619304752651
0.6993949956265813,0.8689910009200388,-0.8259302657952426,-1.8785361955640627,0.0,0.0,0.0,0.0,12.404517684236607
2.802346013621026,0.8789681264515415,-0.8212503107559409,-0.7650818782593443,0.0,0.0,0.0,0.0,13.041806037330252
1.142000369599937,0.8789681264515415,-0.8259302657952426,-0.7650818782593443,0.0,0.0,0.0,0.0,12.360941638737165
0.1989788724522139,0.8839566892172965,-0.8259302657952426,-1.0036792319674983,0.0,0.0,0.0,0.0,12.236121618880365
-0.16415634040228502,0.8789681264515415,-0.8306102208345411,-0.8446143294953956,0.0,0.0,0.0,0.0,12.367345048436391
1.28388521288785,0.849036749857026,-0.802530490598744,-1.1627441344396008,0.0,0.0,0.0,0.0,12.621491384816093
0.8269971832295381,0.8440481870912782,-0.802530490598744,-1.2422765856756521,0.0,0.0,0.0,0.0,12.640452335469483
2.172444275720412,0.8590138753885359,-0.802530490598744,-1.4013414881477548,0.0,0.0,0.0,0.0,12.826114043883939
1.1409540211981088,0.849036749857026,-0.802530490598744,-0.9241467807314468,0.0,0.0,0.0,0.0,12.51503052432271
0.39511688037492215,0.8839566892172965,-0.802530490598744,-1.0036792319674983,0.0,0.0,0.0,0.0,12.533579815765737
1.6456078553998807,0.8839566892172965,-0.8165703557166426,-0.28788717084303633,0.0,0.0,0.0,0.0,12.788011690826771
1.1544519155816937,0.8889452519830443,-0.8212503107559409,-0.9241467807314468,0.0,0.0,0.0,0.0,12.439566447718878
0.7609202816540834,0.8939338147487993,-0.8259302657952426,-1.0036792319674983,0.0,0.0,0.0,0.0,12.041203898548972
1.4604565056963692,0.8939338147487993,-0.8212503107559409,-1.0036792319674983,0.0,0.0,0.0,0.0,12.617854428044529
1.3955305873629256,0.8939338147487993,-0.8118904006773442,-1.1627441344396008,0.0,0.0,0.0,0.0,12.49949197838354
1.9347662362451212,0.8739795636857937,-0.8118904006773442,-0.28788717084303633,0.0,0.0,0.0,0.0,12.465744828056149
2.0808887905604383,0.8839566892172965,-0.8118904006773442,-0.5264845245511903,0.0,0.0,0.0,0.0,12.779594156325743
1.893069252432265,0.913888065811812,-0.8165703557166426,-1.958068646800114,0.0,0.0,0.0,0.0,12.81121067876591
1.4530274320433887,0.9039109402803022,-0.8212503107559409,-1.5604063906198575,0.0,0.0,0.0,0.0,12.637208749244536
2.215867734396285,0.8989223775145543,-0.8212503107559409,-1.6399388418559087,0.0,0.0,0.0,0.0,12.924402562452649
2.6328898899449387,0.8939338147487993,-0.8165703557166426,-1.71947129309196,0.0,0.0,0.0,0.0,12.936758837513851
0.9228950142570985,0.8839566892172965,-0.8352901758738395,-0.446952073315139,0.0,0.0,0.0,0.0,12.358798024384122
1.1409017037780176,0.8739795636857937,-0.8352901758738395,-0.6060169757872417,0.0,0.0,0.0,0.0,12.371167504471138
0.7044174679553569,0.8739795636857937,-0.8352901758738395,-0.8446143294953956,0.0,0.0,0.0,0.0,12.271396795480596
1.0095849793485703,0.8839566892172965,-0.8352901758738395,-1.0036792319674983,0.0,0.0,0.0,0.0,12.627742412734825
3.271737906681185,0.8739795636857937,-0.8399701309131378,-0.28788717084303633,0.0,0.0,0.0,0.0,13.026515252933715
3.5166880675491825,0.8789681264515415,-0.8399701309131378,-0.9241467807314468,0.0,0.0,0.0,0.0,13.039201309581754
2.3630889545335214,0.8889452519830443,-0.8399701309131378,-1.5604063906198575,0.0,0.0,0.0,0.0,12.808476950255674
1.7678736661535133,0.8939338147487993,-0.8352901758738395,-1.0036792319674983,0.0,0.0,0.0,0.0,12.723678233308531
1.1897661741433976,0.8939338147487993,-0.8306102208345411,-1.0036792319674983,0.0,0.0,0.0,0.0,12.491255347155265
1.6652268879341605,0.9039109402803022,-0.8259302657952426,-1.0036792319674983,0.0,0.0,0.0,0.0,12.57141343235417
2.039819615788679,0.8939338147487993,-0.8540099960310363,-0.446952073315139,0.0,0.0,0.0,0.0,12.847929163278053
3.1030142268863776,0.8989223775145543,-0.858689951070338,-1.0036792319674983,0.0,0.0,0.0,0.0,12.940843898859598
0.23575801877647765,0.8839566892172965,-0.8633699061096364,-1.2422765856756521,0.0,0.0,0.0,0.0,12.351907415253551
1.4616074889383803,0.8889452519830443,-0.858689951070338,-1.4013414881477548,0.0,0.0,0.0,0.0,12.553912171868914
1.826835398596536,0.8989223775145543,-0.8352901758738395,-1.2422765856756521,0.0,0.0,0.0,0.0,12.774509413971375
2.5301384768854036,0.9039109402803022,-0.8399701309131378,-1.0832116832035494,0.0,0.0,0.0,0.0,12.925133643925246
1.4358150008333137,0.908899503046057,-0.8399701309131378,-1.0036792319674983,0.0,0.0,0.0,0.0,12.508031074119511
1.342062184029501,0.9039109402803022,-0.8446500859524395,-1.0832116832035494,0.0,0.0,0.0,0.0,12.613871694544752
1.4916376880708517,0.8989223775145543,-0.8399701309131378,-1.8785361955640627,0.0,0.0,0.0,0.0,12.49275797139508
3.27262730282274,0.9039109402803022,-0.8306102208345411,-1.1627441344396008,0.0,0.0,0.0,0.0,13.122367377396328
2.2816830488712827,0.908899503046057,-0.8446500859524395,-1.1627441344396008,0.0,0.0,0.0,0.0,12.869536091044797
1.6103982316783594,0.913888065811812,-0.8352901758738395,-1.958068646800114,0.0,0.0,0.0,0.0,12.657151449598695
2.7751932725935826,0.8939338147487993,-0.8493300409917379,-1.3218090369117035,0.0,0.0,0.0,0.0,12.93289876965712
1.6966696574090998,0.9039109402803022,-0.8540099960310363,-2.1171335492722165,0.0,0.0,0.0,0.0,13.122367377396328
1.138861324394452,0.8789681264515415,-0.858689951070338,-0.28788717084303633,0.0,0.0,0.0,0.0,12.348877778786173
0.19887423761203132,0.8789681264515415,-0.8633699061096364,-0.28788717084303633,0.0,0.0,0.0,0.0,12.22881702007325
2.6005577243284455,0.8839566892172965,-0.8540099960310363,-1.1627441344396008,0.0,0.0,0.0,0.0,12.870565689515162
1.595016910171484,0.8839566892172965,-0.8680498611489348,-0.8446143294953956,0.0,0.0,0.0,0.0,12.578673594719154
0.47301751889103655,0.8839566892172965,-0.8680498611489348,-0.9241467807314468,0.0,0.0,0.0,0.0,12.396697137361691
0.7208451378640609,0.9388308796405725,-0.858689951070338,-1.8785361955640627,0.0,0.0,0.0,0.0,12.376241489674294
2.3725584075700663,0.9537965679378304,-0.947609096817024,-1.0036792319674983,0.0,0.0,0.0,0.0,12.56689248749841
1.2249757978649183,0.9537965679378304,-0.9429291417777256,-1.0036792319674983,0.0,0.0,0.0,0.0,12.455277628272214
0.999696986951293,0.9488080051720754,-0.947609096817024,-0.3674196220790877,0.0,0.0,0.0,0.0,12.334470257826283
1.1357222791889676,0.9537965679378304,-0.947609096817024,-0.9241467807314468,0.0,0.0,0.0,0.0,12.422799654798252
1.7125741531168897,0.9537965679378304,-0.947609096817024,-0.6060169757872417,0.0,0.0,0.0,0.0,12.520887034998584
1.56451585425819,0.9537965679378304,-0.9522890518563224,-0.3674196220790877,0.0,0.0,0.0,0.0,12.541118865873308
1.9213729767017196,0.9537965679378304,-0.9522890518563224,-0.28788717084303633,0.0,0.0,0.0,0.0,12.535739636044429
1.184377479873982,0.9488080051720754,-0.947609096817024,-0.446952073315139,0.0,0.0,0.0,0.0,12.4016435409078
0.0275870042327443,0.9438194424063204,-0.9382491867384238,-1.0036792319674983,0.0,0.0,0.0,0.0,11.871305953640322
1.236799534805578,0.9438194424063204,-0.9382491867384238,-1.2422765856756521,0.0,0.0,0.0,0.0,12.458390459140501
0.2772980503290596,0.9488080051720754,-0.9382491867384238,-1.5604063906198575,0.0,0.0,0.0,0.0,12.217017531154696
0.3979420210598584,0.9737508190008359,-0.8727298161882332,1.1436969514058875,0.0,0.0,0.0,0.0,12.135655546026104
0.919912921311888,0.9837279445323459,-0.8961295913847318,0.5869697927535281,0.0,0.0,0.0,0.0,12.515397562803473
1.5254870588699958,0.9488080051720754,-0.9522890518563224,-0.28788717084303633,0.0,0.0,0.0,0.0,12.491255347155265
1.9372251549894182,0.9537965679378304,-0.9569690068956207,-0.8446143294953956,0.0,0.0,0.0,0.0,12.571066392083603
1.7698617281169868,0.9488080051720754,-0.9522890518563224,-0.6855494270232929,0.0,0.0,0.0,0.0,12.659695972140415
1.906096290035027,0.9537965679378304,-0.9616489619349224,-1.0036792319674983,0.0,0.0,0.0,0.0,12.662234036516644
2.1617192046016718,0.9537965679378304,-0.9663289169742209,-1.0036792319674983,0.0,0.0,0.0,0.0,12.565846283553652
-0.0733332991235917,0.9338423168748177,-0.9429291417777256,-1.0036792319674983,0.0,0.0,0.0,0.0,12.19197879213173
1.35163627190623,0.9388308796405725,-0.9429291417777256,-0.8446143294953956,0.0,0.0,0.0,0.0,12.552145080994137
1.1471274767688957,0.9438194424063204,-0.947609096817024,-0.7650818782593443,0.0,0.0,0.0,0.0,12.421188057397055
0.0762945223378501,0.9388308796405725,-0.947609096817024,-1.0036792319674983,0.0,0.0,0.0,0.0,12.37243841643669
1.746580476176308,0.9438194424063204,-0.9522890518563224,-0.7650818782593443,0.0,0.0,0.0,0.0,12.624457269455574
0.8902489441200566,0.9587851307035782,-0.9288892766598271,-1.0036792319674983,0.0,0.0,0.0,0.0,12.366493625870792
1.4814357911530263,0.9537965679378304,-0.9335692316991255,-0.9241467807314468,0.0,0.0,0.0,0.0,12.432415074973783
0.6739687294621547,0.9488080051720754,-0.9335692316991255,-1.4013414881477548,0.0,0.0,0.0,0.0,12.008237370904832
1.5057110740754416,0.9587851307035782,-0.9288892766598271,-1.0832116832035494,0.0,0.0,0.0,0.0,12.436791432162119
2.3913403613828845,0.9587851307035782,-0.9382491867384238,-1.0036792319674983,0.0,0.0,0.0,0.0,12.76939868481975
1.9181292966560521,0.9587851307035782,-0.9288892766598271,-1.0832116832035494,0.0,0.0,0.0,0.0,12.594055831421823
0.8539406545766158,0.9537965679378304,-0.9382491867384238,-1.0036792319674983,0.0,0.0,0.0,0.0,12.316275916098562
2.0430632958343464,0.9687622562350882,-0.9288892766598271,-1.4808739393838062,0.0,0.0,0.0,0.0,12.573146829448284
3.283875548142394,0.9737508190008359,-0.9335692316991255,-2.1171335492722165,0.0,0.0,0.0,0.0,13.090048841614559
2.574922188483653,0.9637736934693332,-0.9382491867384238,-1.4808739393838062,0.0,0.0,0.0,0.0,12.986775013521378
1.2123149822027965,0.9637736934693332,-0.9335692316991255,-1.4013414881477548,0.0,0.0,0.0,0.0,12.588613659630019
0.804082153229499,0.9637736934693332,-0.9288892766598271,-1.958068646800114,0.0,0.0,0.0,0.0,12.285812230343542
-0.0849477663838853,0.9687622562350882,-0.9429291417777256,-1.5604063906198575,0.0,0.0,0.0,0.0,12.189440088248315
0.16983806946129681,0.9687622562350882,-0.9382491867384238,-1.7990037443280114,0.0,0.0,0.0,0.0,12.380030154325457
-0.24315564474031884,0.9637736934693332,-0.9429291417777256,-1.0036792319674983,0.0,0.0,0.0,0.0,12.12703484943049
1.189190682522392,0.9537965679378304,-0.9429291417777256,-1.0036792319674983,0.0,0.0,0.0,0.0,12.459943248455652
1.3263146405819861,0.9587851307035782,-0.9522890518563224,-1.0832116832035494,0.0,0.0,0.0,0.0,12.537894801551152
1.0200484633668527,0.9637736934693332,-0.947609096817024,-1.1627441344396008,0.0,0.0,0.0,0.0,12.420784751899777
0.6574887421333594,0.9587851307035782,-0.9522890518563224,-1.2422765856756521,0.0,0.0,0.0,0.0,12.663817061754543
2.2417125399214424,0.9637736934693332,-0.9569690068956207,-1.958068646800114,0.0,0.0,0.0,0.0,12.759960632315702
3.046092873826921,0.9537965679378304,-0.9616489619349224,-1.7990037443280114,0.0,0.0,0.0,0.0,12.787173118698167
0.25004067446143313,0.9587851307035782,-0.9663289169742209,-1.8785361955640627,0.0,0.0,0.0,0.0,12.183832149044223
2.055985698596926,0.9587851307035782,-0.9616489619349224,-2.1171335492722165,0.0,0.0,0.0,0.0,12.711084401471556
0.8780066678186661,0.9537965679378304,-0.9663289169742209,-1.0036792319674983,0.0,0.0,0.0,0.0,12.274670105518968
2.1788270009715642,0.9587851307035782,-0.9569690068956207,-1.6399388418559087,0.0,0.0,0.0,0.0,12.730508232153463
0.4822777022472165,0.9488080051720754,-0.9803687820921193,-1.0036792319674983,0.0,0.0,0.0,0.0,12.048254415120404
0.5306713158317738,0.9488080051720754,-0.9803687820921193,-1.0832116832035494,0.0,0.0,0.0,0.0,12.110667961260443
-0.060358578940921254,0.9488080051720754,-0.9756888270528209,-1.7990037443280114,0.0,0.0,0.0,0.0,12.31178759836772
0.42378682658501665,0.9488080051720754,-0.9710088720135193,-1.958068646800114,0.0,0.0,0.0,0.0,12.124868013083418
1.076498959645488,0.9637736934693332,-0.9944086472100179,-1.0832116832035494,0.0,0.0,0.0,0.0,12.563750586299374
1.7727915036421062,0.9637736934693332,-0.9944086472100179,-1.1627441344396008,0.0,0.0,0.0,0.0,12.80271167900945
0.6590582647361019,1.0086707583611065,-0.9897286921707161,-1.0832116832035494,0.0,0.0,0.0,0.0,13.011210563172012
3.2438004043523705,0.9887165072980938,-0.947609096817024,-2.0376010980361654,0.0,0.0,0.0,0.0,12.843181079306648
3.756615756088403,0.9937050700638487,-0.9522890518563224,-1.8785361955640627,0.0,0.0,0.0,0.0,13.11312281460621
1.5603827780709683,1.038602134955622,-0.9335692316991255,-2.0376010980361654,0.0,0.0,0.0,0.0,12.618185607609803
1.3801492658560504,0.9887165072980938,-0.919529366581227,0.03024263410116893,0.0,0.0,0.0,0.0,12.541833915188546
3.7114658225495134,1.0186478838926092,-0.9101694565026303,-1.7990037443280114,0.0,0.0,0.0,0.0,13.08839492693925
0.6710389539370355,0.9887165072980938,-0.9242093216205287,-2.0376010980361654,0.0,0.0,0.0,0.0,12.030534032473051
0.7185431713800385,0.9937050700638487,-0.9242093216205287,-1.958068646800114,0.0,0.0,0.0,0.0,12.278397958261774
0.9912215648964843,0.9937050700638487,-0.9288892766598271,-1.958068646800114,0.0,0.0,0.0,0.0,12.15636230813118
1.148853951631912,0.9887165072980938,-0.9242093216205287,-1.958068646800114,0.0,0.0,0.0,0.0,12.471512943383113
0.327470456196725,0.9887165072980938,-0.9288892766598271,-2.1171335492722165,0.0,0.0,0.0,0.0,11.930984271840668
1.2399908974311542,0.9837279445323459,-0.9288892766598271,-1.958068646800114,0.0,0.0,0.0,0.0,12.36265322789447
1.529829404737583,0.9787393817665909,-0.919529366581227,-2.0376010980361654,0.0,0.0,0.0,0.0,12.55989703048335
0.38261301697307426,0.9637736934693332,-0.9242093216205287,-1.7990037443280114,0.0,0.0,0.0,0.0,12.225880174775122
0.19359017818279836,0.9887165072980938,-0.9288892766598271,-1.958068646800114,0.0,0.0,0.0,0.0,12.116153408446742
-0.2622515030736848,0.9937050700638487,-0.9288892766598271,-1.958068646800114,0.0,0.0,0.0,0.0,13.122367377396328
1.1674789531844554,0.9787393817665909,-0.9382491867384238,-2.1171335492722165,0.0,0.0,0.0,0.0,12.296831574998258
3.4601329364303646,0.9587851307035782,-0.9850487371314177,-1.71947129309196,0.0,0.0,0.0,0.0,13.122367377396328
0.08011369400452319,0.9737508190008359,-1.03652824256371,-0.446952073315139,0.0,0.0,0.0,1.0,13.122367377396328
1.1925389974082425,0.9787393817665909,-1.0412081976030116,0.5074373415174769,0.0,0.0,0.0,1.0,12.906446153181818
0.3512225649182265,0.9837279445323459,-1.0412081976030116,0.03024263410116893,0.0,0.0,0.0,1.0,12.641746829842827
1.3658666101710943,0.9737508190008359,-1.0131284673672147,-1.958068646800114,0.0,0.0,0.0,1.0,12.592018486191964
0.7817426148504657,0.9687622562350882,-1.0224883774458116,-1.8785361955640627,0.0,0.0,0.0,1.0,12.803537326983564
1.9487873048296205,0.9687622562350882,-1.0131284673672147,-1.958068646800114,0.0,0.0,0.0,1.0,12.646908114973671
0.44335354169920516,0.9787393817665909,-1.0224883774458116,-1.7990037443280114,0.0,0.0,0.0,1.0,12.30456412327217
1.289012320056808,0.9687622562350882,-1.0178084224065131,-1.71947129309196,0.0,0.0,0.0,1.0,12.866957447477306
1.261284087408359,0.9637736934693332,-1.0224883774458116,-0.20835471960698504,0.0,0.0,0.0,1.0,12.693120812822663
-0.25089862291384807,0.9587851307035782,-1.03652824256371,-0.28788717084303633,0.0,0.0,0.0,1.0,12.42681732184313
0.5225097982975133,0.9637736934693332,-1.0224883774458116,-0.12882226837093372,0.0,0.0,0.0,1.0,12.557085087723449
-0.3416693467724501,0.9737508190008359,-1.0318482875244115,-0.12882226837093372,0.0,0.0,0.0,1.0,12.41755243891307
-0.29338036802807554,0.9737508190008359,-1.0318482875244115,-0.12882226837093372,0.0,0.0,0.0,1.0,12.35017731849889
-0.5868810947409037,0.9737508190008359,-1.0318482875244115,-0.3674196220790877,0.0,0.0,0.0,1.0,12.351475171599722
-0.15871532871277794,0.9587851307035782,-1.04588815264231,-0.9241467807314468,0.0,0.0,0.0,1.0,12.82342080954183
0.09858174329679222,0.9737508190008359,-1.0318482875244115,-0.446952073315139,0.0,0.0,0.0,1.0,12.390895238790055
-0.7961507751065566,0.9787393817665909,-1.0318482875244115,0.3483724390453742,0.0,0.0,0.0,1.0,12.141539457711714
-0.4046072031424201,0.9737508190008359,-1.03652824256371,-0.12882226837093372,0.0,0.0,0.0,1.0,12.157937516778192
-0.38545902738896287,0.9737508190008359,-1.03652824256371,-0.12882226837093372,0.0,0.0,0.0,1.0,12.644330802262578
0.7987980938002666,0.9837279445323459,-1.0224883774458116,-1.958068646800114,0.0,0.0,0.0,1.0,12.40410759774362
0.26861335859388524,0.9887165072980938,-1.027168332485113,-2.0376010980361654,0.0,0.0,0.0,1.0,12.740520064864135
0.6558145846904344,0.9887165072980938,-1.0412081976030116,-0.9241467807314468,0.0,0.0,0.0,1.0,12.413090879946887
0.4126432161055456,0.9837279445323459,-1.03652824256371,-0.446952073315139,0.0,0.0,0.0,1.0,12.544689010436022
0.058192694986221025,0.9787393817665909,-1.0318482875244115,-0.3674196220790877,0.0,0.0,0.0,1.0,12.755640983610817
0.6631913409233237,0.9837279445323459,-1.0318482875244115,-0.6060169757872417,0.0,0.0,0.0,1.0,12.933623668263472
1.422578693550186,0.9787393817665909,-1.027168332485113,-0.9241467807314468,0.0,0.0,0.0,1.0,12.754774810223829
1.4231018677511003,0.9887165072980938,-1.0318482875244115,-1.1627441344396008,0.0,0.0,0.0,1.0,12.790523196230899
-1.1703249636003439,0.9488080051720754,-1.0131284673672147,-0.5264845245511903,0.0,0.0,0.0,0.0,13.122367377396328
1.4695597367922753,0.9488080051720754,-1.027168332485113,-0.28788717084303633,0.0,0.0,0.0,0.0,13.122367377396328
0.7971239363573411,0.9488080051720754,-1.0178084224065131,-0.8446143294953956,0.0,0.0,0.0,0.0,12.611541086966115
0.6337889508319492,0.9537965679378304,-1.0178084224065131,-0.20835471960698504,0.0,0.0,0.0,0.0,12.571066392083603
0.6414796115853871,0.9537965679378304,-1.0178084224065131,-0.04928981713488239,0.0,0.0,0.0,0.0,12.653002741394129
-0.7804032316590412,0.9537965679378304,-1.0084485123279163,-0.5264845245511903,0.0,0.0,0.0,0.0,13.122367377396328
0.25323203708700937,0.9587851307035782,-1.0037685572886146,-1.0036792319674983,0.0,0.0,0.0,0.0,12.42440865913169
0.8070119287546184,0.9587851307035782,-1.0084485123279163,-1.4808739393838062,0.0,0.0,0.0,0.0,12.904707242642809
4.799563525610726,0.9587851307035782,-1.0084485123279163,-1.7990037443280114,0.0,0.0,0.0,0.0,13.122367377396328
1.7395699418840587,0.9687622562350882,-0.9990886022493162,-1.3218090369117035,0.0,0.0,0.0,0.0,12.775924437795926
1.287338162613883,0.9687622562350882,-1.0131284673672147,-1.958068646800114,0.0,0.0,0.0,1.0,12.45293662970407
1.1567538820657155,0.9587851307035782,-1.0178084224065131,-0.7650818782593443,0.0,0.0,0.0,0.0,12.532858837800037
0.9412584287091845,0.9637736934693332,-1.0084485123279163,-1.3218090369117035,0.0,0.0,0.0,0.0,12.52779738470044
0.8442619318597047,0.9587851307035782,-1.0224883774458116,-1.0832116832035494,0.0,0.0,0.0,1.0,12.385477452742727
3.412157862206539,0.9188766285775599,-1.0037685572886146,0.18930753657327157,0.0,0.0,0.0,0.0,13.122367377396328
0.5902085398958022,0.9039109402803022,-1.0084485123279163,0.7460346952256308,0.0,0.0,0.0,0.0,12.851082074053602
2.0652981993731974,0.913888065811812,-0.9944086472100179,0.03024263410116893,0.0,0.0,0.0,0.0,13.122367377396328
2.1006647753549927,0.9188766285775599,-0.9850487371314177,-2.0376010980361654,0.0,0.0,0.0,0.0,12.949439919803783
0.5785417552154168,0.9238651913433148,-0.9803687820921193,-1.2422765856756521,0.0,0.0,0.0,0.0,12.408200914579284
0.6469729406949852,0.9238651913433148,-0.9850487371314177,-1.1627441344396008,0.0,0.0,0.0,0.0,12.434406702831367
0.6574887421333594,0.9238651913433148,-0.9944086472100179,-0.9241467807314468,0.0,0.0,0.0,0.0,12.688501881189456
0.9688297090973597,0.9238651913433148,-1.0037685572886146,-1.958068646800114,0.0,0.0,0.0,0.0,13.122367377396328
3.1159366296489575,0.9188766285775599,-1.0037685572886146,-0.9241467807314468,0.0,0.0,0.0,0.0,13.122367377396328
1.2044673691890844,0.9188766285775599,-0.9944086472100179,-1.8785361955640627,0.0,0.0,0.0,0.0,12.597780217902699
1.3313894303308529,0.9388308796405725,-0.9522890518563224,-0.7650818782593443,0.0,0.0,0.0,0.0,12.571066392083603
1.5376770177512953,0.9438194424063204,-0.9522890518563224,-0.3674196220790877,0.0,0.0,0.0,0.0,12.490879338036375
0.8297176890742918,0.9388308796405725,-0.9522890518563224,-0.9241467807314468,0.0,0.0,0.0,0.0,12.33270970174018
-0.2099340829822715,0.9388308796405725,-0.9522890518563224,-1.0036792319674983,0.0,0.0,0.0,0.0,12.540761149388421
1.3942749692807315,0.9388308796405725,-0.9522890518563224,-1.3218090369117035,0.0,0.0,0.0,0.0,12.712893259942282
2.1199175859486328,0.9388308796405725,-0.9569690068956207,-1.2422765856756521,0.0,0.0,0.0,0.0,12.760247946533124
2.60924241606362,0.9438194424063204,-0.9569690068956207,-1.3218090369117035,0.0,0.0,0.0,0.0,12.657151449598695
1.90510225905329,0.9388308796405725,-0.9616489619349224,-1.8785361955640627,0.0,0.0,0.0,0.0,12.706850963741102
5.7678020192425095,0.9438194424063204,-0.9569690068956207,-1.6399388418559087,0.0,0.0,0.0,0.0,13.122367377396328
3.410588339603797,0.9388308796405725,-0.9616489619349224,-1.6399388418559087,0.0,0.0,0.0,0.0,13.122367377396328
1.1770007236410926,0.9438194424063204,-1.0131284673672147,-1.71947129309196,0.0,0.0,0.0,0.0,12.562351010841997
0.6154778537999545,0.9438194424063204,-1.0084485123279163,-1.0832116832035494,0.0,0.0,0.0,0.0,12.351907415253551
0.1929100517216102,0.9438194424063204,-1.0037685572886146,-0.9241467807314468,0.0,0.0,0.0,0.0,12.276069679344003
-0.8803818214537319,0.9488080051720754,-1.0037685572886146,-1.0832116832035494,0.0,0.0,0.0,0.0,12.118884889350285
2.2427065709031795,0.9488080051720754,-1.0037685572886146,-1.4808739393838062,0.0,0.0,0.0,0.0,12.429220196836383
1.2800660412211768,0.9438194424063204,-0.9944086472100179,-0.7650818782593443,0.0,0.0,0.0,0.0,13.08320874206786
1.297749329212074,0.9438194424063204,-1.0037685572886146,-0.8446143294953956,0.0,0.0,0.0,0.0,12.592358332109097
1.2060368917918267,0.9388308796405725,-1.0084485123279163,-0.28788717084303633,0.0,0.0,0.0,0.0,12.57245383112879
0.07346938165291386,0.9537965679378304,-0.9944086472100179,-0.8446143294953956,0.0,0.0,0.0,0.0,12.152677143050752
0.3122984043702152,0.9537965679378304,-0.9990886022493162,-1.0036792319674983,0.0,0.0,0.0,0.0,12.135118924261802
0.08503153149311618,0.9488080051720754,-0.9944086472100179,-0.9241467807314468,0.0,0.0,0.0,0.0,11.698583117470207
-0.20773675133843217,0.9488080051720754,-0.9944086472100179,-0.8446143294953956,0.0,0.0,0.0,0.0,11.747214672056005
-0.47089337439824064,0.9488080051720754,-0.9944086472100179,-0.7650818782593443,0.0,0.0,0.0,0.0,12.124868013083418
-0.008512015630330785,0.9388308796405725,-1.0131284673672147,-0.446952073315139,0.0,0.0,0.0,0.0,12.611541086966115
0.14650450010052654,0.9338423168748177,-1.0131284673672147,-0.6855494270232929,0.0,0.0,0.0,0.0,12.67857627217662
-0.108961462205844,0.9388308796405725,-1.0131284673672147,-0.7650818782593443,0.0,0.0,0.0,0.0,12.40410759774362
-0.0188185473883391,0.9338423168748177,-1.0131284673672147,-0.6060169757872417,0.0,0.0,0.0,0.0,12.765691290604371
0.011996413045503257,0.9238651913433148,-1.0318482875244115,-1.8785361955640627,0.0,0.0,0.0,0.0,13.122367377396328
1.1450870973853307,0.9438194424063204,-0.9756888270528209,-1.8785361955640627,0.0,0.0,0.0,0.0,12.66191713053049
1.9575766314049778,0.9438194424063204,-0.9803687820921193,-1.8785361955640627,0.0,0.0,0.0,0.0,12.740813018453595
0.9818567467001214,0.9438194424063204,-0.9897286921707161,-1.8785361955640627,0.0,0.0,0.0,0.0,12.684791313266565
1.5299863569978573,0.9388308796405725,-0.9756888270528209,-1.5604063906198575,0.0,0.0,0.0,0.0,12.670752754955478
1.3932809382989946,0.9388308796405725,-0.9803687820921193,-0.6855494270232929,0.0,0.0,0.0,0.0,12.513561021741964
1.1564922949652587,0.9388308796405725,-0.9850487371314177,-0.9241467807314468,0.0,0.0,0.0,0.0,12.552852292101369
-0.22536772190923846,0.9388308796405725,-0.9897286921707161,-1.958068646800114,0.0,0.0,0.0,0.0,12.691583538230217
1.5442166952627217,0.9338423168748177,-0.9944086472100179,-2.1171335492722165,0.0,0.0,0.0,0.0,12.53897064502647
0.34620009258945095,0.9388308796405725,-0.9897286921707161,-2.0376010980361654,0.0,0.0,0.0,0.0,12.536099153001324
1.0633672872025433,0.9338423168748177,-0.9850487371314177,-1.8785361955640627,0.0,0.0,0.0,0.0,12.57245383112879
1.1637644163579648,0.9288537541090698,-0.9897286921707161,-0.9241467807314468,0.0,0.0,0.0,0.0,12.739347391533249
4.850573010199854,0.9288537541090698,-0.9944086472100179,-1.4013414881477548,0.0,0.0,0.0,0.0,13.096021455450709
1.3093637964723677,0.9288537541090698,-0.9944086472100179,-1.3218090369117035,0.0,0.0,0.0,0.0,13.122367377396328
3.2624777233250053,0.9438194424063204,-0.9663289169742209,-2.1171335492722165,0.0,0.0,0.0,0.0,13.122367377396328
1.149952617453832,0.9388308796405725,-0.9756888270528209,-2.0376010980361654,0.0,0.0,0.0,0.0,12.521981322562505
1.7250780165187376,0.9338423168748177,-0.9756888270528209,-1.3218090369117035,0.0,0.0,0.0,0.0,12.476485204641877
1.5998824302399857,0.9338423168748177,-0.9710088720135193,-2.1171335492722165,0.0,0.0,0.0,0.0,12.606528561892935
3.434758987686029,0.9288537541090698,-0.9803687820921193,-1.71947129309196,0.0,0.0,0.0,0.0,13.025414054939377
1.8371419303545446,0.9288537541090698,-0.9803687820921193,-1.0832116832035494,0.0,0.0,0.0,0.0,12.670752754955478
0.39621554619684207,0.9288537541090698,-0.9616489619349224,-2.1171335492722165,0.0,0.0,0.0,0.0,12.141539457711714
-0.134283093530088,0.9338423168748177,-0.9663289169742209,-1.5604063906198575,0.0,0.0,0.0,0.0,11.694421681264394
0.5235561466993415,0.9288537541090698,-0.9663289169742209,-1.7990037443280114,0.0,0.0,0.0,0.0,11.87965667474488
1.2502974291891624,0.9438194424063204,-0.9944086472100179,-1.958068646800114,0.0,0.0,0.0,0.0,12.500609917318906
0.410393567041615,0.9388308796405725,-0.9944086472100179,-1.958068646800114,0.0,0.0,0.0,0.0,12.06105265381003
0.8849125672707328,0.9338423168748177,-0.9990886022493162,-1.958068646800114,0.0,0.0,0.0,0.0,12.41064888623027
2.462439735287115,0.9288537541090698,-1.0037685572886146,-1.8785361955640627,0.0,0.0,0.0,0.0,12.893455745650755
2.5545707120680934,0.9338423168748177,-0.9990886022493162,-1.958068646800114,0.0,0.0,0.0,0.0,12.98241371741132
1.2983248208330798,0.9338423168748177,-1.0084485123279163,-1.4808739393838062,0.0,0.0,0.0,0.0,12.726950575147725
1.2726369675681957,0.9338423168748177,-1.0084485123279163,-1.7990037443280114,0.0,0.0,0.0,0.0,12.737585799068283
1.383445263321809,0.9288537541090698,-1.0131284673672147,-1.1627441344396008,0.0,0.0,0.0,0.0,12.817198704312052
0.5303574113112252,0.913888065811812,-1.0178084224065131,-1.5604063906198575,0.0,0.0,0.0,0.0,13.026074919241733
0.8760186058551923,0.9288537541090698,-1.0131284673672147,-0.9241467807314468,0.0,0.0,0.0,0.0,12.753329518587048
-0.5530317239417594,0.9338423168748177,-0.9148494115419287,0.03024263410116893,0.0,0.0,0.0,0.0,11.998439434579149
2.3475506807663717,0.9039109402803022,-0.9008095464240301,-1.1627441344396008,0.0,0.0,0.0,0.0,12.780157535035352
-0.30980803793677936,0.908899503046057,-0.9008095464240301,-1.0832116832035494,0.0,0.0,0.0,0.0,11.972253562968545
2.111651433574189,0.9039109402803022,-0.9054895014633285,-1.3218090369117035,0.0,0.0,0.0,0.0,12.751012698311857
1.7985839917471729,0.8989223775145543,-0.9008095464240301,-1.0832116832035494,0.0,0.0,0.0,0.0,12.728137867696542
0.8737689567912618,0.8989223775145543,-0.9054895014633285,-2.0376010980361654,0.0,0.0,0.0,0.0,12.242891437918386
-0.08452922702315405,0.8989223775145543,-0.9054895014633285,-1.958068646800114,0.0,0.0,0.0,0.0,11.83138646878959
1.166641874462993,0.9388308796405725,-0.9288892766598271,-1.0036792319674983,0.0,0.0,0.0,0.0,12.523074413969974
2.4759376296706996,0.9288537541090698,-0.9288892766598271,-1.0036792319674983,0.0,0.0,0.0,0.0,12.635908363171778
1.2085481279562147,0.9338423168748177,-0.9288892766598271,-1.0036792319674983,0.0,0.0,0.0,0.0,12.781564594766413
2.2155015124556448,0.9288537541090698,-0.9335692316991255,-1.1627441344396008,0.0,0.0,0.0,0.0,12.640776116195056
1.0273205847595595,0.9288537541090698,-0.9382491867384238,-1.0036792319674983,0.0,0.0,0.0,0.0,12.304110918882833
0.3738760078178086,0.9288537541090698,-0.9382491867384238,-1.0036792319674983,0.0,0.0,0.0,0.0,12.395870352803575
-0.23551730140697266,0.9288537541090698,-0.9382491867384238,-1.0036792319674983,0.0,0.0,0.0,0.0,12.3000228100237
0.7095445751243155,0.9338423168748177,-0.9382491867384238,-1.0036792319674983,0.0,0.0,0.0,0.0,12.566543874451872
-0.8262856090792106,0.9238651913433148,-0.9335692316991255,-1.0036792319674983,0.0,0.0,0.0,0.0,11.119897691565697
0.6237963235944893,0.9338423168748177,-0.9429291417777256,-0.7650818782593443,0.0,0.0,0.0,0.0,12.32652323122033
0.880047047202231,0.9338423168748177,-0.9382491867384238,-0.446952073315139,0.0,0.0,0.0,0.0,12.39545670404338
3.4391013335536162,0.9039109402803022,-0.8961295913847318,-1.4013414881477548,0.0,0.0,0.0,0.0,12.863854272251563
2.1437743295103173,0.9039109402803022,-0.8961295913847318,-1.1627441344396008,0.0,0.0,0.0,0.0,12.817741296450725
2.5551985211091908,0.908899503046057,-0.8961295913847318,-1.4808739393838062,0.0,0.0,0.0,0.0,12.80078251189375
-0.3418262990327242,0.9039109402803022,-0.9008095464240301,-1.0832116832035494,0.0,0.0,0.0,0.0,11.592669666556795
0.12578680174432688,0.913888065811812,-0.8914496363454334,-0.8446143294953956,0.0,0.0,0.0,0.0,11.37940550085183
2.3119225176841187,0.9388308796405725,-0.9242093216205287,-1.4013414881477548,0.0,0.0,0.0,0.0,12.767118838519758
1.6081485826144288,0.9388308796405725,-0.9242093216205287,-1.8785361955640627,0.0,0.0,0.0,0.0,12.32696639345598
0.9958254978645287,0.9488080051720754,-0.919529366581227,-1.8785361955640627,0.0,0.0,0.0,0.0,12.641746829842827
0.448794553388712,0.9488080051720754,-0.9242093216205287,-1.958068646800114,0.0,0.0,0.0,0.0,12.377505973448748
1.0734122318600943,0.9438194424063204,-0.9288892766598271,-1.7990037443280114,0.0,0.0,0.0,0.0,12.3879816172226
1.3762777767692853,0.9637736934693332,-0.9148494115419287,-1.958068646800114,0.0,0.0,0.0,0.0,12.402465567990559
-0.9994562695817882,0.9338423168748177,-0.8961295913847318,-1.7990037443280114,0.0,0.0,0.0,0.0,13.122367377396328
1.9282265587336946,0.9388308796405725,-0.9288892766598271,-1.0832116832035494,0.0,0.0,0.0,0.0,12.618185607609803
2.258192527250238,0.9338423168748177,-0.9335692316991255,-1.0832116832035494,0.0,0.0,0.0,0.0,12.69649452136317
0.5397222295075881,0.9388308796405725,-0.9382491867384238,-0.446952073315139,0.0,0.0,0.0,0.0,12.520156844130765
0.983373951882772,0.9388308796405725,-0.9335692316991255,-0.8446143294953956,0.0,0.0,0.0,0.0,12.282111965715732
1.620704763436368,0.9388308796405725,-0.9335692316991255,-1.0036792319674983,0.0,0.0,0.0,0.0,12.476103599529843
-0.5186068615216096,0.8739795636857937,-0.9008095464240301,-1.5604063906198575,0.0,0.0,0.0,0.0,11.998439434579149
1.4243051684132029,0.8739795636857937,-0.8961295913847318,-0.3674196220790877,0.0,0.0,0.0,0.0,12.516497870633875
-0.8916823841934771,0.8789681264515415,-0.8914496363454334,-0.9241467807314468,0.0,0.0,0.0,0.0,12.473428278520133
0.49425839144815004,0.8839566892172965,-0.8961295913847318,-1.0036792319674983,0.0,0.0,0.0,0.0,12.21305322449757
1.8314393315645803,0.8789681264515415,-0.9008095464240301,-1.0036792319674983,0.0,0.0,0.0,0.0,12.619509230160354
1.5627893793951737,0.8739795636857937,-0.8961295913847318,-0.3674196220790877,0.0,0.0,0.0,0.0,12.529969716574515
0.8101509739601033,0.8989223775145543,-0.9054895014633285,-1.0832116832035494,0.0,0.0,0.0,0.0,12.139938184891703
-0.04053027672627563,0.8989223775145543,-0.9101694565026303,-1.1627441344396008,0.0,0.0,0.0,0.0,12.123239799036943
0.6209188654894617,0.8989223775145543,-0.9101694565026303,-1.0832116832035494,0.0,0.0,0.0,0.0,11.944714374881176
0.6558669021105257,0.8939338147487993,-0.9101694565026303,-1.0036792319674983,0.0,0.0,0.0,0.0,12.38380451915696
1.1712458074310372,0.8939338147487993,-0.9148494115419287,-0.7650818782593443,0.0,0.0,0.0,0.0,12.662234036516644
1.5410776500572372,0.8839566892172965,-0.9101694565026303,-1.0036792319674983,0.0,0.0,0.0,0.0,12.693120812822663
0.9601450173621848,0.8889452519830443,-0.9101694565026303,-1.0036792319674983,0.0,0.0,0.0,0.0,12.656832928552909
1.567393312363218,0.8889452519830443,-0.9148494115419287,-1.0036792319674983,0.0,0.0,0.0,0.0,12.694962428316714
0.2944581641190431,0.8839566892172965,-0.9148494115419287,-1.1627441344396008,0.0,0.0,0.0,0.0,12.633628610612188
0.17370955854806167,0.8839566892172965,-0.9101694565026303,-1.1627441344396008,0.0,0.0,0.0,0.0,12.433212202169729
2.151517307683846,0.8839566892172965,-0.9101694565026303,-1.0832116832035494,0.0,0.0,0.0,0.0,12.700771936142122
-0.12831890763966708,0.8839566892172965,-0.9148494115419287,-1.8785361955640627,0.0,0.0,0.0,0.0,12.323860125621126
1.5888957720207886,0.8839566892172965,-0.9148494115419287,-1.6399388418559087,0.0,0.0,0.0,0.0,12.521251930587761
2.031291876313779,0.8789681264515415,-0.919529366581227,-1.6399388418559087,0.0,0.0,0.0,0.0,12.745197054748889
0.3796309240278637,0.8789681264515415,-0.919529366581227,-1.6399388418559087,0.0,0.0,0.0,0.0,12.398761113062513
0.6990287736859413,0.8789681264515415,-0.919529366581227,-1.5604063906198575,0.0,0.0,0.0,0.0,12.20407565286699
1.7401977509251556,0.8789681264515415,-0.919529366581227,-1.5604063906198575,0.0,0.0,0.0,0.0,12.524530013005734
1.873921076678808,0.8789681264515415,-0.919529366581227,-1.5604063906198575,0.0,0.0,0.0,0.0,12.600143080224452
0.6707250494164868,0.8789681264515415,-0.9148494115419287,-1.6399388418559087,0.0,0.0,0.0,0.0,12.166296978418426
1.1442500186638678,0.8939338147487993,-0.9148494115419287,-1.0832116832035494,0.0,0.0,0.0,0.0,12.364361892519216
0.42012460717861744,0.8939338147487993,-0.9148494115419287,-1.1627441344396008,0.0,0.0,0.0,0.0,12.374975404956045
1.7450632709936573,0.8889452519830443,-0.9148494115419287,-1.2422765856756521,0.0,0.0,0.0,0.0,12.649157827477366
0.074515730054742,0.8939338147487993,-0.9148494115419287,-1.4013414881477548,0.0,0.0,0.0,0.0,12.369894975232734
0.9990168604901049,0.8889452519830443,-0.9148494115419287,-1.5604063906198575,0.0,0.0,0.0,0.0,12.490879338036375
2.5419622138260625,0.8889452519830443,-0.9148494115419287,-1.4808739393838062,0.0,0.0,0.0,0.0,12.8354836496546
0.9938374359010549,0.8839566892172965,-0.919529366581227,-1.8785361955640627,0.0,0.0,0.0,0.0,12.388398368982115
2.3060106492137895,0.8839566892172965,-0.919529366581227,-1.8785361955640627,0.0,0.0,0.0,0.0,12.619839862232693
1.5276320730937438,0.8839566892172965,-0.919529366581227,-1.958068646800114,0.0,0.0,0.0,0.0,12.704119973516908
-0.7601563900836644,0.8789681264515415,-0.9101694565026303,-1.8785361955640627,0.0,0.0,0.0,0.0,13.017005083966255
0.35085634297758655,0.8789681264515415,-0.9148494115419287,-1.958068646800114,0.0,0.0,0.0,0.0,13.122367377396328
2.5746082839631046,0.8739795636857937,-0.9148494115419287,-1.958068646800114,0.0,0.0,0.0,0.0,12.79552736290336
2.1148951136198577,0.8739795636857937,-0.9148494115419287,-2.0376010980361654,0.0,0.0,0.0,0.0,12.717700947064154
1.2554768537782122,0.8739795636857937,-0.919529366581227,-0.9241467807314468,0.0,0.0,0.0,0.0,12.580050526513531
0.15116075048866215,0.8689910009200388,-0.9148494115419287,-1.958068646800114,0.0,0.0,0.0,0.0,12.12541016250223
1.1840635753534332,0.8739795636857937,-0.9148494115419287,-2.0376010980361654,0.0,0.0,0.0,0.0,12.788291058675025
0.3312373104433068,0.8989223775145543,-0.919529366581227,-1.3218090369117035,0.0,0.0,0.0,0.0,11.984184555794167
1.411539717910898,0.8989223775145543,-0.8961295913847318,-1.4808739393838062,0.0,0.0,0.0,0.0,12.537894801551152
2.0600664573640564,0.8989223775145543,-0.8961295913847318,-1.5604063906198575,0.0,0.0,0.0,0.0,12.627086246885055
2.215553829875736,0.8989223775145543,-0.9008095464240301,-1.2422765856756521,0.0,0.0,0.0,0.0,12.847402710321575
1.940154930514537,0.8989223775145543,-0.9008095464240301,-1.8785361955640627,0.0,0.0,0.0,0.0,12.836548893256682
0.8825059659465279,0.8989223775145543,-0.9008095464240301,-1.958068646800114,0.0,0.0,0.0,0.0,12.336227719801212
1.8183076591216356,0.8939338147487993,-0.9008095464240301,-1.0036792319674983,0.0,0.0,0.0,0.0,12.710480720812354
0.3860136492790161,0.8939338147487993,-0.9008095464240301,-1.958068646800114,0.0,0.0,0.0,0.0,12.182809136284991
1.7427613045096348,0.8889452519830443,-0.8914496363454334,-2.0376010980361654,0.0,0.0,0.0,0.0,12.582112375828691
0.8018848215856598,0.8939338147487993,-0.9054895014633285,-1.0036792319674983,0.0,0.0,0.0,0.0,12.36265322789447
1.2836236257873925,0.8889452519830443,-0.9054895014633285,-1.0036792319674983,0.0,0.0,0.0,0.0,12.41755243891307
1.224191036563547,0.8889452519830443,-0.9008095464240301,-1.0036792319674983,0.0,0.0,0.0,0.0,12.553912171868914
1.690182297317765,0.8889452519830443,-0.9008095464240301,-1.0036792319674983,0.0,0.0,0.0,0.0,12.655238799709434
0.2889648350094449,0.8889452519830443,-0.9054895014633285,-1.7990037443280114,0.0,0.0,0.0,0.0,12.386312871189734
0.7408303923389806,0.8839566892172965,-0.9054895014633285,-1.8785361955640627,0.0,0.0,0.0,0.0,12.175618592671356
0.6789912017909303,0.8889452519830443,-0.9054895014633285,-1.0036792319674983,0.0,0.0,0.0,0.0,12.33578864378571
1.4136324147145543,0.8889452519830443,-0.9101694565026303,-1.0832116832035494,0.0,0.0,0.0,0.0,12.408200914579284
2.5437933235292625,0.8889452519830443,-0.9101694565026303,-1.0036792319674983,0.0,0.0,0.0,0.0,12.73670383776449
-0.27857453814220573,0.8839566892172965,-0.9101694565026303,-1.2422765856756521,0.0,0.0,0.0,0.0,12.71680126459136
0.13295428829685052,0.8839566892172965,-0.9756888270528209,0.7460346952256308,0.0,0.0,0.0,0.0,12.979187915595174
2.0873238332316824,0.8889452519830443,-0.9710088720135193,0.5869697927535281,0.0,0.0,0.0,0.0,13.122367377396328
3.7060771282800986,0.8789681264515415,-0.9710088720135193,-0.3674196220790877,0.0,0.0,0.0,0.0,13.122367377396328
1.025855696997,0.8839566892172965,-0.9756888270528209,0.5074373415174769,0.0,0.0,0.0,0.0,13.122367377396328
0.14796938786308597,0.8839566892172965,-0.9850487371314177,0.9846320489337848,0.0,0.0,0.0,0.0,13.122367377396328
-0.8262856090792106,0.8939338147487993,-0.9803687820921193,0.03024263410116893,0.0,0.0,0.0,0.0,13.017005083966255
-0.028915809465981778,0.8889452519830443,-0.9756888270528209,0.8255671464616822,0.0,0.0,0.0,0.0,13.021660885180273
0.6353584734346917,0.908899503046057,-0.9803687820921193,-0.6060169757872417,0.0,0.0,0.0,0.0,12.843181079306648
0.29827733578571614,0.8989223775145543,-0.9944086472100179,0.03024263410116893,0.0,0.0,0.0,0.0,13.122367377396328
1.5223480136645113,0.8989223775145543,-0.9756888270528209,-0.04928981713488239,0.0,0.0,0.0,0.0,13.120563759062184
0.508802634233563,0.9188766285775599,-0.9663289169742209,-1.8785361955640627,0.0,0.0,0.0,0.0,12.177678315028167
-0.0006644026166187388,0.8540253126227809,-0.919529366581227,-1.0036792319674983,0.0,0.0,0.0,0.0,13.017005083966255
-0.709722397115542,0.8739795636857937,-0.919529366581227,-1.0832116832035494,0.0,0.0,0.0,0.0,12.765691290604371
-0.04115808576737252,0.8689910009200388,-0.919529366581227,-0.9241467807314468,0.0,0.0,0.0,0.0,12.524530013005734
1.3912928763355208,0.8689910009200388,-0.9242093216205287,-1.0832116832035494,0.0,0.0,0.0,0.0,12.516497870633875
0.7669891023846872,0.8689910009200388,-0.9242093216205287,-1.0036792319674983,0.0,0.0,0.0,0.0,12.583484584029573
0.06473237249764777,0.8839566892172965,-0.9242093216205287,-1.0036792319674983,0.0,0.0,0.0,0.0,12.316723641882957
3.2433818649916395,0.8789681264515415,-0.9242093216205287,-1.0036792319674983,0.0,0.0,0.0,0.0,12.858139985830508
1.0457886340518285,0.8789681264515415,-0.9242093216205287,-0.6855494270232929,0.0,0.0,0.0,0.0,12.521616693076714
1.332802000673321,0.8739795636857937,-0.9242093216205287,-0.3674196220790877,0.0,0.0,0.0,0.0,12.536817799389974
-0.7654404495128971,0.8640024381542838,-0.9335692316991255,-1.4013414881477548,0.0,0.0,0.0,0.0,12.197541357359519
2.0475625939622084,0.849036749857026,-0.947609096817024,-0.28788717084303633,0.0,0.0,0.0,0.0,13.122367377396328
2.471386014122746,0.8540253126227809,-0.947609096817024,-1.0832116832035494,0.0,0.0,0.0,0.0,13.122367377396328
3.2704822885989917,0.8440481870912782,-0.9756888270528209,-0.12882226837093372,0.0,0.0,0.0,0.0,13.122367377396328
2.7077561180957512,0.8640024381542838,-0.9522890518563224,-0.6060169757872417,0.0,0.0,0.0,0.0,13.122367377396328
2.1243122492363113,0.8540253126227809,-0.9429291417777256,-0.446952073315139,0.0,0.0,0.0,0.0,13.122367377396328
3.307836926544261,0.8540253126227809,-0.9429291417777256,-0.9241467807314468,0.0,0.0,0.0,0.0,13.122367377396328
3.4074492943983117,0.8590138753885359,-0.9429291417777256,-0.8446143294953956,0.0,0.0,0.0,0.0,13.122367377396328
1.9311040168387226,0.8590138753885359,-0.947609096817024,-1.1627441344396008,0.0,0.0,0.0,0.0,13.122367377396328
5.819700899973191,0.8590138753885359,-0.9429291417777256,-1.2422765856756521,0.0,0.0,0.0,0.0,13.122367377396328
0.7500382582750693,0.8540253126227809,-0.9382491867384238,-0.9241467807314468,0.0,0.0,0.0,0.0,13.122367377396328
1.7502426955827073,0.8989223775145543,-0.9803687820921193,-0.04928981713488239,0.0,0.0,0.0,0.0,13.122367377396328
1.595383132112124,0.9039109402803022,-0.9803687820921193,-0.04928981713488239,0.0,0.0,0.0,0.0,13.052801058098455
0.1536196692329589,0.8989223775145543,-0.9803687820921193,1.4618267563500926,0.0,0.0,0.0,0.0,12.831211291413265
-0.3167662548089374,0.8989223775145543,-0.9850487371314177,1.3822943051140413,0.0,0.0,0.0,0.0,12.860221688165133
2.146651787615345,0.9039109402803022,-0.9850487371314177,-0.04928981713488239,0.0,0.0,0.0,0.0,12.962431686352183
2.398821752455956,0.9039109402803022,-0.9850487371314177,-0.8446143294953956,0.0,0.0,0.0,0.0,12.878764535855812
3.5359408781428225,0.9039109402803022,-0.9850487371314177,-0.3674196220790877,0.0,0.0,0.0,0.0,13.122367377396328
0.6840136741197059,0.8989223775145543,-0.9850487371314177,0.2688399878093229,0.0,0.0,0.0,0.0,13.007179211757864
1.4342977956506626,0.8939338147487993,-0.9944086472100179,1.2232294026419388,0.0,0.0,0.0,0.0,13.122367377396328
0.8566611604213695,0.9188766285775599,-0.9382491867384238,-1.0832116832035494,0.0,0.0,0.0,0.0,11.994122464057146
0.9476934713804287,0.913888065811812,-0.9429291417777256,-1.0036792319674983,0.0,0.0,0.0,0.0,12.351907415253551
0.8673862315401093,0.908899503046057,-0.9335692316991255,-1.5604063906198575,0.0,0.0,0.0,0.0,12.11341444611523
-0.37060088008300157,0.9238651913433148,-0.9429291417777256,-0.6060169757872417,0.0,0.0,0.0,0.0,11.608244735642321
-0.5325756126860169,0.9238651913433148,-0.9429291417777256,-0.7650818782593443,0.0,0.0,0.0,0.0,11.569315250157509
-0.7749622199695342,0.9288537541090698,-0.947609096817024,-0.28788717084303633,0.0,0.0,0.0,0.0,11.293537353157436
-1.0339334494220296,0.9238651913433148,-0.9382491867384238,-1.0832116832035494,0.0,0.0,0.0,0.0,11.998439434579149
-0.582224844352768,0.9238651913433148,-0.9429291417777256,-0.7650818782593443,0.0,0.0,0.0,0.0,11.372524818667134
0.5152376769048072,0.9188766285775599,-0.947609096817024,-1.0036792319674983,0.0,0.0,0.0,0.0,12.137799158081608
-0.21223604946629368,0.913888065811812,-0.9429291417777256,-1.0036792319674983,0.0,0.0,0.0,0.0,12.39545670404338
-0.07014193649801549,0.913888065811812,-0.947609096817024,-1.0036792319674983,0.0,0.0,0.0,0.0,12.34496899599742
-0.16415634040228502,0.913888065811812,-0.947609096817024,-0.9241467807314468,0.0,0.0,0.0,0.0,12.105152257898368
-0.3653691380738601,0.908899503046057,-0.947609096817024,-0.9241467807314468,0.0,0.0,0.0,0.0,12.136191879981927
0.5355891533203668,0.908899503046057,-0.9522890518563224,-1.8785361955640627,0.0,0.0,0.0,0.0,12.451372913840931
-0.30959876825641375,0.908899503046057,-0.947609096817024,-1.0036792319674983,0.0,0.0,0.0,0.0,12.335349374897772
-0.6280025869327546,0.9188766285775599,-0.947609096817024,-0.9241467807314468,0.0,0.0,0.0,0.0,11.700242855114809
-0.11921567654376101,0.9338423168748177,-0.947609096817024,-1.0036792319674983,0.0,0.0,0.0,0.0,12.684171544482453
-0.7841700859056229,0.9338423168748177,-0.9522890518563224,-0.20835471960698504,0.0,0.0,0.0,0.0,11.215879689565481
-0.16959735209179208,0.9288537541090698,-0.9522890518563224,-1.6399388418559087,0.0,0.0,0.0,0.0,12.34496899599742
-0.8044169274809999,0.9288537541090698,-0.9522890518563224,-0.28788717084303633,0.0,0.0,0.0,0.0,11.222586532857163
-0.6841914961109324,0.9238651913433148,-0.947609096817024,-0.20835471960698504,0.0,0.0,0.0,0.0,11.294781892900653
-0.7252606708826915,0.9238651913433148,-0.947609096817024,-0.20835471960698504,0.0,0.0,0.0,0.0,11.303450570483712
-0.6233463365446187,0.9288537541090698,-0.947609096817024,-0.20835471960698504,0.0,0.0,0.0,0.0,11.21318430646977
-0.8017487390563378,0.9288537541090698,-0.947609096817024,-0.20835471960698504,0.0,0.0,0.0,0.0,11.18859323930985
-0.5839513192157846,0.9288537541090698,-0.9522890518563224,-0.28788717084303633,0.0,0.0,0.0,0.0,11.19135563385109
-0.6546321537592839,0.9338423168748177,-0.9522890518563224,-0.20835471960698504,0.0,0.0,0.0,0.0,11.297266335365645
-0.39927082629309585,0.9338423168748177,-0.9522890518563224,-0.28788717084303633,0.0,0.0,0.0,0.0,11.252871529635922
0.152521003411039,0.9338423168748177,-0.9569690068956207,-1.4013414881477548,0.0,0.0,0.0,0.0,12.159510248044802
0.3698998838908612,0.8640024381542838,-0.9242093216205287,-1.8785361955640627,0.0,0.0,0.0,0.0,12.347576548072231
-0.04738385875825082,0.8640024381542838,-0.9242093216205287,-1.8785361955640627,0.0,0.0,0.0,0.0,12.352771342460947
-0.8632740250838398,0.8640024381542838,-0.9288892766598271,-1.958068646800114,0.0,0.0,0.0,0.0,12.323860125621126
2.1164646362226,0.8689910009200388,-0.9242093216205287,-1.958068646800114,0.0,0.0,0.0,0.0,12.598793556907369
-0.04644214519660525,0.8689910009200388,-0.9288892766598271,-1.5604063906198575,0.0,0.0,0.0,0.0,12.141539457711714
0.12243848685847634,0.8689910009200388,-0.9288892766598271,-1.6399388418559087,0.0,0.0,0.0,0.0,12.430818911810329
1.3709413999199611,0.8739795636857937,-0.9242093216205287,-1.0832116832035494,0.0,0.0,0.0,0.0,12.86747370841737
2.21461211631409,0.8789681264515415,-0.9382491867384238,-0.9241467807314468,0.0,0.0,0.0,0.0,12.924890009482901
1.3110379539152932,0.8739795636857937,-0.9288892766598271,-0.8446143294953956,0.0,0.0,0.0,0.0,12.80078251189375
0.166437437155355,0.8839566892172965,-0.9382491867384238,-1.6399388418559087,0.0,0.0,0.0,0.0,12.509139512775626
2.6122245090088314,0.8839566892172965,-0.9335692316991255,-1.6399388418559087,0.0,0.0,0.0,0.0,13.01789357605382
3.785599606819046,0.8839566892172965,-0.9382491867384238,-1.0832116832035494,0.0,0.0,0.0,0.0,13.108266481420335
3.734171582869187,0.8789681264515415,-0.9335692316991255,-1.0036792319674983,0.0,0.0,0.0,0.0,12.999293641743465
4.428580699742515,0.8789681264515415,-0.9335692316991255,-1.958068646800114,0.0,0.0,0.0,0.0,13.122367377396328
2.61478806259331,0.8440481870912782,-0.9522890518563224,0.18930753657327157,0.0,0.0,0.0,0.0,13.122367377396328
1.4330944949885602,0.849036749857026,-0.9522890518563224,-0.6855494270232929,0.0,0.0,0.0,0.0,13.122367377396328
0.6483331936173621,0.849036749857026,-0.9522890518563224,0.5074373415174769,0.0,0.0,0.0,0.0,13.122365377402328
1.45344597140412,0.849036749857026,-0.9569690068956207,1.2232294026419388,0.0,0.0,0.0,0.0,13.122367377396328
0.7421906452613575,0.849036749857026,-0.9522890518563224,0.3483724390453742,0.0,0.0,0.0,0.0,13.122367377396328
1.4388494111986156,0.8540253126227809,-0.9522890518563224,0.10977508533722025,0.0,0.0,0.0,0.0,13.122367377396328
0.32527312455288565,0.849036749857026,-0.9522890518563224,0.42790489028142553,0.0,0.0,0.0,0.0,13.087566942681606
2.0613743928663415,0.8390596243255232,-0.9522890518563224,0.5869697927535281,0.0,0.0,0.0,0.0,13.122367377396328
0.10470288144748724,0.8340710615597683,-0.947609096817024,0.9846320489337848,0.0,0.0,0.0,0.0,13.122367377396328
0.48327173322895334,0.8290824987940204,-0.947609096817024,0.9050995976977334,0.0,0.0,0.0,0.0,13.122367377396328
0.6427352296675809,0.8290824987940204,-0.9522890518563224,0.6665022439895795,0.0,0.0,0.0,0.0,13.122367377396328
1.7905794264731867,0.8240939360282654,-0.9663289169742209,0.6665022439895795,0.0,0.0,0.0,1.0,13.122367377396328
-0.11639053585882479,0.8340710615597683,-0.9522890518563224,-0.28788717084303633,0.0,0.0,0.0,0.0,13.122367377396328
-0.16117424745707443,0.8240939360282654,-0.947609096817024,-0.446952073315139,0.0,0.0,0.0,0.0,13.122367377396328
3.7661898439651313,0.8290824987940204,-0.947609096817024,0.7460346952256308,0.0,0.0,0.0,0.0,13.122367377396328
3.396410318759023,0.8240939360282654,-0.947609096817024,0.6665022439895795,0.0,0.0,0.0,0.0,13.122367377396328
3.3632410744210675,0.8240939360282654,-0.947609096817024,0.5869697927535281,0.0,0.0,0.0,0.0,13.122367377396328
3.8399574062940243,0.8290824987940204,-0.947609096817024,0.5869697927535281,0.0,0.0,0.0,0.0,13.122367377396328
0.4322099312197341,0.8440481870912782,-0.9382491867384238,-0.6060169757872417,0.0,0.0,0.0,0.0,12.752461339884503
-0.42574344085935106,0.8390596243255232,-0.9429291417777256,-0.3674196220790877,0.0,0.0,0.0,0.0,11.448930795918299
2.449046475743713,0.8440481870912782,-0.9335692316991255,-1.0036792319674983,0.0,0.0,0.0,0.0,12.879529742460663
4.864227856843712,0.8340710615597683,-0.947609096817024,-0.7650818782593443,0.0,0.0,0.0,0.0,13.122367377396328
1.2689224307417057,0.8390596243255232,-0.947609096817024,-1.0036792319674983,0.0,0.0,0.0,0.0,12.765691290604371
1.124003177088491,0.8390596243255232,-0.947609096817024,0.9846320489337848,0.0,0.0,0.0,0.0,13.122367377396328
0.5879065734117799,0.8390596243255232,-0.947609096817024,1.064164500169836,0.0,0.0,0.0,0.0,13.122367377396328
0.6885129722475676,0.8390596243255232,-0.947609096817024,1.2232294026419388,0.0,0.0,0.0,0.0,13.122367377396328
0.9193897471109741,0.8390596243255232,-0.9522890518563224,0.9050995976977334,0.0,0.0,0.0,0.0,13.122367377396328
0.1809816799407679,0.8390596243255232,-0.947609096817024,1.30276185387799,0.0,0.0,0.0,0.0,13.122367377396328
-0.20015072542517728,0.8340710615597683,-0.947609096817024,1.2232294026419388,0.0,0.0,0.0,0.0,13.122367377396328
3.3528299078228763,0.849036749857026,-0.9335692316991255,-0.20835471960698504,0.0,0.0,0.0,0.0,13.122367377396328
0.812034401083394,0.8540253126227809,-0.9288892766598271,-1.958068646800114,0.0,0.0,0.0,0.0,13.122367377396328
3.6374366731201646,0.849036749857026,-0.9382491867384238,-1.5604063906198575,0.0,0.0,0.0,0.0,13.122367377396328
5.819700899973191,0.849036749857026,-0.9429291417777256,-1.0832116832035494,0.0,0.0,0.0,0.0,13.122367377396328
3.1001890862014414,0.849036749857026,-0.9429291417777256,-1.6399388418559087,0.0,0.0,0.0,0.0,13.122367377396328
1.0616408123395265,0.8440481870912782,-0.9288892766598271,-0.3674196220790877,0.0,0.0,0.0,0.0,13.075902598110167
3.279847106795355,0.8340710615597683,-0.9382491867384238,-0.20835471960698504,0.0,0.0,0.0,0.0,13.122367377396328
-0.35459174953502903,0.8290824987940204,-0.9382491867384238,-0.6855494270232929,0.0,0.0,0.0,0.0,11.574029971623514
1.185685415376267,0.8340710615597683,-0.9382491867384238,0.2688399878093229,0.0,0.0,0.0,0.0,13.018559427447078
-0.34726731072223127,0.8340710615597683,-0.9382491867384238,-0.20835471960698504,0.0,0.0,0.0,0.0,13.02805489573287
1.6943153735049863,0.8340710615597683,-0.9382491867384238,-0.04928981713488239,0.0,0.0,0.0,0.0,13.122367377396328
0.13651187286306668,0.8390596243255232,-0.9242093216205287,0.3483724390453742,0.0,0.0,0.0,0.0,12.4882433080258
-0.14233997622416567,0.8340710615597683,-0.9242093216205287,-1.2422765856756521,0.0,0.0,0.0,0.0,12.328294703023394
0.42090936847998867,0.8340710615597683,-0.9288892766598271,-0.3674196220790877,0.0,0.0,0.0,0.0,12.411056299528171
0.8715716251474224,0.8390596243255232,-0.9242093216205287,0.2688399878093229,0.0,0.0,0.0,0.0,12.441543897532917
1.4417268693036431,0.8340710615597683,-0.9288892766598271,-0.12882226837093372,0.0,0.0,0.0,0.0,12.997029153150084
0.032033984940514515,0.8340710615597683,-0.9335692316991255,-0.04928981713488239,0.0,0.0,0.0,0.0,12.736115431123231
0.7212636772247921,0.8340710615597683,-0.9288892766598271,-0.04928981713488239,0.0,0.0,0.0,0.0,12.475339952160343
0.28106490457564137,0.8340710615597683,-0.9288892766598271,0.10977508533722025,0.0,0.0,0.0,0.0,12.514663351075232
-0.6546321537592839,0.8290824987940204,-0.9288892766598271,-0.3674196220790877,0.0,0.0,0.0,0.0,12.29179611018331
-0.8653667218874962,0.8290824987940204,-0.9288892766598271,-0.9241467807314468,0.0,0.0,0.0,0.0,12.53105411543589
0.028424082954207053,0.8290824987940204,-0.9335692316991255,0.6665022439895795,0.0,0.0,0.0,0.0,12.500237409855137
0.6157394409004119,0.8340710615597683,-0.9335692316991255,0.5869697927535281,0.0,0.0,0.0,0.0,12.64722981250999
0.488398840397912,0.8290824987940204,-0.9335692316991255,0.03024263410116893,0.0,0.0,0.0,0.0,12.692813546903102
-0.12329643531089127,0.8290824987940204,-0.9335692316991255,0.9050995976977334,0.0,0.0,0.0,0.0,12.694962428316714
0.5692292544391452,0.8240939360282654,-0.9382491867384238,0.42790489028142553,0.0,0.0,0.0,0.0,12.669495292537231
0.5421288308317931,0.8290824987940204,-0.9382491867384238,0.10977508533722025,0.0,0.0,0.0,0.0,12.723976161813853
-0.5341451352887591,0.8290824987940204,-0.9335692316991255,0.7460346952256308,0.0,0.0,0.0,0.0,12.636558767583635
-0.18843162332470084,0.8240939360282654,-0.9382491867384238,-0.3674196220790877,0.0,0.0,0.0,0.0,12.373284794623576
-0.17655556896394986,0.8290824987940204,-0.9382491867384238,0.2688399878093229,0.0,0.0,0.0,0.0,12.91657092142417
0.7143054603526342,0.8240939360282654,-0.9429291417777256,0.6665022439895795,0.0,0.0,0.0,0.0,13.063252234700363
2.0787437763366903,0.8240939360282654,-0.9382491867384238,0.8255671464616822,0.0,0.0,0.0,0.0,13.10379402930663
1.416719142499948,0.8240939360282654,-0.9429291417777256,0.5074373415174769,0.0,0.0,0.0,0.0,13.03571775170136
1.0690175685724157,0.8290824987940204,-0.947609096817024,-0.12882226837093372,0.0,0.0,0.0,0.0,13.122367377396328
0.2772980503290596,0.8290824987940204,-0.9429291417777256,0.2688399878093229,0.0,0.0,0.0,0.0,13.122367377396328
2.7943937657671314,0.8290824987940204,-0.9429291417777256,0.5074373415174769,0.0,0.0,0.0,0.0,13.122367377396328
0.36074433537486383,0.8191053732625105,-0.9429291417777256,0.3483724390453742,0.0,0.0,0.0,0.0,13.122367377396328
0.9182910812890542,0.8191053732625105,-0.9429291417777256,0.42790489028142553,0.0,0.0,0.0,0.0,13.091081150920006
1.4212184406278097,0.8141168104967627,-0.9429291417777256,-0.04928981713488239,0.0,0.0,0.0,0.0,12.992484733932777
1.138076563093081,0.8091282477310077,-0.9382491867384238,0.03024263410116893,0.0,0.0,0.0,0.0,13.122367377396328
0.7099631144850468,0.8041396849652598,-0.9522890518563224,0.42790489028142553,0.0,0.0,0.0,1.0,13.063464390822604
-0.033362790173751995,0.8191053732625105,-0.947609096817024,-0.12882226837093372,0.0,0.0,0.0,0.0,12.812302081080515
1.661250764007213,0.8191053732625105,-0.9429291417777256,0.6665022439895795,0.0,0.0,0.0,0.0,13.122367377396328
-0.11278063387251733,0.8141168104967627,-0.9429291417777256,-0.28788717084303633,0.0,0.0,0.0,0.0,13.122367377396328
0.9351372905584895,0.8141168104967627,-0.9288892766598271,-0.6855494270232929,0.0,0.0,0.0,0.0,12.310887512348744
0.2850410285025888,0.8191053732625105,-0.9288892766598271,0.5074373415174769,0.0,0.0,0.0,0.0,12.279327754099118
-0.6079126976176518,0.8191053732625105,-0.9335692316991255,0.18930753657327157,0.0,0.0,0.0,0.0,12.130276325842603
-0.6561493589419347,0.8141168104967627,-0.9335692316991255,-0.8446143294953956,0.0,0.0,0.0,0.0,12.513561021741964
-0.7042813854260349,0.8191053732625105,-0.9335692316991255,-0.3674196220790877,0.0,0.0,0.0,0.0,12.169932382913561
-0.42140109499176365,0.8240939360282654,-0.9335692316991255,-0.3674196220790877,0.0,0.0,0.0,0.0,12.147919030759663
-1.1705342332807094,0.8141168104967627,-0.9335692316991255,-0.3674196220790877,0.0,0.0,0.0,0.0,12.323860125621126
-0.5869857295810864,0.8191053732625105,-0.9335692316991255,-1.0832116832035494,0.0,0.0,0.0,0.0,12.088420226343088
1.0470965695541135,0.8091282477310077,-0.9382491867384238,-0.12882226837093372,0.0,0.0,0.0,0.0,12.790523196230899
1.111080774325912,0.8091282477310077,-0.9382491867384238,-0.12882226837093372,0.0,0.0,0.0,0.0,12.851868750935193
0.06039002663006037,0.8091282477310077,-0.9382491867384238,-0.9241467807314468,0.0,0.0,0.0,0.0,12.512089356545026
0.11856699777171195,0.8290824987940204,-0.9288892766598271,-0.7650818782593443,0.0,0.0,0.0,0.0,12.270928303874424
-0.5892353786450173,0.8240939360282654,-0.9335692316991255,-1.8785361955640627,0.0,0.0,0.0,0.0,12.323860125621126
-0.22735578387271219,0.8240939360282654,-0.9288892766598271,-1.0832116832035494,0.0,0.0,0.0,0.0,12.114510931441727
-0.1874899097630553,0.8191053732625105,-0.9288892766598271,0.03024263410116893,0.0,0.0,0.0,0.0,12.323860125621126
-0.9254271201524386,0.8290824987940204,-0.9288892766598271,-0.3674196220790877,0.0,0.0,0.0,0.0,12.107913912447533
0.11841004551143762,0.8240939360282654,-0.9288892766598271,-0.28788717084303633,0.0,0.0,0.0,0.0,12.261985005589679
-0.3621777754482839,0.8240939360282654,-0.9288892766598271,-0.6855494270232929,0.0,0.0,0.0,0.0,12.301387370778713
-0.5892353786450173,0.8191053732625105,-0.9288892766598271,-0.12882226837093372,0.0,0.0,0.0,0.0,12.524530013005734
0.4898114107403801,0.8240939360282654,-0.9148494115419287,-0.04928981713488239,0.0,0.0,0.0,0.0,12.407383590534293
2.20979891366568,0.8191053732625105,-0.919529366581227,-0.12882226837093372,0.0,0.0,0.0,0.0,12.726356399830706
2.2536409117022846,0.8141168104967627,-0.919529366581227,-0.20835471960698504,0.0,0.0,0.0,0.0,12.813119851828635
0.8494936738688459,0.8141168104967627,-0.9242093216205287,-1.0036792319674983,0.0,0.0,0.0,0.0,12.319852122072682
0.7308377651015208,0.8141168104967627,-0.9288892766598271,-1.0832116832035494,0.0,0.0,0.0,0.0,12.253437985595856
0.17125063980376495,0.8191053732625105,-0.9288892766598271,0.42790489028142553,0.0,0.0,0.0,0.0,12.3018418108936
0.5931383154209211,0.8191053732625105,-0.9101694565026303,-0.7650818782593443,0.0,0.0,0.0,0.0,12.482950310008736
1.343422436951878,0.8191053732625105,-0.9101694565026303,-0.20835471960698504,0.0,0.0,0.0,0.0,12.472279517715116
0.3122984043702152,0.8240939360282654,-0.9148494115419287,-0.28788717084303633,0.0,0.0,0.0,0.0,12.411463546908074
0.6240055932748549,0.8191053732625105,-0.9148494115419287,0.3483724390453742,0.0,0.0,0.0,0.0,12.484465456074554
1.8464544311308158,0.8141168104967627,-0.9148494115419287,-0.20835471960698504,0.0,0.0,0.0,0.0,12.832548365186273
0.1730817495069643,0.8240939360282654,-0.919529366581227,-1.1627441344396008,0.0,0.0,0.0,0.0,12.973633644325302
2.9977515776624544,0.8191053732625105,-0.9242093216205287,-0.8446143294953956,0.0,0.0,0.0,0.0,12.935313057613287
0.7351801109691082,0.8290824987940204,-0.9101694565026303,0.10977508533722025,0.0,0.0,0.0,0.0,12.343662665771719
-0.19057663754844867,0.8290824987940204,-0.919529366581227,-1.0036792319674983,0.0,0.0,0.0,0.0,12.294088101596984
0.5020536870417706,0.8340710615597683,-0.9148494115419287,-0.28788717084303633,0.0,0.0,0.0,0.0,12.426015078728476
1.1948409638922644,0.8340710615597683,-0.919529366581227,-0.20835471960698504,0.0,0.0,0.0,0.0,12.491631214944439
0.6325333327497554,0.8390596243255232,-0.9148494115419287,-0.20835471960698504,0.0,0.0,0.0,0.0,12.469593932696368
1.4685657058105384,0.8340710615597683,-0.919529366581227,-0.28788717084303633,0.0,0.0,0.0,0.0,12.52779738470044
0.30670044042043404,0.8290824987940204,-0.919529366581227,0.2688399878093229,0.0,0.0,0.0,0.0,12.44312304677877
0.08257261274881945,0.8290824987940204,-0.9242093216205287,-0.20835471960698504,0.0,0.0,0.0,0.0,12.402054638915242
0.08654873667576689,0.8290824987940204,-0.9288892766598271,-1.1627441344396008,0.0,0.0,0.0,0.0,12.105705199284083
-0.3407276332108045,0.8290824987940204,-0.9242093216205287,-0.6060169757872417,0.0,0.0,0.0,0.0,12.174587138384211
-0.37122868912409845,0.8340710615597683,-0.9242093216205287,-0.5264845245511903,0.0,0.0,0.0,0.0,11.989165855127435
1.4442904228881226,0.8340710615597683,-0.9242093216205287,-1.958068646800114,0.0,0.0,0.0,0.0,12.16837597044068
0.8086860861975435,0.8340710615597683,-0.9101694565026303,-1.2422765856756521,0.0,0.0,0.0,0.0,12.665397584983758
-0.08311665668068594,0.849036749857026,-0.9101694565026303,-1.958068646800114,0.0,0.0,0.0,0.0,12.524530013005734
-0.2800917433248567,0.8390596243255232,-0.9148494115419287,-1.6399388418559087,0.0,0.0,0.0,0.0,12.107913912447533
0.6997612175672213,0.8440481870912782,-0.9101694565026303,-0.6855494270232929,0.0,0.0,0.0,0.0,12.359227115018937
-0.37891934987753617,0.8540253126227809,-0.9008095464240301,-0.6060169757872417,0.0,0.0,0.0,0.0,11.93689170019576
-0.2622515030736848,0.8540253126227809,-0.9008095464240301,0.5869697927535281,0.0,0.0,0.0,0.0,11.967187086434018
0.5433321314938956,0.849036749857026,-0.9008095464240301,-1.0036792319674983,0.0,0.0,0.0,0.0,11.954407441448915
-0.17979924900961758,0.849036749857026,-0.9008095464240301,-1.2422765856756521,0.0,0.0,0.0,0.0,12.47801017053037
0.543593718594353,0.849036749857026,-0.9054895014633285,-0.9241467807314468,0.0,0.0,0.0,0.0,12.49275797139508
0.6379220270191709,0.849036749857026,-0.9054895014633285,-0.6060169757872417,0.0,0.0,0.0,0.0,12.413090879946887
0.11704979258906079,0.8440481870912782,-0.9008095464240301,-0.12882226837093372,0.0,0.0,0.0,0.0,12.127575825689417
-0.16802782948904962,0.8440481870912782,-0.9008095464240301,0.10977508533722025,0.0,0.0,0.0,0.0,12.129197000747673
-0.36730488261724253,0.8440481870912782,-0.9008095464240301,-0.6855494270232929,0.0,0.0,0.0,0.0,12.409017571151187
0.8409136169738541,0.8440481870912782,-0.9054895014633285,-0.8446143294953956,0.0,0.0,0.0,0.0,12.327409359385856
-0.20548710227450154,0.8440481870912782,-0.9054895014633285,-0.9241467807314468,0.0,0.0,0.0,0.0,11.667370387218226
0.7581474583892385,0.8440481870912782,-0.9054895014633285,-0.3674196220790877,0.0,0.0,0.0,0.0,12.390479526523466
-0.03838526250252757,0.8440481870912782,-0.9054895014633285,-1.0036792319674983,0.0,0.0,0.0,0.0,12.232719445013917
-0.0987595652880185,0.8340710615597683,-0.8961295913847318,0.5869697927535281,0.0,0.0,0.0,0.0,11.83138646878959
0.3580761469502015,0.8290824987940204,-0.8961295913847318,0.2688399878093229,0.0,0.0,0.0,0.0,12.112316757188815
0.2687179934340678,0.8340710615597683,-0.8961295913847318,0.3483724390453742,0.0,0.0,0.0,0.0,12.104599010599317
-0.32037615679524484,0.8340710615597683,-0.8914496363454334,0.18930753657327157,0.0,0.0,0.0,0.0,11.952476330009466
0.4047956030918338,0.8390596243255232,-0.8961295913847318,-0.28788717084303633,0.0,0.0,0.0,0.0,12.195016753769698
-0.11220514225151172,0.8390596243255232,-0.8961295913847318,-0.446952073315139,0.0,0.0,0.0,0.0,12.119975396053194
0.36430191994108,0.8440481870912782,-0.8914496363454334,0.2688399878093229,0.0,0.0,0.0,0.0,12.086731521684555
0.056570854963387276,0.8440481870912782,-0.8961295913847318,0.7460346952256308,0.0,0.0,0.0,0.0,12.015523333397592
0.007183210397093308,0.8440481870912782,-0.8961295913847318,0.5869697927535281,0.0,0.0,0.0,0.0,12.04355959836804
1.2139368222256304,0.8340710615597683,-0.9008095464240301,-1.0036792319674983,0.0,0.0,0.0,0.0,12.470361978939783
0.4530322644161168,0.8390596243255232,-0.9008095464240301,-0.446952073315139,0.0,0.0,0.0,0.0,12.218006157094704
0.36890585290912437,0.8390596243255232,-0.9008095464240301,-0.3674196220790877,0.0,0.0,0.0,0.0,12.360084744326953
1.241246515513348,0.8340710615597683,-0.9008095464240301,-1.0036792319674983,0.0,0.0,0.0,0.0,12.437188334739655
1.2393630883900568,0.8390596243255232,-0.9008095464240301,-1.0036792319674983,0.0,0.0,0.0,0.0,12.492382526958323
1.2903725729791848,0.8340710615597683,-0.9008095464240301,-1.0832116832035494,0.0,0.0,0.0,0.0,12.628725854927046
0.20640794610519492,0.8240939360282654,-0.9054895014633285,-1.0832116832035494,0.0,0.0,0.0,0.0,11.993504229837974
-0.11811701072184135,0.8290824987940204,-0.9008095464240301,-1.0036792319674983,0.0,0.0,0.0,0.0,11.889311855577725
-0.3336124640783724,0.8390596243255232,-0.9054895014633285,-1.2422765856756521,0.0,0.0,0.0,0.0,11.769124610238766
0.4039062069502795,0.8340710615597683,-0.9054895014633285,-1.3218090369117035,0.0,0.0,0.0,0.0,12.158986279072735
-0.16054643841597754,0.8540253126227809,-0.8914496363454334,0.18930753657327157,0.0,0.0,0.0,0.0,11.921725007667265
-0.8072420681659361,0.8540253126227809,-0.8961295913847318,0.18930753657327157,0.0,0.0,0.0,0.0,11.968456114085114
-0.14966441503696365,0.849036749857026,-0.8961295913847318,0.8255671464616822,0.0,0.0,0.0,0.0,12.019146503887916
-0.017876833826693764,0.849036749857026,-0.8961295913847318,0.6665022439895795,0.0,0.0,0.0,0.0,12.066816325306588
-0.24237088343894786,0.8540253126227809,-0.8961295913847318,0.6665022439895795,0.0,0.0,0.0,0.0,11.922389234432126
-0.17012052629270616,0.8540253126227809,-0.8961295913847318,0.2688399878093229,0.0,0.0,0.0,0.0,11.977294499661248
-0.7441472595356918,0.8590138753885359,-0.8914496363454334,-0.04928981713488239,0.0,0.0,0.0,0.0,11.652696102959753
-0.38765635903280227,0.8640024381542838,-0.8867696813061317,-0.5264845245511903,0.0,0.0,0.0,0.0,11.7068543948059
-0.2695236244663912,0.8640024381542838,-0.8867696813061317,-0.3674196220790877,0.0,0.0,0.0,0.0,11.810070125585671
-0.34836597654415097,0.8640024381542838,-0.8867696813061317,-0.28788717084303633,0.0,0.0,0.0,0.0,11.630717389475995
-0.6273747778916576,0.8689910009200388,-0.8867696813061317,-0.446952073315139,0.0,0.0,0.0,0.0,11.78676973513378
-1.0862508695134427,0.8540253126227809,-0.8820897262668332,-1.8785361955640627,0.0,0.0,0.0,0.0,11.946012225174645
-0.4965812276631246,0.8540253126227809,-0.8820897262668332,-1.7990037443280114,0.0,0.0,0.0,0.0,11.72157244693173
-0.5479569341928923,0.8540253126227809,-0.8774097712275348,-1.0832116832035494,0.0,0.0,0.0,0.0,11.674202123168433
-0.6123073609053304,0.8590138753885359,-0.8867696813061317,-0.7650818782593443,0.0,0.0,0.0,0.0,11.98168457011701
-0.6859702883940403,0.8590138753885359,-0.8820897262668332,-0.12882226837093372,0.0,0.0,0.0,0.0,12.051761119434515
-0.2622515030736848,0.8540253126227809,-0.8867696813061317,-1.5604063906198575,0.0,0.0,0.0,0.0,12.015523333397592
0.13012914761191427,0.8540253126227809,-0.8867696813061317,0.2688399878093229,0.0,0.0,0.0,0.0,12.077676615757813
-0.05298182270803199,0.8540253126227809,-0.8914496363454334,-0.446952073315139,0.0,0.0,0.0,0.0,12.086167985820309
-0.0816517689181263,0.8540253126227809,-0.8914496363454334,0.10977508533722025,0.0,0.0,0.0,0.0,12.112316757188815
-0.647569302046943,0.8540253126227809,-0.8914496363454334,-0.20835471960698504,0.0,0.0,0.0,0.0,12.101828173530544
-0.6293105224350398,0.849036749857026,-0.8867696813061317,0.18930753657327157,0.0,0.0,0.0,0.0,11.973516181427835
-0.23907488597318882,0.849036749857026,-0.8914496363454334,1.30276185387799,0.0,0.0,0.0,0.0,12.083910661257521
-0.24132453503711948,0.849036749857026,-0.8867696813061317,1.8594890125303492,0.0,0.0,0.0,0.0,12.058158312538197
-0.23609279302797825,0.8540253126227809,-0.8867696813061317,0.7460346952256308,0.0,0.0,0.0,0.0,12.017336559562407
-0.294949890630818,0.8540253126227809,-0.8914496363454334,0.7460346952256308,0.0,0.0,0.0,0.0,11.977294499661248
-0.7200289288735503,0.8540253126227809,-0.8867696813061317,0.42790489028142553,0.0,0.0,0.0,0.0,11.998439434579149
-0.41533227426115993,0.8390596243255232,-0.8914496363454334,0.3483724390453742,0.0,0.0,0.0,0.0,12.086167985820309
-0.08452922702315405,0.8340710615597683,-0.8914496363454334,0.2688399878093229,0.0,0.0,0.0,0.0,12.008237370904832
0.11704979258906079,0.8340710615597683,-0.8914496363454334,0.10977508533722025,0.0,0.0,0.0,0.0,12.022155816966572
-0.3518712436902756,0.8440481870912782,-0.8914496363454334,0.3483724390453742,0.0,0.0,0.0,0.0,12.004574385508691
-0.06606117773088525,0.8440481870912782,-0.8914496363454334,0.5869697927535281,0.0,0.0,0.0,0.0,12.046496440791149
0.0768176965387644,0.8390596243255232,-0.8820897262668332,0.18930753657327157,0.0,0.0,0.0,0.0,11.843674210764698
-0.5020222393526315,0.8390596243255232,-0.8867696813061317,0.2688399878093229,0.0,0.0,0.0,0.0,11.972885071473847
-0.3385303015669652,0.8390596243255232,-0.8867696813061317,0.42790489028142553,0.0,0.0,0.0,0.0,11.986678307125475
-0.23609279302797825,0.8340710615597683,-0.8820897262668332,-0.04928981713488239,0.0,0.0,0.0,0.0,11.979805470779858
-0.8714878600381915,0.8340710615597683,-0.8867696813061317,-0.7650818782593443,0.0,0.0,0.0,0.0,12.102937429832547
-0.7836992291248003,0.8340710615597683,-0.8867696813061317,-0.8446143294953956,0.0,0.0,0.0,0.0,12.023957067521133
-0.4623133175032489,0.8290824987940204,-0.8867696813061317,-0.28788717084303633,0.0,0.0,0.0,0.0,12.118339189722553
0.46438514457595303,0.8290824987940204,-0.8914496363454334,-0.20835471960698504,0.0,0.0,0.0,0.0,12.100161978566867
0.04689213224647586,0.8340710615597683,-0.8914496363454334,-0.20835471960698504,0.0,0.0,0.0,0.0,12.092349482427034
-0.587404268941818,0.8340710615597683,-0.8867696813061317,-0.3674196220790877,0.0,0.0,0.0,0.0,11.6172944892629
0.4664778413796098,0.8340710615597683,-0.8867696813061317,-0.28788717084303633,0.0,0.0,0.0,0.0,12.061630518155123
-0.4148614174803371,0.8340710615597683,-0.8867696813061317,-0.3674196220790877,0.0,0.0,0.0,0.0,11.929666757272708
-0.06606117773088525,0.8390596243255232,-0.8867696813061317,0.2688399878093229,0.0,0.0,0.0,0.0,11.976665770490767
0.4244146356261136,0.8390596243255232,-0.8867696813061317,0.3483724390453742,0.0,0.0,0.0,0.0,11.947308393235778
0.10496446854794463,0.8390596243255232,-0.8914496363454334,0.2688399878093229,0.0,0.0,0.0,0.0,12.007017865994577
-1.2418428768653058,0.8440481870912782,-0.8820897262668332,-1.4808739393838062,0.0,0.0,0.0,0.0,11.930325731537252
-0.3556904153569487,0.8440481870912782,-0.8867696813061317,0.03024263410116893,0.0,0.0,0.0,0.0,11.930984271840668
-0.3699730710419047,0.8440481870912782,-0.8867696813061317,-1.0036792319674983,0.0,0.0,0.0,0.0,11.979178318844294
-0.5823294791929509,0.849036749857026,-0.8867696813061317,-1.0036792319674983,0.0,0.0,0.0,0.0,11.97603664577121
-0.7083098267730736,0.8440481870912782,-0.8867696813061317,-0.7650818782593443,0.0,0.0,0.0,0.0,11.908346971208951
-0.4540994825488969,0.8440481870912782,-0.8867696813061317,-0.28788717084303633,0.0,0.0,0.0,0.0,12.004574385508691
-0.8529151759057398,0.849036749857026,-0.8774097712275348,-1.7990037443280114,0.0,0.0,0.0,0.0,12.118884889350285
-0.6344899470240898,0.849036749857026,-0.8820897262668332,-0.8446143294953956,0.0,0.0,0.0,0.0,11.998439434579149
-0.14600219563056466,0.8540253126227809,-0.8820897262668332,0.8255671464616822,0.0,0.0,0.0,0.0,11.970356641102999
-1.240377989102746,0.8540253126227809,-0.8820897262668332,-1.2422765856756521,0.0,0.0,0.0,0.0,11.83138646878959
-1.5199622820712582,0.849036749857026,-0.8820897262668332,-1.3218090369117035,0.0,0.0,0.0,0.0,11.537627833610571
-1.1375742586231192,0.849036749857026,-0.8820897262668332,-0.20835471960698504,0.0,0.0,0.0,0.0,12.765691290604371
-0.23112263811929398,0.8440481870912782,-0.8774097712275348,0.6665022439895795,0.0,0.0,0.0,0.0,12.369470438714096
-1.095511052869623,0.8440481870912782,-0.8774097712275348,-0.9241467807314468,0.0,0.0,0.0,0.0,12.232232473915767
0.33285915046614056,0.8440481870912782,-0.8820897262668332,1.7004241100582467,0.0,0.0,0.0,0.0,12.182809136284991
-0.5451841109280474,0.8440481870912782,-0.8820897262668332,0.42790489028142553,0.0,0.0,0.0,0.0,12.139938184891703
-0.09467880652088825,0.8340710615597683,-0.8774097712275348,-0.20835471960698504,0.0,0.0,0.0,0.0,12.082780085278282
-0.08473849670351968,0.8340710615597683,-0.8820897262668332,0.2688399878093229,0.0,0.0,0.0,0.0,12.001511614739405
-0.03697269216005945,0.8390596243255232,-0.8774097712275348,0.5869697927535281,0.0,0.0,0.0,0.0,12.085039960478051
-0.36882208779989345,0.8390596243255232,-0.8820897262668332,0.42790489028142553,0.0,0.0,0.0,0.0,12.04414765726144
-0.14600219563056466,0.8440481870912782,-0.8680498611489348,-0.20835471960698504,0.0,0.0,0.0,0.0,12.141539457711714
1.6204954937560023,0.8440481870912782,-0.8727298161882332,0.18930753657327157,0.0,0.0,0.0,0.0,12.573493148598692
-0.27679574585909766,0.8440481870912782,-0.8680498611489348,-0.20835471960698504,0.0,0.0,0.0,0.0,12.377505973448748
0.16680365909599495,0.8390596243255232,-0.8727298161882332,0.2688399878093229,0.0,0.0,0.0,0.0,12.180759965737863
0.023872467406254025,0.8390596243255232,-0.8727298161882332,0.5074373415174769,0.0,0.0,0.0,0.0,12.152677143050752
0.48327173322895334,0.8390596243255232,-0.8774097712275348,0.42790489028142553,0.0,0.0,0.0,0.0,12.16889504380259
2.198446033505844,0.849036749857026,-0.8727298161882332,1.8594890125303492,0.0,0.0,0.0,0.0,12.677016457665433
0.1207643294155513,0.849036749857026,-0.8774097712275348,0.6665022439895795,0.0,0.0,0.0,0.0,12.648515568759908
0.3844441266762741,0.8540253126227809,-0.8727298161882332,0.8255671464616822,0.0,0.0,0.0,0.0,12.389647583180738
0.4352966590051277,0.8540253126227809,-0.8774097712275348,0.42790489028142553,0.0,0.0,0.0,0.0,12.232232473915767
0.21111651391342184,0.8640024381542838,-0.8774097712275348,-1.1627441344396008,0.0,0.0,0.0,0.0,12.295917919903431
-0.5197578447636205,0.8590138753885359,-0.8774097712275348,-0.20835471960698504,0.0,0.0,0.0,0.0,12.2293056568353
0.7840968987545793,0.8640024381542838,-0.8774097712275348,-1.0036792319674983,0.0,0.0,0.0,0.0,12.281648468435115
-0.10236946727432597,0.8640024381542838,-0.8774097712275348,-0.5264845245511903,0.0,0.0,0.0,0.0,12.29865638469802
0.3504378036168553,0.8590138753885359,-0.8774097712275348,0.3483724390453742,0.0,0.0,0.0,0.0,12.272800954830618
0.23696131943858012,0.8640024381542838,-0.8727298161882332,-1.1627441344396008,0.0,0.0,0.0,0.0,12.238060533986511
0.08555470569403002,0.8590138753885359,-0.8727298161882332,-0.446952073315139,0.0,0.0,0.0,0.0,12.359227115018937
-0.18665283104159278,0.8640024381542838,-0.8727298161882332,-0.20835471960698504,0.0,0.0,0.0,0.0,12.425613715694242
0.25820219199569366,0.8640024381542838,-0.8774097712275348,-0.20835471960698504,0.0,0.0,0.0,0.0,12.34409829881876
0.5856569243478492,0.8689910009200388,-0.8820897262668332,-0.5264845245511903,0.0,0.0,0.0,0.0,12.59946854621754
0.3870599976808447,0.8739795636857937,-0.8820897262668332,0.10977508533722025,0.0,0.0,0.0,0.0,12.373707715234994
-0.549421821955452,0.8739795636857937,-0.8820897262668332,-0.3674196220790877,0.0,0.0,0.0,0.0,11.89478753335453
-0.4083217399689104,0.8739795636857937,-0.8867696813061317,-0.28788717084303633,0.0,0.0,0.0,0.0,11.833565894429414
-0.24121990019693665,0.8689910009200388,-0.8820897262668332,0.42790489028142553,0.0,0.0,0.0,0.0,12.255819494787602
0.5988932316309765,0.8789681264515415,-0.8820897262668332,-0.446952073315139,0.0,0.0,0.0,0.0,12.437981667612153
0.7447541988458368,0.8839566892172965,-0.8867696813061317,0.10977508533722025,0.0,0.0,0.0,0.0,12.417957049864935
-0.15923850291369224,0.8789681264515415,-0.8914496363454334,-0.7650818782593443,0.0,0.0,0.0,0.0,12.440357896943219
-0.4424850152886033,0.8789681264515415,-0.8914496363454334,-0.7650818782593443,0.0,0.0,0.0,0.0,11.853681370708943
0.4452369688224958,0.8789681264515415,-0.8914496363454334,-0.446952073315139,0.0,0.0,0.0,0.0,12.363934999991463
-0.003123321360915237,0.8739795636857937,-0.8914496363454334,-0.446952073315139,0.0,0.0,0.0,0.0,11.827743504053695
0.43299469252110534,0.8739795636857937,-0.8914496363454334,-0.3674196220790877,0.0,0.0,0.0,0.0,12.323860125621126
0.596381995466589,0.8739795636857937,-0.8914496363454334,-0.12882226837093372,0.0,0.0,0.0,0.0,12.314931534737134
-0.43845657394156456,0.8689910009200388,-0.8867696813061317,-0.446952073315139,0.0,0.0,0.0,0.0,12.120520203776788
-0.17660788638404137,0.8689910009200388,-0.8914496363454334,-0.6855494270232929,0.0,0.0,0.0,0.0,11.985432208809083
1.5826699990299105,0.8839566892172965,-0.8774097712275348,-0.12882226837093372,0.0,0.0,0.0,0.0,12.812574745642083
5.017099358350821,0.8889452519830443,-0.8820897262668332,-0.20835471960698504,0.0,0.0,0.0,0.0,13.122367377396328
2.881763857319791,0.8889452519830443,-0.8820897262668332,-0.20835471960698504,0.0,0.0,0.0,0.0,13.122367377396328
0.7921014640285655,0.8839566892172965,-0.8820897262668332,0.03024263410116893,0.0,0.0,0.0,0.0,12.565846283553652
1.4048954055592886,0.8839566892172965,-0.8867696813061317,0.3483724390453742,0.0,0.0,0.0,0.0,12.578329065325667
-0.09059804775375802,0.8789681264515415,-0.8820897262668332,-0.28788717084303633,0.0,0.0,0.0,0.0,12.336227719801212
2.4401001969080816,0.8889452519830443,-0.8727298161882332,-0.446952073315139,0.0,0.0,0.0,0.0,13.0198898016336
1.5826699990299105,0.8889452519830443,-0.8727298161882332,-0.6060169757872417,0.0,0.0,0.0,0.0,12.992256969959042
3.9643159138513133,0.8939338147487993,-0.8774097712275348,-0.28788717084303633,0.0,0.0,0.0,0.0,13.122367377396328
3.293449636019122,0.8939338147487993,-0.8680498611489348,-1.7990037443280114,0.0,0.0,0.0,0.0,13.084663587061359
2.296227291656695,0.9039109402803022,-0.8633699061096364,-1.958068646800114,0.0,0.0,0.0,0.0,12.832013750189885
1.6638143175916924,0.8739795636857937,-0.8727298161882332,0.2688399878093229,0.0,0.0,0.0,0.0,12.690352014772609
0.12494972302286436,0.8689910009200388,-0.8727298161882332,-0.5264845245511903,0.0,0.0,0.0,0.0,12.221950915934197
0.20860527774903428,0.8689910009200388,-0.8727298161882332,-0.20835471960698504,0.0,0.0,0.0,0.0,12.561650487872974
1.3887816401711333,0.8739795636857937,-0.8774097712275348,-0.12882226837093372,0.0,0.0,0.0,0.0,12.57002454806453
1.7327163598520836,0.8739795636857937,-0.8727298161882332,-0.12882226837093372,0.0,0.0,0.0,0.0,12.791637399370671
1.2651032590750326,0.8739795636857937,-0.8774097712275348,0.3483724390453742,0.0,0.0,0.0,0.0,12.48975046163757
0.8837092666086303,0.8789681264515415,-0.8774097712275348,0.2688399878093229,0.0,0.0,0.0,0.0,12.54895642705646
2.5496005571594087,0.8839566892172965,-0.8727298161882332,0.03024263410116893,0.0,0.0,0.0,0.0,12.764261701882237
1.7593982440987046,0.8789681264515415,-0.8727298161882332,0.18930753657327157,0.0,0.0,0.0,0.0,12.720694056173551
3.285915927525959,0.8789681264515415,-0.8446500859524395,-1.6399388418559087,0.0,0.0,0.0,0.0,13.075483487498648
2.3571770860631913,0.8689910009200388,-0.8446500859524395,-1.2422765856756521,0.0,0.0,0.0,0.0,12.841593361555061
-0.10754889186337588,0.8689910009200388,-0.8446500859524395,-0.446952073315139,0.0,0.0,0.0,0.0,12.351907415253551
0.09005400382189176,0.8739795636857937,-0.858689951070338,-1.0832116832035494,0.0,0.0,0.0,0.0,12.017336559562407
0.5116277749184992,0.8689910009200388,-0.8633699061096364,0.03024263410116893,0.0,0.0,0.0,0.0,12.292713537231938
0.13478539800004988,0.8739795636857937,-0.8633699061096364,-0.20835471960698504,0.0,0.0,0.0,0.0,12.31178759836772
1.0389873694399443,0.8689910009200388,-0.858689951070338,0.10977508533722025,0.0,0.0,0.0,0.0,12.30592250537653
-0.004274304602926201,0.8689910009200388,-0.858689951070338,0.18930753657327157,0.0,0.0,0.0,0.0,12.185875040240456
0.7470038479097674,0.8640024381542838,-0.8633699061096364,0.6665022439895795,0.0,0.0,0.0,0.0,12.370319331596598
-0.49443621343937655,0.8689910009200388,-0.8633699061096364,-0.28788717084303633,0.0,0.0,0.0,0.0,12.3018418108936
0.38517657055755355,0.8640024381542838,-0.8680498611489348,-0.20835471960698504,0.0,0.0,0.0,0.0,12.342354626814949
0.1955259227261808,0.8640024381542838,-0.8680498611489348,-0.3674196220790877,0.0,0.0,0.0,0.0,12.421188057397055
-0.06606117773088525,0.8789681264515415,-0.8633699061096364,-0.446952073315139,0.0,0.0,0.0,0.0,12.263874463452428
1.4145218108561086,0.8739795636857937,-0.8680498611489348,-0.28788717084303633,0.0,0.0,0.0,0.0,12.671380893706852
1.0029929844170522,0.8789681264515415,-0.8680498611489348,-0.12882226837093372,0.0,0.0,0.0,0.0,12.508031074119511
0.8265786438688069,0.8739795636857937,-0.8680498611489348,-0.04928981713488239,0.0,0.0,0.0,0.0,12.52343851241165
4.35957402264194,0.8789681264515415,-0.8493300409917379,-0.6855494270232929,0.0,0.0,0.0,0.0,13.122367377396328
3.7911975707688272,0.8839566892172965,-0.8446500859524395,-0.9241467807314468,0.0,0.0,0.0,0.0,13.122367377396328
2.3477076330266455,0.8739795636857937,-0.8493300409917379,-0.5264845245511903,0.0,0.0,0.0,0.0,13.122367377396328
2.6417315339403884,0.8789681264515415,-0.8540099960310363,-0.7650818782593443,0.0,0.0,0.0,0.0,12.975720112947148
3.628124172343892,0.8789681264515415,-0.8493300409917379,-0.5264845245511903,0.0,0.0,0.0,0.0,13.122367377396328
0.9968718462663568,0.8689910009200388,-0.8493300409917379,-0.20835471960698504,0.0,0.0,0.0,0.0,12.497252344150006
-0.09467880652088825,0.8689910009200388,-0.8493300409917379,-0.446952073315139,0.0,0.0,0.0,0.0,11.918397239722838
-0.5419927483024711,0.8689910009200388,-0.8540099960310363,-0.3674196220790877,0.0,0.0,0.0,0.0,12.32652323122033
0.8178416347135408,0.8739795636857937,-0.8540099960310363,-0.28788717084303633,0.0,0.0,0.0,0.0,12.404927602627597
0.8127668449646739,0.8689910009200388,-0.8540099960310363,-0.04928981713488239,0.0,0.0,0.0,0.0,12.363934999991463
1.1479645554903581,0.8739795636857937,-0.8540099960310363,0.10977508533722025,0.0,0.0,0.0,0.0,12.374553020250227
-0.23692987174944077,0.8590138753885359,-0.8633699061096364,1.3822943051140413,0.0,0.0,0.0,0.0,12.206077645517674
-0.3646890116126719,0.8540253126227809,-0.8633699061096364,0.18930753657327157,0.0,0.0,0.0,0.0,11.894104711087113
0.00870041557974424,0.8590138753885359,-0.8633699061096364,1.8594890125303492,0.0,0.0,0.0,0.0,12.259618151783465
-0.2523635106764077,0.8590138753885359,-0.8680498611489348,-0.446952073315139,0.0,0.0,0.0,0.0,12.26481785529885
-0.3930450533022178,0.8540253126227809,-0.8680498611489348,-0.28788717084303633,0.0,0.0,0.0,0.0,12.278397958261774
0.3655575380232738,0.8590138753885359,-0.8727298161882332,-1.0036792319674983,0.0,0.0,0.0,0.0,12.323860125621126
-0.7363519639420714,0.8590138753885359,-0.8633699061096364,0.9050995976977334,0.0,0.0,0.0,0.0,12.373284794623576
0.00870041557974424,0.8540253126227809,-0.8633699061096364,0.42790489028142553,0.0,0.0,0.0,0.0,12.141539457711714
-0.6175391029144719,0.8540253126227809,-0.8680498611489348,-0.6060169757872417,0.0,0.0,0.0,0.0,12.094028734547074
0.2237250121554523,0.849036749857026,-0.8680498611489348,-0.6060169757872417,0.0,0.0,0.0,0.0,12.034696963475044
0.44183633651655396,0.849036749857026,-0.8680498611489348,-0.7650818782593443,0.0,0.0,0.0,0.0,12.063938642041201
-0.06846777905509022,0.849036749857026,-0.8680498611489348,0.10977508533722025,0.0,0.0,0.0,0.0,12.133507329024972
0.11966566359363186,0.8540253126227809,-0.8633699061096364,1.064164500169836,0.0,0.0,0.0,0.0,12.178192583415596
0.1651818190731612,0.849036749857026,-0.8633699061096364,-0.28788717084303633,0.0,0.0,0.0,0.0,12.300932724054114
0.6620926751014037,0.8440481870912782,-0.8633699061096364,0.2688399878093229,0.0,0.0,0.0,0.0,12.15636230813118
-0.5193916228229806,0.8390596243255232,-0.8680498611489348,-1.0036792319674983,0.0,0.0,0.0,0.0,12.174587138384211
1.4626015199201172,0.8590138753885359,-0.8399701309131378,-0.20835471960698504,0.0,0.0,0.0,0.0,12.512457475937662
-0.45389021286853126,0.8540253126227809,-0.8399701309131378,-0.7650818782593443,0.0,0.0,0.0,0.0,11.979178318844294
0.6812931682749522,0.8590138753885359,-0.8399701309131378,-0.9241467807314468,0.0,0.0,0.0,0.0,12.418361497172986
0.942827951311927,0.8590138753885359,-0.8446500859524395,-0.20835471960698504,0.0,0.0,0.0,0.0,12.356219606876625
0.7678261811061496,0.8540253126227809,-0.8446500859524395,-0.446952073315139,0.0,0.0,0.0,0.0,12.333150131430498
0.3376723531145505,0.8640024381542838,-0.8399701309131378,-0.446952073315139,0.0,0.0,0.0,0.0,12.29865638469802
-0.5507820748778286,0.8540253126227809,-0.858689951070338,0.42790489028142553,0.0,0.0,0.0,0.0,11.938853113303086
0.5835642275441925,0.8590138753885359,-0.8540099960310363,-0.20835471960698504,0.0,0.0,0.0,0.0,12.42159120030458
0.08654873667576689,0.8590138753885359,-0.8540099960310363,0.2688399878093229,0.0,0.0,0.0,0.0,12.365215131251702
-0.02682311266232525,0.8590138753885359,-0.858689951070338,0.42790489028142553,0.0,0.0,0.0,0.0,12.286273802188468
0.23575801877647765,0.8590138753885359,-0.858689951070338,0.9050995976977334,0.0,0.0,0.0,0.0,12.176133921127343
0.08168321660726564,0.8640024381542838,-0.8540099960310363,-0.20835471960698504,0.0,0.0,0.0,0.0,12.408609326231229
0.2562664474523117,0.8640024381542838,-0.858689951070338,0.5074373415174769,0.0,0.0,0.0,0.0,12.310887512348744
-0.14976904987714645,0.8640024381542838,-0.858689951070338,0.42790489028142553,0.0,0.0,0.0,0.0,12.348444223321136
1.4565326991895136,0.8540253126227809,-0.8493300409917379,-1.5604063906198575,0.0,0.0,0.0,0.0,12.349744326212377
0.4804465925440171,0.8640024381542838,-0.8493300409917379,-0.3674196220790877,0.0,0.0,0.0,0.0,12.434008694459976
0.6208142306492788,0.8640024381542838,-0.8399701309131378,-0.446952073315139,0.0,0.0,0.0,0.0,12.357079818283598
0.9162507019054892,0.8390596243255232,-0.8446500859524395,0.5074373415174769,0.0,0.0,0.0,0.0,12.210069646866993
0.5306713158317738,0.8390596243255232,-0.8493300409917379,-0.6060169757872417,0.0,0.0,0.0,0.0,12.095705171506136
1.1227998764263887,0.8390596243255232,-0.858689951070338,0.7460346952256308,0.0,0.0,0.0,0.0,12.141539457711714
0.619558612567085,0.8390596243255232,-0.8493300409917379,-0.3674196220790877,0.0,0.0,0.0,0.0,12.28396380952345
-0.060620166041378175,0.849036749857026,-0.8540099960310363,-1.0832116832035494,0.0,0.0,0.0,0.0,12.542905531395343
0.7873405788002469,0.849036749857026,-0.8399701309131378,-1.4808739393838062,0.0,0.0,0.0,0.0,12.36904572188765
-0.1501352718177862,0.8440481870912782,-0.8399701309131378,-0.20835471960698504,0.0,0.0,0.0,0.0,12.38212878217386
-0.07636770948889356,0.8440481870912782,-0.8399701309131378,0.18930753657327157,0.0,0.0,0.0,0.0,12.318512543125225
0.9103388334351593,0.849036749857026,-0.8446500859524395,-0.12882226837093372,0.0,0.0,0.0,0.0,12.35017731849889
1.3561878874541826,0.8440481870912782,-0.8446500859524395,-0.5264845245511903,0.0,0.0,0.0,0.0,12.393385889763556
1.5509133250344227,0.8440481870912782,-0.8446500859524395,-0.28788717084303633,0.0,0.0,0.0,0.0,12.493883459694384
1.1366116753305215,0.8440481870912782,-0.8493300409917379,-0.20835471960698504,0.0,0.0,0.0,0.0,12.354496960983985
1.0795333700107899,0.849036749857026,-0.8493300409917379,-0.20835471960698504,0.0,0.0,0.0,0.0,12.42681732184313
-0.051830839466020795,0.8440481870912782,-0.8352901758738395,-0.20835471960698504,0.0,0.0,0.0,0.0,12.318959268856462
0.2609226978404473,0.8440481870912782,-0.8352901758738395,0.42790489028142553,0.0,0.0,0.0,0.0,12.3225259085418
1.1721875209926824,0.8440481870912782,-0.8399701309131378,0.42790489028142553,0.0,0.0,0.0,0.0,12.273268570141383
0.6811362160146783,0.8440481870912782,-0.8399701309131378,0.3483724390453742,0.0,0.0,0.0,0.0,12.323860125621126
0.23476398779474078,0.8340710615597683,-0.8352901758738395,0.18930753657327157,0.0,0.0,0.0,0.0,12.139403856983334
-0.0006644026166187388,0.8390596243255232,-0.8352901758738395,-0.8446143294953956,0.0,0.0,0.0,0.0,12.51723073716405
-0.28187053560796477,0.8340710615597683,-0.8352901758738395,0.2688399878093229,0.0,0.0,0.0,0.0,12.134582014379962
-0.3379548099459596,0.8390596243255232,-0.8352901758738395,-1.2422765856756521,0.0,0.0,0.0,0.0,12.21255657932543
-0.17964229674934323,0.8340710615597683,-0.8399701309131378,0.18930753657327157,0.0,0.0,0.0,0.0,12.141005984951518
-0.5619780027773912,0.8390596243255232,-0.8399701309131378,0.3483724390453742,0.0,0.0,0.0,0.0,12.181272652174695
-0.8156128553805623,0.8440481870912782,-0.8352901758738395,-0.28788717084303633,0.0,0.0,0.0,0.0,12.323860125621126
0.02737773455237867,0.8440481870912782,-0.8399701309131378,-0.28788717084303633,0.0,0.0,0.0,0.0,12.478771782289911
0.3263194729547138,0.849036749857026,-0.8399701309131378,-0.446952073315139,0.0,0.0,0.0,0.0,12.377084656489986
0.10261018464383094,0.849036749857026,-0.8399701309131378,-0.28788717084303633,0.0,0.0,0.0,0.0,12.351907415253551
0.3321790240049519,0.849036749857026,-0.8399701309131378,-1.0036792319674983,0.0,0.0,0.0,0.0,11.842236406331555
0.6497457639598302,0.849036749857026,-0.8399701309131378,-0.9241467807314468,0.0,0.0,0.0,0.0,12.426015078728476
0.18380682062570414,0.8590138753885359,-0.8352901758738395,-0.9241467807314468,0.0,0.0,0.0,0.0,12.445487104758993
0.5515982838683391,0.8540253126227809,-0.8352901758738395,-0.9241467807314468,0.0,0.0,0.0,0.0,11.973516181427835
-0.7878323053120219,0.8240939360282654,-0.8352901758738395,0.7460346952256308,0.0,0.0,0.0,0.0,12.02035131605286
0.3844441266762741,0.8240939360282654,-0.8399701309131378,1.30276185387799,0.0,0.0,0.0,0.0,12.314931534737134
-0.6146616448094441,0.8290824987940204,-0.8352901758738395,0.5074373415174769,0.0,0.0,0.0,0.0,11.96209480994468
-0.4802581925946036,0.8290824987940204,-0.8399701309131378,0.5074373415174769,0.0,0.0,0.0,0.0,12.074830060158243
-0.44536247339363105,0.8290824987940204,-0.8352901758738395,-0.5264845245511903,0.0,0.0,0.0,0.0,12.100717685412471
-0.6382568012706715,0.8290824987940204,-0.8399701309131378,0.03024263410116893,0.0,0.0,0.0,0.0,11.998439434579149
-1.001444331545262,0.8191053732625105,-0.8352901758738395,-0.12882226837093372,0.0,0.0,0.0,0.0,11.679295469550114
-0.2809288220463192,0.8141168104967627,-0.8352901758738395,-0.20835471960698504,0.0,0.0,0.0,0.0,12.035290255730404
-0.48596079138456766,0.8191053732625105,-0.8352901758738395,0.3483724390453742,0.0,0.0,0.0,0.0,12.091789104493502
-0.0006644026166187388,0.8191053732625105,-0.8352901758738395,0.18930753657327157,0.0,0.0,0.0,0.0,12.12215284831553
-0.3439713132564723,0.8191053732625105,-0.8352901758738395,0.5869697927535281,0.0,0.0,0.0,0.0,12.190456343334482
0.20860527774903428,0.8141168104967627,-0.8352901758738395,0.6665022439895795,0.0,0.0,0.0,0.0,12.134582014379962
-0.3380594447861424,0.8191053732625105,-0.8399701309131378,-0.446952073315139,0.0,0.0,0.0,0.0,12.15425816271595
0.1340529541187704,0.8091282477310077,-0.8352901758738395,-1.2422765856756521,0.0,0.0,0.0,0.0,12.223426197857627
0.13012914761191427,0.8041396849652598,-0.8352901758738395,0.5074373415174769,0.0,0.0,0.0,0.0,12.15056522099821
0.06792373512322397,0.7991511221995049,-0.8352901758738395,0.10977508533722025,0.0,0.0,0.0,0.0,12.116700301832573
-0.24770726028827186,0.8091282477310077,-0.8399701309131378,0.2688399878093229,0.0,0.0,0.0,0.0,12.121064714846538
-0.06606117773088525,0.8091282477310077,-0.8399701309131378,-0.7650818782593443,0.0,0.0,0.0,0.0,12.063362110324636
-0.17305030181782521,0.8091282477310077,-0.8399701309131378,0.42790489028142553,0.0,0.0,0.0,0.0,12.100717685412471
-0.35987580896426175,0.8141168104967627,-0.8399701309131378,-0.28788717084303633,0.0,0.0,0.0,0.0,11.81599602495741
-0.13334137996844267,0.8141168104967627,-0.8399701309131378,-0.04928981713488239,0.0,0.0,0.0,0.0,12.112316757188815
0.46496063619695865,0.7941625594337499,-0.8352901758738395,-0.446952073315139,0.0,0.0,0.0,0.0,12.109016442313738
0.040614041835506265,0.7941625594337499,-0.8399701309131378,0.3483724390453742,0.0,0.0,0.0,0.0,12.160557363077048
0.6269876862200655,0.7941625594337499,-0.8399701309131378,0.5074373415174769,0.0,0.0,0.0,0.0,12.152677143050752
0.6432060864484034,0.7991511221995049,-0.8352901758738395,1.30276185387799,0.0,0.0,0.0,0.0,12.047668766996187
-0.2186710921375376,0.8041396849652598,-0.8399701309131378,0.18930753657327157,0.0,0.0,0.0,0.0,12.135118924261802
0.5181674524299259,0.7991511221995049,-0.8399701309131378,0.42790489028142553,0.0,0.0,0.0,0.0,12.137799158081608
0.7187001236403129,0.7991511221995049,-0.8399701309131378,0.5074373415174769,0.0,0.0,0.0,0.0,12.155836686703159
0.20489074092254375,0.7991511221995049,-0.8399701309131378,-0.28788717084303633,0.0,0.0,0.0,0.0,12.16369214550422
-0.544870206407499,0.7991511221995049,-0.8399701309131378,-0.8446143294953956,0.0,0.0,0.0,0.0,12.296831574998258
0.5416056566308792,0.789173996668002,-0.8399701309131378,0.18930753657327157,0.0,0.0,0.0,0.0,12.450981602512561
-0.32524167686374633,0.7991511221995049,-0.8446500859524395,-1.0036792319674983,0.0,0.0,0.0,0.0,12.141539457711714
0.3808342246899662,0.7941625594337499,-0.8399701309131378,0.18930753657327157,0.0,0.0,0.0,0.0,12.30456412327217
-0.3011756636216961,0.7941625594337499,-0.8446500859524395,-0.9241467807314468,0.0,0.0,0.0,0.0,12.132431487478716
-0.3367515092838571,0.7841854339022472,-0.8493300409917379,-0.6060169757872417,0.0,0.0,0.0,0.0,12.2293056568353
0.09743076005478102,0.7791968711364922,-0.8493300409917379,0.18930753657327157,0.0,0.0,0.0,0.0,12.32785212918379
-0.7404850401292928,0.7791968711364922,-0.8446500859524395,-0.446952073315139,0.0,0.0,0.0,0.0,12.299567542341206
0.02983665329667517,0.7841854339022472,-0.8446500859524395,-0.20835471960698504,0.0,0.0,0.0,0.0,12.186385111610496
-0.8560019036911333,0.7841854339022472,-0.8446500859524395,-0.3674196220790877,0.0,0.0,0.0,0.0,12.26670197321789
0.34170079446158924,0.7841854339022472,-0.8493300409917379,-0.8446143294953956,0.0,0.0,0.0,0.0,12.322970845390355
-0.3256078988043863,0.789173996668002,-0.8446500859524395,-0.28788717084303633,0.0,0.0,0.0,0.0,12.201065128819632
-0.3779776363158908,0.789173996668002,-0.8493300409917379,-0.7650818782593443,0.0,0.0,0.0,0.0,12.437585079848033
0.7269139585946647,0.789173996668002,-0.8446500859524395,0.5074373415174769,0.0,0.0,0.0,0.0,12.162125982647739
0.12578680174432688,0.789173996668002,-0.8493300409917379,0.3483724390453742,0.0,0.0,0.0,0.0,12.280720828886404
-0.3107497514984247,0.7941625594337499,-0.8446500859524395,-0.9241467807314468,0.0,0.0,0.0,0.0,12.339295865674435
0.5470466683203861,0.7941625594337499,-0.8493300409917379,0.42790489028142553,0.0,0.0,0.0,0.0,12.206077645517674
0.8749199400332729,0.7941625594337499,-0.8493300409917379,0.42790489028142553,0.0,0.0,0.0,0.0,12.292713537231938
1.222516879120622,0.7941625594337499,-0.8446500859524395,0.2688399878093229,0.0,0.0,0.0,0.0,12.349311146362329
0.07441109521455942,0.7991511221995049,-0.8446500859524395,-0.5264845245511903,0.0,0.0,0.0,0.0,12.210567528391435
-0.4641444272064483,0.7991511221995049,-0.8493300409917379,-0.20835471960698504,0.0,0.0,0.0,0.0,12.231745265561225
-0.05795197761671628,0.7991511221995049,-0.8493300409917379,-0.20835471960698504,0.0,0.0,0.0,0.0,12.194511067314858
-0.25801379204628017,0.8041396849652598,-0.8446500859524395,0.10977508533722025,0.0,0.0,0.0,0.0,12.192992471824816
-0.38964442099627594,0.8041396849652598,-0.8446500859524395,-0.8446143294953956,0.0,0.0,0.0,0.0,11.83138646878959
1.1634505118374168,0.8041396849652598,-0.8446500859524395,0.03024263410116893,0.0,0.0,0.0,0.0,12.607867693866968
-0.1183785978222985,0.8091282477310077,-0.8399701309131378,-0.8446143294953956,0.0,0.0,0.0,0.0,12.051761119434515
-0.3276482781879513,0.8141168104967627,-0.8446500859524395,-0.6855494270232929,0.0,0.0,0.0,0.0,12.765691290604371
0.5562022168363835,0.8091282477310077,-0.8446500859524395,0.18930753657327157,0.0,0.0,0.0,0.0,12.291337080838684
0.0034163561505115066,0.8141168104967627,-0.8493300409917379,0.42790489028142553,0.0,0.0,0.0,0.0,12.280256686219182
-0.24917214805083152,0.8141168104967627,-0.8493300409917379,-0.12882226837093372,0.0,0.0,0.0,0.0,12.190456343334482
-0.0987595652880185,0.8091282477310077,-0.8493300409917379,0.03024263410116893,0.0,0.0,0.0,0.0,12.269990661694345
0.6192447080465363,0.8091282477310077,-0.8446500859524395,0.5074373415174769,0.0,0.0,0.0,0.0,12.286273802188468
1.2792289624997137,0.8041396849652598,-0.8446500859524395,0.42790489028142553,0.0,0.0,0.0,0.0,12.30501712236033
-0.028706539785616148,0.8091282477310077,-0.8446500859524395,0.5869697927535281,0.0,0.0,0.0,0.0,12.259144108039314
-0.7230633392388522,0.8191053732625105,-0.8446500859524395,0.2688399878093229,0.0,0.0,0.0,0.0,12.135118924261802
0.2521856886851812,0.8240939360282654,-0.8493300409917379,0.5869697927535281,0.0,0.0,0.0,0.0,12.139938184891703
-0.8065096242846562,0.8141168104967627,-0.8493300409917379,0.03024263410116893,0.0,0.0,0.0,0.0,12.245778817752209
0.6278770823616193,0.8141168104967627,-0.8493300409917379,-0.3674196220790877,0.0,0.0,0.0,0.0,12.339733404786474
-0.4490770102201213,0.8191053732625105,-0.8493300409917379,-0.04928981713488239,0.0,0.0,0.0,0.0,12.200059603373045
-0.30311140816507853,0.8240939360282654,-0.8399701309131378,0.7460346952256308,0.0,0.0,0.0,0.0,12.301387370778713
-0.6905219039419933,0.8240939360282654,-0.8446500859524395,-1.7990037443280114,0.0,0.0,0.0,0.0,12.051177522006789
-0.2622515030736848,0.8191053732625105,-0.8446500859524395,0.10977508533722025,0.0,0.0,0.0,0.0,12.215532757235666
1.138861324394452,0.8191053732625105,-0.8399701309131378,0.42790489028142553,0.0,0.0,0.0,0.0,12.56758934921002
-0.2099340829822715,0.8191053732625105,-0.8399701309131378,-0.20835471960698504,0.0,0.0,0.0,0.0,12.551437369385376
-0.8395219163623382,0.8290824987940204,-0.8399701309131378,-0.20835471960698504,0.0,0.0,0.0,0.0,12.765691290604371
-0.559309814352729,0.8340710615597683,-0.8446500859524395,-0.446952073315139,0.0,0.0,0.0,0.0,12.011886987792716
-1.4425325003359666,0.8290824987940204,-0.8446500859524395,-1.5604063906198575,0.0,0.0,0.0,0.0,12.07254696717504
-1.2824411948562422,0.8240939360282654,-0.8446500859524395,-0.9241467807314468,0.0,0.0,0.0,0.0,12.26670197321789
-0.3930450533022178,0.8290824987940204,-0.8399701309131378,-0.28788717084303633,0.0,0.0,0.0,0.0,12.032320268218989
-0.11278063387251733,0.8290824987940204,-0.8446500859524395,1.4618267563500926,0.0,0.0,0.0,0.0,11.986678307125475
-0.4433744114301573,0.8290824987940204,-0.8446500859524395,0.6665022439895795,0.0,0.0,0.0,0.0,11.991647230585656
0.6022938639369184,0.8240939360282654,-0.8446500859524395,0.5869697927535281,0.0,0.0,0.0,0.0,12.096821236822512
-0.693399362047021,0.8290824987940204,-0.8446500859524395,0.2688399878093229,0.0,0.0,0.0,0.0,12.048254415120404
-0.7236388308598578,0.8340710615597683,-0.8493300409917379,0.2688399878093229,0.0,0.0,0.0,0.0,12.02515610124372
0.3293015658999244,0.8240939360282654,-0.8493300409917379,-1.4808739393838062,0.0,0.0,0.0,0.0,11.934270483892945
-0.4856992042841105,0.8290824987940204,-0.8493300409917379,0.2688399878093229,0.0,0.0,0.0,0.0,12.12595201815431
-0.7805601839193154,0.8290824987940204,-0.8493300409917379,0.03024263410116893,0.0,0.0,0.0,0.0,12.116700301832573
-0.6873305413164171,0.8290824987940204,-0.8540099960310363,-0.8446143294953956,0.0,0.0,0.0,0.0,11.938853113303086
-0.09148744389531205,0.8290824987940204,-0.8493300409917379,0.2688399878093229,0.0,0.0,0.0,0.0,12.098493002763465
0.5345951223386299,0.8191053732625105,-0.8540099960310363,-0.8446143294953956,0.0,0.0,0.0,0.0,12.021554678392043
0.9042700127045556,0.8240939360282654,-0.8540099960310363,0.42790489028142553,0.0,0.0,0.0,0.0,12.23125781971899
0.20761124676729742,0.8191053732625105,-0.858689951070338,0.42790489028142553,0.0,0.0,0.0,0.0,12.292254928916668
0.4150498174297506,0.8240939360282654,-0.858689951070338,-0.9241467807314468,0.0,0.0,0.0,0.0,11.979805470779858
-0.49867392446678116,0.8340710615597683,-0.858689951070338,-0.6060169757872417,0.0,0.0,0.0,0.0,10.714439990727769
-0.7287659380288164,0.8340710615597683,-0.858689951070338,-0.5264845245511903,0.0,0.0,0.0,0.0,11.967187086434018
-0.4171633839643593,0.8340710615597683,-0.858689951070338,-0.446952073315139,0.0,0.0,0.0,0.0,12.765691290604371
0.2609226978404473,0.8340710615597683,-0.858689951070338,-0.12882226837093372,0.0,0.0,0.0,0.0,12.26670197321789
0.20907613452985682,0.8141168104967627,-0.8540099960310363,0.3483724390453742,0.0,0.0,0.0,0.0,12.380030154325457
-0.3245092329824666,0.8141168104967627,-0.8540099960310363,-0.28788717084303633,0.0,0.0,0.0,0.0,12.275136847806356
1.030564264805227,0.8141168104967627,-0.8540099960310363,0.42790489028142553,0.0,0.0,0.0,0.0,12.334470257826283
0.5580333265395828,0.8141168104967627,-0.858689951070338,-0.04928981713488239,0.0,0.0,0.0,0.0,12.448238127319225
-0.10420057697752558,0.8141168104967627,-0.8540099960310363,-0.3674196220790877,0.0,0.0,0.0,0.0,12.056417678159836
0.5152376769048072,0.8191053732625105,-0.858689951070338,0.03024263410116893,0.0,0.0,0.0,0.0,12.354065835437861
0.10318567626483655,0.8091282477310077,-0.8493300409917379,0.5074373415174769,0.0,0.0,0.0,0.0,12.248657884620656
0.23575801877647765,0.8091282477310077,-0.8493300409917379,0.5074373415174769,0.0,0.0,0.0,0.0,12.3225259085418
-0.12884208184058116,0.8041396849652598,-0.8493300409917379,0.2688399878093229,0.0,0.0,0.0,0.0,12.11943029135234
-0.0442448135527659,0.8041396849652598,-0.8493300409917379,0.2688399878093229,0.0,0.0,0.0,0.0,12.192992471824816
0.4658500323385129,0.8041396849652598,-0.858689951070338,0.10977508533722025,0.0,0.0,0.0,0.0,12.181785075898826
0.7126313029097091,0.8041396849652598,-0.8540099960310363,0.5074373415174769,0.0,0.0,0.0,0.0,12.086167985820309
0.47134336144811106,0.8041396849652598,-0.8540099960310363,0.42790489028142553,0.0,0.0,0.0,0.0,12.114510931441727
0.46956456916500294,0.8041396849652598,-0.8540099960310363,0.5074373415174769,0.0,0.0,0.0,0.0,12.100717685412471
-0.08855766837019301,0.8041396849652598,-0.8493300409917379,0.03024263410116893,0.0,0.0,0.0,0.0,12.102937429832547
-0.12245935658942875,0.8041396849652598,-0.8493300409917379,-0.7650818782593443,0.0,0.0,0.0,0.0,12.252006352956359
0.6496411291196476,0.8091282477310077,-0.8540099960310363,0.3483724390453742,0.0,0.0,0.0,0.0,12.181785075898826
0.30868850238390777,0.8041396849652598,-0.8540099960310363,0.42790489028142553,0.0,0.0,0.0,0.0,12.12215284831553
0.07781172752050126,0.8091282477310077,-0.8540099960310363,-0.3674196220790877,0.0,0.0,0.0,0.0,12.391310778311764
0.25495851195002617,0.7841854339022472,-0.8540099960310363,0.3483724390453742,0.0,0.0,0.0,0.0,12.215037342290755
-0.18283365937491944,0.7841854339022472,-0.8540099960310363,-0.5264845245511903,0.0,0.0,0.0,0.0,12.07083122020422
0.3356842911510768,0.7791968711364922,-0.8540099960310363,-0.28788717084303633,0.0,0.0,0.0,0.0,12.084475470282369
-0.40157279277711827,0.7841854339022472,-0.8493300409917379,-0.3674196220790877,0.0,0.0,0.0,0.0,12.219980481653478
0.13148940053429112,0.7841854339022472,-0.8540099960310363,-1.2422765856756521,0.0,0.0,0.0,0.0,11.943414837983129
0.05165301747479451,0.789173996668002,-0.858689951070338,-0.8446143294953956,0.0,0.0,0.0,0.0,11.998439434579149
-0.5193916228229806,0.7841854339022472,-0.8540099960310363,-0.9241467807314468,0.0,0.0,0.0,0.0,12.188422799337028
-0.5303782810421775,0.789173996668002,-0.8493300409917379,-0.6060169757872417,0.0,0.0,0.0,0.0,12.152677143050752
-0.7448273859968803,0.789173996668002,-0.8540099960310363,-0.446952073315139,0.0,0.0,0.0,0.0,12.116700301832573
-0.8769811891477899,0.789173996668002,-0.8540099960310363,1.064164500169836,0.0,0.0,0.0,0.0,11.938853113303086
0.15194551179003338,0.789173996668002,-0.8540099960310363,1.3822943051140413,0.0,0.0,0.0,0.0,11.998439434579149
-0.6771286443985916,0.7941625594337499,-0.8540099960310363,-0.04928981713488239,0.0,0.0,0.0,0.0,12.110667961260443
-0.08170408633821781,0.7941625594337499,-0.8540099960310363,-0.8446143294953956,0.0,0.0,0.0,0.0,12.117793192144138
0.667429051950728,0.7941625594337499,-0.8540099960310363,0.5074373415174769,0.0,0.0,0.0,0.0,12.281184756225146
0.31847185994100197,0.7991511221995049,-0.8540099960310363,0.10977508533722025,0.0,0.0,0.0,0.0,12.104045457048253
-0.2867883730965575,0.789173996668002,-0.858689951070338,-0.28788717084303633,0.0,0.0,0.0,0.0,12.105152257898368
0.34007895443875547,0.789173996668002,-0.8633699061096364,0.3483724390453742,0.0,0.0,0.0,0.0,12.037659911047468
-0.36421815483184916,0.789173996668002,-0.8633699061096364,0.03024263410116893,0.0,0.0,0.0,0.0,12.157412722878947
0.04202661217797438,0.789173996668002,-0.8633699061096364,0.5074373415174769,0.0,0.0,0.0,0.0,12.030534032473051
0.8430063137775105,0.7941625594337499,-0.858689951070338,0.5074373415174769,0.0,0.0,0.0,0.0,12.334909912967877
0.12306629589957369,0.7941625594337499,-0.8633699061096364,0.5074373415174769,0.0,0.0,0.0,0.0,12.09904963758644
0.22356805989517842,0.7941625594337499,-0.858689951070338,0.2688399878093229,0.0,0.0,0.0,0.0,12.162125982647739
0.8301885458551144,0.7991511221995049,-0.858689951070338,0.5074373415174769,0.0,0.0,0.0,0.0,12.32652323122033
-0.11675675779946475,0.7841854339022472,-0.8633699061096364,-0.8446143294953956,0.0,0.0,0.0,0.0,11.874097282798648
-0.180479375470806,0.789173996668002,-0.8680498611489348,-1.0832116832035494,0.0,0.0,0.0,0.0,12.269052139516223
-0.30897095921531686,0.789173996668002,-0.8633699061096364,-0.6060169757872417,0.0,0.0,0.0,0.0,12.27045959268099
0.15984544222383695,0.7991511221995049,-0.8633699061096364,0.42790489028142553,0.0,0.0,0.0,0.0,12.32029824991355
-0.4035608547405917,0.789173996668002,-0.8680498611489348,-0.7650818782593443,0.0,0.0,0.0,0.0,12.066241450757124
0.03747499663002159,0.7991511221995049,-0.8680498611489348,0.5074373415174769,0.0,0.0,0.0,0.0,12.224899306530068
-0.3205331090555192,0.7941625594337499,-0.8680498611489348,-0.5264845245511903,0.0,0.0,0.0,0.0,12.101828173530544
-0.20621954615578125,0.8041396849652598,-0.858689951070338,0.3483724390453742,0.0,0.0,0.0,0.0,12.351475171599722
0.7352324283891994,0.8041396849652598,-0.8633699061096364,0.5869697927535281,0.0,0.0,0.0,0.0,12.309535862454515
0.715561078434828,0.8041396849652598,-0.858689951070338,0.5074373415174769,0.0,0.0,0.0,0.0,12.292254928916668
0.9507278817457305,0.8091282477310077,-0.8633699061096364,0.42790489028142553,0.0,0.0,0.0,0.0,12.293630123379582
0.040457089575231926,0.8091282477310077,-0.8680498611489348,-0.20835471960698504,0.0,0.0,0.0,0.0,12.160033942617156
-0.9461971359287297,0.8041396849652598,-0.8633699061096364,0.03024263410116893,0.0,0.0,0.0,0.0,12.276069679344003
1.3046552286641409,0.8041396849652598,-0.8680498611489348,0.5074373415174769,0.0,0.0,0.0,0.0,12.342354626814949
0.3088977720642734,0.8091282477310077,-0.8633699061096364,0.42790489028142553,0.0,0.0,0.0,0.0,12.157937516778192
0.39898836946168653,0.8091282477310077,-0.858689951070338,0.42790489028142553,0.0,0.0,0.0,0.0,12.276535769000125
0.7118988590284292,0.8091282477310077,-0.858689951070338,0.2688399878093229,0.0,0.0,0.0,0.0,12.281648468435115
0.48253928934767387,0.8141168104967627,-0.8633699061096364,-0.3674196220790877,0.0,0.0,0.0,0.0,12.373707715234994
0.2690842153747078,0.8191053732625105,-0.8680498611489348,0.5869697927535281,0.0,0.0,0.0,0.0,12.351475171599722
0.46919834722436343,0.8141168104967627,-0.8680498611489348,0.42790489028142553,0.0,0.0,0.0,0.0,12.202069644200355
0.1122889073607426,0.8191053732625105,-0.8633699061096364,0.5869697927535281,0.0,0.0,0.0,0.0,12.158986279072735
0.6992903607863987,0.8191053732625105,-0.8633699061096364,0.42790489028142553,0.0,0.0,0.0,0.0,12.17252103261878
0.3649820464022682,0.8240939360282654,-0.8633699061096364,0.5074373415174769,0.0,0.0,0.0,0.0,12.157412722878947
-0.3681419613387051,0.8240939360282654,-0.8633699061096364,0.03024263410116893,0.0,0.0,0.0,0.0,12.199556461239876
-0.5305352333024517,0.8240939360282654,-0.8633699061096364,-0.20835471960698504,0.0,0.0,0.0,0.0,12.124325569579169
0.1955259227261808,0.8290824987940204,-0.8633699061096364,-0.5264845245511903,0.0,0.0,0.0,0.0,12.045322738624144
0.08367127857073936,0.8290824987940204,-0.8680498611489348,0.3483724390453742,0.0,0.0,0.0,0.0,12.088982494773598
0.013356665967880084,0.8191053732625105,-0.8680498611489348,-0.04928981713488239,0.0,0.0,0.0,0.0,12.11341444611523
-0.18534489553930747,0.8240939360282654,-0.8727298161882332,-0.04928981713488239,0.0,0.0,0.0,0.0,12.15636230813118
-0.4348989893753484,0.8290824987940204,-0.8680498611489348,-0.20835471960698504,0.0,0.0,0.0,0.0,12.122696471358964
-0.47277680152153156,0.8091282477310077,-0.8680498611489348,-1.5604063906198575,0.0,0.0,0.0,0.0,11.80410890048989
0.32903997879946745,0.8141168104967627,-0.8727298161882332,0.2688399878093229,0.0,0.0,0.0,0.0,12.048254415120404
-0.32288739295963265,0.8141168104967627,-0.8727298161882332,0.3483724390453742,0.0,0.0,0.0,0.0,12.077676615757813
-0.03697269216005945,0.8141168104967627,-0.8680498611489348,-1.4013414881477548,0.0,0.0,0.0,0.0,12.050009304398564
-0.45190215090505753,0.8141168104967627,-0.8680498611489348,0.9050995976977334,0.0,0.0,0.0,0.0,12.02035131605286
0.3698998838908612,0.8191053732625105,-0.8727298161882332,0.5869697927535281,0.0,0.0,0.0,0.0,12.158462035413251
-0.7236388308598578,0.8041396849652598,-0.8680498611489348,-0.20835471960698504,0.0,0.0,0.0,0.0,12.37201495855807
-0.07636770948889356,0.8091282477310077,-0.8680498611489348,0.2688399878093229,0.0,0.0,0.0,0.0,12.146858590895919
0.5225097982975133,0.8041396849652598,-0.8680498611489348,0.3483724390453742,0.0,0.0,0.0,0.0,12.503584992123654
0.1650248668128869,0.8091282477310077,-0.8727298161882332,0.7460346952256308,0.0,0.0,0.0,0.0,12.110667961260443
0.13384368443840478,0.8041396849652598,-0.8727298161882332,0.2688399878093229,0.0,0.0,0.0,0.0,12.314034275355535
-0.4890998365900526,0.7991511221995049,-0.8727298161882332,-0.6855494270232929,0.0,0.0,0.0,0.0,11.996591585872558
-0.6071802537363721,0.7991511221995049,-0.8727298161882332,-0.28788717084303633,0.0,0.0,0.0,0.0,12.765691290604371
-0.6353793431656438,0.7991511221995049,-0.8727298161882332,-0.5264845245511903,0.0,0.0,0.0,0.0,12.098493002763465
-0.19920901186353196,0.789173996668002,-0.8727298161882332,-1.0832116832035494,0.0,0.0,0.0,0.0,11.98854454800156
-0.12711560697756435,0.7941625594337499,-0.8727298161882332,-1.71947129309196,0.0,0.0,0.0,0.0,12.04238244212355
0.11469550868494757,0.7941625594337499,-0.8727298161882332,-0.5264845245511903,0.0,0.0,0.0,0.0,12.067965083912192
0.23214811679017017,0.7941625594337499,-0.8774097712275348,0.03024263410116893,0.0,0.0,0.0,0.0,12.190456343334482
0.21190127521479307,0.8041396849652598,-0.8774097712275348,-0.3674196220790877,0.0,0.0,0.0,0.0,12.15214958053555
-0.05381890142949451,0.8041396849652598,-0.8774097712275348,-0.5264845245511903,0.0,0.0,0.0,0.0,12.17510299851502
-0.5638091124805905,0.8041396849652598,-0.8820897262668332,-1.1627441344396008,0.0,0.0,0.0,0.0,12.078812973059884
0.13248343151602796,0.8091282477310077,-0.8774097712275348,0.03024263410116893,0.0,0.0,0.0,0.0,12.144202560946876
0.18956173683575964,0.8141168104967627,-0.8774097712275348,-0.12882226837093372,0.0,0.0,0.0,0.0,12.123782831670258
-0.08008224631538408,0.8141168104967627,-0.8774097712275348,0.3483724390453742,0.0,0.0,0.0,0.0,12.079380667837011
0.24847115185869117,0.8091282477310077,-0.8774097712275348,-0.3674196220790877,0.0,0.0,0.0,0.0,12.162125982647739
0.07257998551135958,0.8141168104967627,-0.8820897262668332,0.10977508533722025,0.0,0.0,0.0,0.0,12.137263685701864
0.3873739022013929,0.8041396849652598,-0.8820897262668332,-0.28788717084303633,0.0,0.0,0.0,0.0,12.377084656489986
-0.5735401526175935,0.8041396849652598,-0.8820897262668332,-0.5264845245511903,0.0,0.0,0.0,0.0,12.187404474495082
1.4435579790068431,0.8091282477310077,-0.8820897262668332,-0.7650818782593443,0.0,0.0,0.0,0.0,12.528522019787818
0.6619880402612212,0.8091282477310077,-0.8820897262668332,-0.3674196220790877,0.0,0.0,0.0,0.0,12.351907415253551
0.09130962190408554,0.7991511221995049,-0.8774097712275348,-0.12882226837093372,0.0,0.0,0.0,0.0,12.12215284831553
0.018012916356015693,0.7991511221995049,-0.8820897262668332,-0.20835471960698504,0.0,0.0,0.0,0.0,12.158462035413251
-0.06606117773088525,0.7991511221995049,-0.8820897262668332,0.2688399878093229,0.0,0.0,0.0,0.0,12.15688765342645
0.14723694398180648,0.8191053732625105,-0.8774097712275348,-0.3674196220790877,0.0,0.0,0.0,0.0,12.067390869565173
0.18082472768049354,0.8191053732625105,-0.8820897262668332,-0.3674196220790877,0.0,0.0,0.0,0.0,12.000283875037855
-0.1462637827310218,0.8191053732625105,-0.8820897262668332,-1.0832116832035494,0.0,0.0,0.0,0.0,11.860768522363712
-0.2643441998773413,0.8191053732625105,-0.8774097712275348,-0.9241467807314468,0.0,0.0,0.0,0.0,11.994122464057146
0.09089108254335428,0.8191053732625105,-0.8774097712275348,-0.6060169757872417,0.0,0.0,0.0,0.0,12.088982494773598
-0.26858191090474587,0.8240939360282654,-0.8820897262668332,-1.6399388418559087,0.0,0.0,0.0,0.0,11.83138646878959
0.08110772498626004,0.8240939360282654,-0.8820897262668332,-0.7650818782593443,0.0,0.0,0.0,0.0,11.901590234400047
0.3122984043702152,0.8390596243255232,-0.8727298161882332,0.03024263410116893,0.0,0.0,0.0,0.0,12.179733803647622
0.04448553092227088,0.8340710615597683,-0.8727298161882332,0.5074373415174769,0.0,0.0,0.0,0.0,12.11341444611523
-0.41125151549402966,0.8290824987940204,-0.8727298161882332,-0.20835471960698504,0.0,0.0,0.0,0.0,12.15688765342645
-0.01342985311892355,0.8290824987940204,-0.8774097712275348,-0.5264845245511903,0.0,0.0,0.0,0.0,12.02814741073532
-0.5320001210650113,0.8290824987940204,-0.8774097712275348,-0.6855494270232929,0.0,0.0,0.0,0.0,12.27886296424548
-0.6445872091017324,0.8240939360282654,-0.8820897262668332,-0.446952073315139,0.0,0.0,0.0,0.0,11.959538914341756
-0.42574344085935106,0.8240939360282654,-0.8820897262668332,0.2688399878093229,0.0,0.0,0.0,0.0,11.869207331664223
-0.425220266658437,0.8290824987940204,-0.8820897262668332,-1.6399388418559087,0.0,0.0,0.0,0.0,11.982935344196433
0.023872467406254025,0.8191053732625105,-0.8867696813061317,-1.0832116832035494,0.0,0.0,0.0,0.0,11.867805799560465
-0.38504048802823165,0.8191053732625105,-0.8867696813061317,0.10977508533722025,0.0,0.0,0.0,0.0,11.938199736300925
-0.3006001720006907,0.8191053732625105,-0.8867696813061317,-1.8785361955640627,0.0,0.0,0.0,0.0,11.37940550085183
-0.3656830425944088,0.8240939360282654,-0.8867696813061317,-1.2422765856756521,0.0,0.0,0.0,0.0,12.136191879981927
-0.8854566112025988,0.8240939360282654,-0.8867696813061317,-0.8446143294953956,0.0,0.0,0.0,0.0,11.981058595924264
-0.2572290307449092,0.8290824987940204,-0.8867696813061317,-1.0832116832035494,0.0,0.0,0.0,0.0,11.998439434579149
0.05510596720082764,0.8191053732625105,-0.8914496363454334,-0.12882226837093372,0.0,0.0,0.0,0.0,12.097936057925594
0.1809816799407679,0.8141168104967627,-0.8867696813061317,-0.3674196220790877,0.0,0.0,0.0,0.0,12.241444615610645
0.7219961211060721,0.8141168104967627,-0.8914496363454334,-0.3674196220790877,0.0,0.0,0.0,0.0,12.261512082776054
-0.08374446572178282,0.8091282477310077,-0.8867696813061317,-1.0036792319674983,0.0,0.0,0.0,0.0,12.212059687374296
1.1026053522711028,0.8091282477310077,-0.8867696813061317,-0.6060169757872417,0.0,0.0,0.0,0.0,12.513193308436527
0.14859719690418333,0.7941625594337499,-0.9054895014633285,-0.9241467807314468,0.0,0.0,0.0,0.0,11.986055452062393
0.3140771966533233,0.7941625594337499,-0.9008095464240301,-0.3674196220790877,0.0,0.0,0.0,0.0,12.345838935721968
-0.10812438348438148,0.789173996668002,-0.9008095464240301,-0.7650818782593443,0.0,0.0,0.0,0.0,12.295917919903431
0.5152376769048072,0.7941625594337499,-0.9008095464240301,-0.20835471960698504,0.0,0.0,0.0,0.0,12.34409829881876
1.1584280395086406,0.8041396849652598,-0.9148494115419287,-0.20835471960698504,0.0,0.0,0.0,0.0,12.322970845390355
0.4022843669274458,0.7991511221995049,-0.9148494115419287,-0.446952073315139,0.0,0.0,0.0,0.0,12.520156844130765
0.4652745407175073,0.8041396849652598,-0.9148494115419287,-0.28788717084303633,0.0,0.0,0.0,0.0,12.348877778786173
-0.7894018279147643,0.8041396849652598,-0.9148494115419287,-0.8446143294953956,0.0,0.0,0.0,0.0,12.297744396089387
0.1955259227261808,0.8041396849652598,-0.9148494115419287,-0.3674196220790877,0.0,0.0,0.0,0.0,11.932300052847731
0.9698760574991878,0.7991511221995049,-0.9148494115419287,-0.20835471960698504,0.0,0.0,0.0,0.0,12.471896304003637
0.5225097982975133,0.8091282477310077,-0.9101694565026303,-0.20835471960698504,0.0,0.0,0.0,0.0,12.347576548072231
0.6029216729780152,0.8091282477310077,-0.9148494115419287,-0.20835471960698504,0.0,0.0,0.0,0.0,12.487488878546145
0.8658167089373668,0.8091282477310077,-0.9148494115419287,-0.12882226837093372,0.0,0.0,0.0,0.0,12.385059481651881
-0.1254937669547306,0.8091282477310077,-0.9148494115419287,-0.7650818782593443,0.0,0.0,0.0,0.0,12.440357896943219
-0.43662546423836496,0.8091282477310077,-0.919529366581227,-0.28788717084303633,0.0,0.0,0.0,0.0,11.829930875050733
2.30862652021836,0.8091282477310077,-0.919529366581227,-0.28788717084303633,0.0,0.0,0.0,0.0,12.827726509666084
1.5414438719978771,0.8091282477310077,-0.9242093216205287,-0.20835471960698504,0.0,0.0,0.0,0.0,12.70624472124373
1.8288234605600098,0.8091282477310077,-0.9242093216205287,-0.5264845245511903,0.0,0.0,0.0,0.0,12.729027412930751
-0.07573990044779667,0.7941625594337499,-0.9288892766598271,-0.5264845245511903,0.0,0.0,0.0,0.0,12.19552218463499
0.1776856824750091,0.7941625594337499,-0.9288892766598271,-0.8446143294953956,0.0,0.0,0.0,0.0,12.261038936200617
1.3988789022487758,0.7941625594337499,-0.9288892766598271,-0.5264845245511903,0.0,0.0,0.0,0.0,12.594394985777612
-0.030119110128084266,0.7941625594337499,-0.9335692316991255,-0.6855494270232929,0.0,0.0,0.0,1.0,11.83138646878959
0.1989788724522139,0.7991511221995049,-0.8867696813061317,-1.0036792319674983,0.0,0.0,0.0,0.0,11.843674210764698
-0.14506048206891908,0.7991511221995049,-0.8867696813061317,-0.8446143294953956,0.0,0.0,0.0,0.0,12.476103599529843
0.9604589218827335,0.7991511221995049,-0.8914496363454334,-0.12882226837093372,0.0,0.0,0.0,0.0,12.312686874960354
0.6336843159917666,0.7991511221995049,-0.8914496363454334,-0.20835471960698504,0.0,0.0,0.0,0.0,12.32029824991355
0.1423714239133048,0.8041396849652598,-0.8867696813061317,-0.7650818782593443,0.0,0.0,0.0,0.0,12.345838935721968
1.4419361389840089,0.8041396849652598,-0.8914496363454334,-0.5264845245511903,0.0,0.0,0.0,0.0,12.758810549239202
1.7830980354001147,0.7991511221995049,-0.8914496363454334,-0.7650818782593443,0.0,0.0,0.0,0.0,12.617523138763014
0.8121390359235771,0.7991511221995049,-0.8961295913847318,-0.3674196220790877,0.0,0.0,0.0,0.0,12.518694860909774
1.525382424029813,0.8191053732625105,-0.8914496363454334,-0.7650818782593443,0.0,0.0,0.0,0.0,12.596765851000393
1.985252546633335,0.8191053732625105,-0.8961295913847318,-0.9241467807314468,0.0,0.0,0.0,0.0,12.674515682685282
0.3120891346898496,0.8240939360282654,-0.8914496363454334,-0.9241467807314468,0.0,0.0,0.0,0.0,12.234664961456772
0.06101783567115749,0.8240939360282654,-0.8914496363454334,-1.1627441344396008,0.0,0.0,0.0,0.0,12.327409359385856
0.8757047013346436,0.8240939360282654,-0.8961295913847318,-0.9241467807314468,0.0,0.0,0.0,0.0,12.521616693076714
0.8862205027730179,0.8041396849652598,-0.9008095464240301,-0.7650818782593443,0.0,0.0,0.0,0.0,12.744321783723706
-0.2422139311786735,0.8091282477310077,-0.9008095464240301,-1.0036792319674983,0.0,0.0,0.0,0.0,12.580738282084809
0.3766488310826531,0.8041396849652598,-0.9008095464240301,-0.7650818782593443,0.0,0.0,0.0,0.0,12.626429650198945
1.1682113970657353,0.8091282477310077,-0.9008095464240301,-0.6855494270232929,0.0,0.0,0.0,0.0,12.632976296995821
1.0822538758555431,0.8141168104967627,-0.9008095464240301,-0.8446143294953956,0.0,0.0,0.0,0.0,12.529969716574515
0.13619796834251802,0.8191053732625105,-0.9008095464240301,-1.4808739393838062,0.0,0.0,0.0,0.0,11.975407125004564
1.1728676474538708,0.8141168104967627,-0.9054895014633285,-0.8446143294953956,0.0,0.0,0.0,0.0,12.558492047480835
1.5955924017924896,0.8091282477310077,-0.9101694565026303,-0.3674196220790877,0.0,0.0,0.0,0.0,12.55884347833516
1.6817068752629558,0.7941625594337499,-0.9101694565026303,-0.5264845245511903,0.0,0.0,0.0,0.0,12.766262554340948
1.5290969608563036,0.7991511221995049,-0.9101694565026303,-0.6060169757872417,0.0,0.0,0.0,0.0,12.584512505902088
0.7672506894851445,0.8041396849652598,-0.9054895014633285,-0.446952073315139,0.0,0.0,0.0,0.0,12.540045332306379
0.44403366816039336,0.8041396849652598,-0.9054895014633285,-0.446952073315139,0.0,0.0,0.0,0.0,12.57625939252641
1.158689626609098,0.8041396849652598,-0.9101694565026303,-0.6855494270232929,0.0,0.0,0.0,0.0,12.57901800545302
2.016852268368549,0.8041396849652598,-0.9101694565026303,-0.9241467807314468,0.0,0.0,0.0,0.0,12.665713390084107
1.30721878224862,0.7941625594337499,-0.9054895014633285,-0.3674196220790877,0.0,0.0,0.0,0.0,12.535379989788607
0.944972965535675,0.7941625594337499,-0.9008095464240301,-0.3674196220790877,0.0,0.0,0.0,0.0,12.485978309945345
0.7834167722933911,0.7991511221995049,-0.9008095464240301,-0.20835471960698504,0.0,0.0,0.0,0.0,12.440753386782307
1.0166478310609108,0.7991511221995049,-0.9008095464240301,-0.28788717084303633,0.0,0.0,0.0,0.0,12.564100174313463
0.2817450310368296,0.7941625594337499,-0.9054895014633285,-0.9241467807314468,0.0,0.0,0.0,0.0,12.385059481651881
-0.06715984355280492,0.789173996668002,-0.9101694565026303,-0.9241467807314468,0.0,0.0,0.0,0.0,12.269052139516223
0.9602496522023679,0.7941625594337499,-0.9101694565026303,-1.0036792319674983,0.0,0.0,0.0,0.0,12.417957049864935
0.9418339203301901,0.7991511221995049,-0.919529366581227,-0.28788717084303633,0.0,0.0,0.0,0.0,12.48786616443145
1.03474965841254,0.7991511221995049,-0.9242093216205287,-0.5264845245511903,0.0,0.0,0.0,0.0,12.547891278953442
1.6433058889158583,0.8041396849652598,-0.919529366581227,-1.0036792319674983,0.0,0.0,0.0,0.0,12.853440250547505
1.9324119523410077,0.8041396849652598,-0.9242093216205287,-0.7650818782593443,0.0,0.0,0.0,0.0,12.71680126459136
1.6421549056738476,0.8041396849652598,-0.9288892766598271,-0.446952073315139,0.0,0.0,0.0,0.0,12.767404103718484
0.780120774827632,0.7991511221995049,-0.9288892766598271,-0.20835471960698504,0.0,0.0,0.0,0.0,12.734642898012305
0.9747938949877802,0.8041396849652598,-0.9288892766598271,-0.3674196220790877,0.0,0.0,0.0,0.0,12.57694975951839
2.0764941272727597,0.8041396849652598,-0.9288892766598271,-0.6060169757872417,0.0,0.0,0.0,0.0,12.746362892345706
0.07671306169858136,0.8041396849652598,-0.9288892766598271,-0.8446143294953956,0.0,0.0,0.0,0.0,12.802436311460877
1.5787461925230548,0.7941625594337499,-0.947609096817024,-0.9241467807314468,0.0,0.0,0.0,1.0,12.858139985830508
1.267195955878689,0.7991511221995049,-0.8914496363454334,-0.8446143294953956,0.0,0.0,0.0,0.0,12.505439929198145
-0.2136486198087618,0.7941625594337499,-0.8914496363454334,-0.8446143294953956,0.0,0.0,0.0,0.0,12.3000228100237
1.1369255798510702,0.7941625594337499,-0.8961295913847318,-0.3674196220790877,0.0,0.0,0.0,0.0,12.390063641368315
0.726809323754482,0.7941625594337499,-0.8961295913847318,-0.04928981713488239,0.0,0.0,0.0,0.0,12.40123227382928
1.0196299240061215,0.7941625594337499,-0.919529366581227,-1.71947129309196,0.0,0.0,0.0,0.0,12.486356166069786
1.196044264554367,0.7941625594337499,-0.9242093216205287,-0.20835471960698504,0.0,0.0,0.0,0.0,12.54040330489666
1.6232683170208473,0.7991511221995049,-0.919529366581227,-0.9241467807314468,0.0,0.0,0.0,0.0,12.708969922854033
-0.5598853059737346,0.7991511221995049,-0.9242093216205287,-1.1627441344396008,0.0,0.0,0.0,0.0,12.10238295548773
1.8425829420440514,0.7941625594337499,-0.9148494115419287,-1.1627441344396008,0.0,0.0,0.0,0.0,12.818825598307294
1.240461754211977,0.7941625594337499,-0.9148494115419287,-0.3674196220790877,0.0,0.0,0.0,0.0,12.549311224453131
1.5316605144407824,0.7941625594337499,-0.9148494115419287,-0.9241467807314468,0.0,0.0,0.0,0.0,12.71560042746368
1.8294512696011067,0.7991511221995049,-0.9148494115419287,-1.0036792319674983,0.0,0.0,0.0,0.0,12.875953758001124
0.8549870029784444,0.7991511221995049,-0.9148494115419287,-0.20835471960698504,0.0,0.0,0.0,0.0,12.354927900740968
1.0524852638235291,0.7791968711364922,-0.919529366581227,-1.2422765856756521,0.0,0.0,0.0,1.0,13.01188087786516
0.6093567156492594,0.7791968711364922,-0.919529366581227,-1.0036792319674983,0.0,0.0,0.0,1.0,12.893204268851937
0.25045921382216485,0.7791968711364922,-0.9242093216205287,-0.7650818782593443,0.0,0.0,0.0,1.0,12.96968061965209
-0.15248955572189987,0.789173996668002,-0.9148494115419287,-0.8446143294953956,0.0,0.0,0.0,0.0,12.138334343884129
0.17799958699555732,0.789173996668002,-0.919529366581227,-1.0832116832035494,0.0,0.0,0.0,0.0,12.365641477767022
-0.202138787388651,0.789173996668002,-0.9148494115419287,-1.1627441344396008,0.0,0.0,0.0,0.0,12.286273802188468
0.3917162480689803,0.789173996668002,-0.919529366581227,-0.7650818782593443,0.0,0.0,0.0,0.0,12.550374861980682
0.08487457923284185,0.789173996668002,-0.919529366581227,-1.3218090369117035,0.0,0.0,0.0,0.0,12.765691290604371
-0.15191406410089428,0.789173996668002,-0.919529366581227,-0.9241467807314468,0.0,0.0,0.0,0.0,12.47801017053037
-0.335338938941389,0.7841854339022472,-0.9242093216205287,-1.0036792319674983,0.0,0.0,0.0,1.0,12.440753386782307
0.409556488320152,0.789173996668002,-0.9242093216205287,0.03024263410116893,0.0,0.0,0.0,0.0,12.774509413971375
-0.42574344085935106,0.789173996668002,-0.9242093216205287,-1.1627441344396008,0.0,0.0,0.0,0.0,12.501726607862306
0.2430824575892756,0.7742083083707443,-0.9429291417777256,-1.4013414881477548,0.0,0.0,0.0,1.0,12.511352710974496
3.2641518807679306,0.7592426200734865,-0.9288892766598271,-1.8785361955640627,0.0,0.0,0.0,1.0,13.076740292739899
1.3652388011299974,0.7841854339022472,-0.9148494115419287,-1.3218090369117035,0.0,0.0,0.0,0.0,12.561650487872974
0.4898114107403801,0.7841854339022472,-0.919529366581227,0.42790489028142553,0.0,0.0,0.0,0.0,12.868247600436153
-0.5832711927545962,0.789173996668002,-0.9008095464240301,-0.8446143294953956,0.0,0.0,0.0,0.0,12.377927112974284
-0.5701395203116514,0.789173996668002,-0.9008095464240301,-0.9241467807314468,0.0,0.0,0.0,0.0,12.286273802188468
0.7912120678870117,0.7742083083707443,-0.9008095464240301,-0.446952073315139,0.0,0.0,0.0,0.0,12.712592010659236
1.270491953344448,0.7742083083707443,-0.9054895014633285,-0.446952073315139,0.0,0.0,0.0,0.0,12.562701088387747
0.29770184416471057,0.7742083083707443,-0.8961295913847318,-0.5264845245511903,0.0,0.0,0.0,0.0,12.497999446362185
1.4991713965640148,0.7791968711364922,-0.8914496363454334,-0.446952073315139,0.0,0.0,0.0,0.0,12.619839862232693
0.6603138828182956,0.7742083083707443,-0.8914496363454334,-0.3674196220790877,0.0,0.0,0.0,0.0,12.727544397630073
0.6731839681607835,0.7692197456049893,-0.8961295913847318,-0.3674196220790877,0.0,0.0,0.0,0.0,12.472279517715116
0.41259089868545434,0.7642311828392344,-0.8961295913847318,-0.3674196220790877,0.0,0.0,0.0,0.0,12.379189468444443
-0.020806609351812812,0.789173996668002,-0.8914496363454334,-0.3674196220790877,0.0,0.0,0.0,0.0,12.432813717998226
1.4979680959019124,0.7841854339022472,-0.8914496363454334,-0.20835471960698504,0.0,0.0,0.0,0.0,12.744905382854366
-0.35841092120170237,0.789173996668002,-0.8914496363454334,-0.6855494270232929,0.0,0.0,0.0,0.0,12.30501712236033
0.8763848277958323,0.789173996668002,-0.8961295913847318,-0.20835471960698504,0.0,0.0,0.0,0.0,12.451764072104638
0.21514495526046054,0.789173996668002,-0.8961295913847318,-0.9241467807314468,0.0,0.0,0.0,0.0,11.811554895830454
-0.12988843024240931,0.789173996668002,-0.8961295913847318,-1.1627441344396008,0.0,0.0,0.0,0.0,12.146858590895919
0.45789778448461804,0.7791968711364922,-0.9008095464240301,-0.8446143294953956,0.0,0.0,0.0,0.0,12.596765851000393
1.7640021770667489,0.7791968711364922,-0.9054895014633285,-0.3674196220790877,0.0,0.0,0.0,0.0,12.620500798605278
3.9989500459518292,0.7791968711364922,-0.9101694565026303,-2.0376010980361654,0.0,0.0,0.0,0.0,13.122367377396328
0.3917162480689803,0.789173996668002,-0.9054895014633285,-1.2422765856756521,0.0,0.0,0.0,0.0,12.42440865913169
0.7584090454896955,0.789173996668002,-0.9101694565026303,-1.0036792319674983,0.0,0.0,0.0,0.0,12.284888447015875
-1.1540019285318228,0.789173996668002,-0.9101694565026303,-1.3218090369117035,0.0,0.0,0.0,0.0,12.765691290604371
1.039039686860036,0.7742083083707443,-0.9008095464240301,-0.3674196220790877,0.0,0.0,0.0,0.0,12.57002454806453
2.045155992638003,0.7692197456049893,-0.9054895014633285,-1.0832116832035494,0.0,0.0,0.0,0.0,12.887402779005837
1.111080774325912,0.7692197456049893,-0.9008095464240301,-0.20835471960698504,0.0,0.0,0.0,0.0,12.511352710974496
2.9562115461098726,0.7492654945419838,-0.919529366581227,-1.2422765856756521,0.0,0.0,0.0,1.0,12.989748136413281
0.47390691503259036,0.7642311828392344,-0.8961295913847318,-1.1627441344396008,0.0,0.0,0.0,0.0,12.04002396437039
0.16214740870785935,0.7592426200734865,-0.8961295913847318,-1.1627441344396008,0.0,0.0,0.0,0.0,12.148978347281835
0.07718391847940391,0.7642311828392344,-0.8961295913847318,-1.0832116832035494,0.0,0.0,0.0,0.0,12.114510931441727
1.0498693928189584,0.7392883690104738,-0.9054895014633285,-1.2422765856756521,0.0,0.0,0.0,1.0,12.595072949607092
1.116417151175236,0.7642311828392344,-0.9008095464240301,-1.3218090369117035,0.0,0.0,0.0,0.0,12.891442158294312
1.434820969851577,0.7392883690104738,-0.8820897262668332,0.2688399878093229,0.0,0.0,0.0,1.0,12.847929163278053
0.47139567886820277,0.7342998062447259,-0.8867696813061317,0.6665022439895795,0.0,0.0,0.0,1.0,12.899222326086994
0.797751745398438,0.729311243478971,-0.8820897262668332,-1.0832116832035494,0.0,0.0,0.0,1.0,12.755352342502277
0.5084887297130147,0.729311243478971,-0.8867696813061317,1.1436969514058875,0.0,0.0,0.0,1.0,13.122367377396328
0.3979420210598584,0.7392883690104738,-0.8867696813061317,1.2232294026419388,0.0,0.0,0.0,1.0,12.953236782939266
0.6363525044164284,0.729311243478971,-0.8820897262668332,-0.3674196220790877,0.0,0.0,0.0,1.0,12.875185809078062
0.34567691838853665,0.7342998062447259,-0.8867696813061317,0.3483724390453742,0.0,0.0,0.0,1.0,13.113324650913615
0.4062604908543932,0.7342998062447259,-0.8867696813061317,0.18930753657327157,0.0,0.0,0.0,1.0,13.03265965202254
0.6128096653752926,0.729311243478971,-0.8914496363454334,0.2688399878093229,0.0,0.0,0.0,1.0,13.122367377396328
0.18438231224670973,0.7342998062447259,-0.8867696813061317,0.2688399878093229,0.0,0.0,0.0,1.0,13.122367377396328
0.5378911198043888,0.7492654945419838,-0.8961295913847318,-0.3674196220790877,0.0,0.0,0.0,1.0,13.091906231773164
0.6833335476585177,0.7492654945419838,-0.8961295913847318,0.2688399878093229,0.0,0.0,0.0,1.0,13.122367377396328
2.544421132570359,0.7392883690104738,-0.9008095464240301,-0.7650818782593443,0.0,0.0,0.0,1.0,13.122367377396328
0.9909599777960274,0.7542540573077315,-0.8961295913847318,-0.9241467807314468,0.0,0.0,0.0,1.0,13.122367377396328
2.5906697319311682,0.7592426200734865,-0.9008095464240301,-0.28788717084303633,0.0,0.0,0.0,1.0,13.042456160551497
3.1084029211557938,0.7542540573077315,-0.8961295913847318,-0.5264845245511903,0.0,0.0,0.0,1.0,13.122367377396328
3.1172445651512426,0.7492654945419838,-0.8914496363454334,-1.2422765856756521,0.0,0.0,0.0,1.0,12.90346330976424
5.819700899973191,0.7542540573077315,-0.8961295913847318,-1.1627441344396008,0.0,0.0,0.0,1.0,13.122367377396328
3.4875472645582657,0.7542540573077315,-0.8914496363454334,-1.0036792319674983,0.0,0.0,0.0,0.0,13.122367377396328
1.7217820190529782,0.7442769317762288,-0.8961295913847318,-1.1627441344396008,0.0,0.0,0.0,1.0,12.7387605387783
0.6244764500556774,0.7592426200734865,-0.8914496363454334,-0.28788717084303633,0.0,0.0,0.0,0.0,12.491631214944439
0.7233563740284484,0.7592426200734865,-0.8961295913847318,-0.9241467807314468,0.0,0.0,0.0,0.0,12.32873708107804
-0.03791440572170502,0.7592426200734865,-0.8961295913847318,-0.5264845245511903,0.0,0.0,0.0,0.0,12.069685751267224
-1.0854661082120713,0.7392883690104738,-0.8727298161882332,-0.20835471960698504,0.0,0.0,0.0,0.0,11.034905792929415
-0.8799109646729092,0.7442769317762288,-0.8727298161882332,-0.20835471960698504,0.0,0.0,0.0,0.0,11.37940550085183
-0.8399404557230694,0.7442769317762288,-0.8727298161882332,-0.20835471960698504,0.0,0.0,0.0,0.0,11.119897691565697
-1.030061960335265,0.7442769317762288,-0.8727298161882332,-0.20835471960698504,0.0,0.0,0.0,0.0,11.134603622683905
-1.2632407016826936,0.7442769317762288,-0.8774097712275348,-0.28788717084303633,0.0,0.0,0.0,0.0,10.75579427616868
-1.0820654759061297,0.7392883690104738,-0.8774097712275348,-0.20835471960698504,0.0,0.0,0.0,0.0,10.97679912709094
-1.103254031043152,0.7392883690104738,-0.8727298161882332,-0.20835471960698504,0.0,0.0,0.0,0.0,11.023551435004947
-1.1850784760661224,0.7442769317762288,-0.8774097712275348,-0.20835471960698504,0.0,0.0,0.0,0.0,10.902297921958713
-1.357621327527603,0.7442769317762288,-0.8774097712275348,-0.20835471960698504,0.0,0.0,0.0,0.0,10.751520856703959
-0.9318098454035909,0.7442769317762288,-0.8774097712275348,-0.12882226837093372,0.0,0.0,0.0,0.0,11.174665631549477
-1.127686266225842,0.7392883690104738,-0.8727298161882332,-0.12882226837093372,0.0,0.0,0.0,0.0,11.119897691565697
-0.4976798934850443,0.7841854339022472,-0.8774097712275348,-0.20835471960698504,0.0,0.0,0.0,0.0,12.07824495582233
0.3393988279775673,0.7791968711364922,-0.8820897262668332,0.10977508533722025,0.0,0.0,0.0,0.0,12.133507329024972
-0.5845791282568815,0.7841854339022472,-0.8820897262668332,-0.20835471960698504,0.0,0.0,0.0,0.0,11.83138646878959
0.1955259227261808,0.7742083083707443,-0.8774097712275348,-0.12882226837093372,0.0,0.0,0.0,0.0,12.277467297099491
0.9623423490060241,0.7742083083707443,-0.8820897262668332,-0.20835471960698504,0.0,0.0,0.0,0.0,12.351042741030522
0.9761018304900658,0.7692197456049893,-0.8774097712275348,-0.28788717084303633,0.0,0.0,0.0,0.0,12.309986615445005
0.6925937310146977,0.7642311828392344,-0.8820897262668332,-1.0036792319674983,0.0,0.0,0.0,0.0,12.369894975232734
0.7741042715171195,0.7642311828392344,-0.8867696813061317,-0.20835471960698504,0.0,0.0,0.0,0.0,12.370743507958519
1.1780470720429208,0.7742083083707443,-0.8867696813061317,-0.20835471960698504,0.0,0.0,0.0,0.0,12.42199418075339
0.8808318085036023,0.7742083083707443,-0.8914496363454334,-0.20835471960698504,0.0,0.0,0.0,0.0,12.363507925148648
1.1429420831615826,0.7791968711364922,-0.8867696813061317,-0.28788717084303633,0.0,0.0,0.0,0.0,12.487111450262473
-0.03163631531073543,0.7941625594337499,-0.8820897262668332,-0.3674196220790877,0.0,0.0,0.0,0.0,12.100717685412471
-0.4108852935533897,0.789173996668002,-0.8820897262668332,0.10977508533722025,0.0,0.0,0.0,0.0,12.124868013083418
0.45209055085447125,0.7941625594337499,-0.8867696813061317,0.03024263410116893,0.0,0.0,0.0,0.0,12.242891437918386
0.3294585181601987,0.789173996668002,-0.8867696813061317,-0.20835471960698504,0.0,0.0,0.0,0.0,12.388398368982115
0.2876568995071594,0.7941625594337499,-0.8867696813061317,-1.0036792319674983,0.0,0.0,0.0,0.0,12.627086246885055
0.2609226978404473,0.789173996668002,-0.8914496363454334,-0.9241467807314468,0.0,0.0,0.0,0.0,12.42159120030458
1.453184384303663,0.7941625594337499,-0.8914496363454334,-0.5264845245511903,0.0,0.0,0.0,0.0,12.55989703048335
-0.3589340954026164,0.789173996668002,-0.8727298161882332,0.03024263410116893,0.0,0.0,0.0,0.0,12.218006157094704
0.07488195199538197,0.7941625594337499,-0.8774097712275348,-0.04928981713488239,0.0,0.0,0.0,0.0,12.192992471824816
-0.26539054827916947,0.789173996668002,-0.8774097712275348,0.10977508533722025,0.0,0.0,0.0,0.0,12.159510248044802
-1.0109661020018992,0.789173996668002,-0.8774097712275348,-0.9241467807314468,0.0,0.0,0.0,0.0,12.087857641588924
-0.294949890630818,0.789173996668002,-0.8820897262668332,-0.5264845245511903,0.0,0.0,0.0,0.0,12.164213655182222
-0.9096795767049232,0.7941625594337499,-0.8774097712275348,-0.446952073315139,0.0,0.0,0.0,0.0,11.918397239722838
0.30251504681312097,0.7941625594337499,-0.8774097712275348,-0.3674196220790877,0.0,0.0,0.0,0.0,12.167856627501678
0.6582735034347307,0.7941625594337499,-0.8820897262668332,-0.12882226837093372,0.0,0.0,0.0,0.0,12.25772062700882
0.6667489254895393,0.7742083083707443,-0.8727298161882332,0.42790489028142553,0.0,0.0,0.0,0.0,12.242891437918386
0.5926674586400985,0.7742083083707443,-0.8727298161882332,0.3483724390453742,0.0,0.0,0.0,0.0,12.261985005589679
-0.12941757346158675,0.7742083083707443,-0.8774097712275348,-0.28788717084303633,0.0,0.0,0.0,0.0,12.184854116317803
0.8086860861975435,0.7791968711364922,-0.8727298161882332,0.3483724390453742,0.0,0.0,0.0,0.0,12.226370248344972
1.025384840216177,0.7791968711364922,-0.8727298161882332,0.2688399878093229,0.0,0.0,0.0,0.0,12.289958727201455
-0.8256578000381137,0.7791968711364922,-0.8774097712275348,-0.20835471960698504,0.0,0.0,0.0,0.0,12.087857641588924
-0.2320643516809393,0.7841854339022472,-0.8727298161882332,-0.3674196220790877,0.0,0.0,0.0,0.0,12.169413847867123
-0.44468234693244263,0.7841854339022472,-0.8774097712275348,0.03024263410116893,0.0,0.0,0.0,0.0,12.17664898415669
-0.1895826065667118,0.7841854339022472,-0.8727298161882332,-0.04928981713488239,0.0,0.0,0.0,0.0,12.262930180777365
-0.5064169026403101,0.7841854339022472,-0.8774097712275348,-1.1627441344396008,0.0,0.0,0.0,0.0,12.09626335986454
-0.42574344085935106,0.7841854339022472,-0.8774097712275348,-1.3218090369117035,0.0,0.0,0.0,0.0,12.249136924251182
-0.4584418284164843,0.7692197456049893,-0.8727298161882332,-0.6060169757872417,0.0,0.0,0.0,0.0,12.306827069415759
0.696569854941645,0.7742083083707443,-0.8727298161882332,-1.71947129309196,0.0,0.0,0.0,0.0,12.107913912447533
0.9201221909922536,0.7692197456049893,-0.8727298161882332,-0.12882226837093372,0.0,0.0,0.0,0.0,12.296374851796545
1.0092187574079303,0.7692197456049893,-0.8727298161882332,-0.3674196220790877,0.0,0.0,0.0,0.0,12.45254592991672
0.6332134592109435,0.7692197456049893,-0.8774097712275348,0.2688399878093229,0.0,0.0,0.0,0.0,12.317171167298682
1.7164979596237453,0.7642311828392344,-0.8774097712275348,-0.28788717084303633,0.0,0.0,0.0,0.0,12.594394985777612
1.0542640561066372,0.7692197456049893,-0.8633699061096364,-0.20835471960698504,0.0,0.0,0.0,0.0,12.378348075215978
0.8166383340514383,0.7791968711364922,-0.8633699061096364,0.10977508533722025,0.0,0.0,0.0,0.0,12.315827989765994
0.8728272432296161,0.7742083083707443,-0.8680498611489348,-0.04928981713488239,0.0,0.0,0.0,0.0,12.34104487465108
1.077440673207133,0.7791968711364922,-0.8680498611489348,-0.7650818782593443,0.0,0.0,0.0,0.0,12.242409396366712
0.6434153561287691,0.7692197456049893,-0.8680498611489348,-0.20835471960698504,0.0,0.0,0.0,0.0,12.458778882573533
1.111080774325912,0.7791968711364922,-0.8680498611489348,-0.20835471960698504,0.0,0.0,0.0,0.0,12.359227115018937
1.0287331551020276,0.7642311828392344,-0.8680498611489348,-0.20835471960698504,0.0,0.0,0.0,0.0,12.466130405907165
0.9910122952161187,0.7642311828392344,-0.8680498611489348,-0.28788717084303633,0.0,0.0,0.0,0.0,12.41755243891307
1.1400123076364634,0.7442769317762288,-0.858689951070338,0.03024263410116893,0.0,0.0,0.0,0.0,12.819638053836195
1.6981345451716594,0.7492654945419838,-0.858689951070338,0.42790489028142553,0.0,0.0,0.0,0.0,12.859701668704687
1.9556932042816866,0.7442769317762288,-0.8633699061096364,0.42790489028142553,0.0,0.0,0.0,0.0,12.837878854006087
1.4321527814269146,0.7392883690104738,-0.8680498611489348,-0.20835471960698504,0.0,0.0,0.0,0.0,12.744613625862527
1.0212517640289551,0.7492654945419838,-0.8633699061096364,0.42790489028142553,0.0,0.0,0.0,0.0,12.800506612529052
1.441308329942912,0.7392883690104738,-0.8633699061096364,0.18930753657327157,0.0,0.0,0.0,0.0,12.794139826639498
0.8896211350789597,0.7442769317762288,-0.8680498611489348,0.42790489028142553,0.0,0.0,0.0,0.0,12.826651821423713
1.5988883992582488,0.7442769317762288,-0.8680498611489348,0.10977508533722025,0.0,0.0,0.0,0.0,12.806833118772722
0.5932429502611041,0.7442769317762288,-0.8680498611489348,-0.28788717084303633,0.0,0.0,0.0,0.0,12.736997911302637
1.170827268070306,0.7742083083707443,-0.8633699061096364,-0.446952073315139,0.0,0.0,0.0,0.0,12.390063641368315
0.997918194668185,0.7791968711364922,-0.8633699061096364,-0.446952073315139,0.0,0.0,0.0,0.0,12.460718739865236
1.0456839992116453,0.7742083083707443,-0.858689951070338,-0.3674196220790877,0.0,0.0,0.0,0.0,12.174587138384211
2.416505040446854,0.7742083083707443,-0.858689951070338,-1.0036792319674983,0.0,0.0,0.0,0.0,12.792750362443366
2.524435878095439,0.7592426200734865,-0.8680498611489348,-0.8446143294953956,0.0,0.0,0.0,0.0,12.876209609976803
1.111080774325912,0.7592426200734865,-0.8680498611489348,-0.28788717084303633,0.0,0.0,0.0,0.0,12.775641593169077
1.8154302010166081,0.7542540573077315,-0.8680498611489348,-0.5264845245511903,0.0,0.0,0.0,0.0,12.781564594766413
0.6015614200556385,0.7642311828392344,-0.858689951070338,0.3483724390453742,0.0,0.0,0.0,0.0,12.40942564947524
0.48327173322895334,0.7542540573077315,-0.858689951070338,-0.6060169757872417,0.0,0.0,0.0,0.0,12.190456343334482
1.3354178716778917,0.7492654945419838,-0.8633699061096364,-0.20835471960698504,0.0,0.0,0.0,0.0,12.678264503855369
0.13687809480370666,0.7542540573077315,-0.858689951070338,-0.5264845245511903,0.0,0.0,0.0,0.0,12.26670197321789
-0.13318442770816832,0.7542540573077315,-0.858689951070338,-0.6855494270232929,0.0,0.0,0.0,0.0,12.182297237179363
-0.12141300818760037,0.7492654945419838,-0.858689951070338,-0.9241467807314468,0.0,0.0,0.0,0.0,12.1709686470671
-0.32947938789115067,0.7592426200734865,-0.8633699061096364,-0.7650818782593443,0.0,0.0,0.0,0.0,12.533219391759038
0.3469848538908222,0.7642311828392344,-0.8399701309131378,-0.6060169757872417,0.0,0.0,0.0,0.0,12.45293662970407
1.6253610138245036,0.7592426200734865,-0.8399701309131378,-0.6060169757872417,0.0,0.0,0.0,0.0,12.70594146211558
1.0294655989833075,0.7642311828392344,-0.8493300409917379,-0.20835471960698504,0.0,0.0,0.0,0.0,12.520522006212012
0.09350695354792489,0.7642311828392344,-0.8446500859524395,-0.6855494270232929,0.0,0.0,0.0,0.0,12.215532757235666
0.6522570001242182,0.7592426200734865,-0.8493300409917379,-0.28788717084303633,0.0,0.0,0.0,0.0,11.980432229642377
0.3698998838908612,0.7542540573077315,-0.8493300409917379,-0.28788717084303633,0.0,0.0,0.0,0.0,12.159510248044802
0.8084768165171778,0.7542540573077315,-0.8540099960310363,-0.28788717084303633,0.0,0.0,0.0,0.0,12.479913113434042
2.4403094665884466,0.7492654945419838,-0.8540099960310363,-0.5264845245511903,0.0,0.0,0.0,0.0,12.896217824589245
-0.29338036802807554,0.7442769317762288,-0.8540099960310363,-0.6060169757872417,0.0,0.0,0.0,0.0,12.377927112974284
0.9066766140287607,0.7692197456049893,-0.8493300409917379,-0.9241467807314468,0.0,0.0,0.0,0.0,12.406565597924235
-0.10189861049350318,0.7692197456049893,-0.8493300409917379,-0.9241467807314468,0.0,0.0,0.0,0.0,12.410241306879119
1.119556196380721,0.7692197456049893,-0.8493300409917379,-0.6855494270232929,0.0,0.0,0.0,0.0,12.671380893706852
0.45533423090013875,0.7742083083707443,-0.8493300409917379,-0.7650818782593443,0.0,0.0,0.0,0.0,12.461880850543723
-0.3049948352883694,0.7742083083707443,-0.8446500859524395,-1.0036792319674983,0.0,0.0,0.0,0.0,12.468440756144114
0.1824465677033273,0.7692197456049893,-0.8446500859524395,0.42790489028142553,0.0,0.0,0.0,0.0,12.198045514142787
0.3917162480689803,0.7692197456049893,-0.8446500859524395,-0.28788717084303633,0.0,0.0,0.0,0.0,12.34409829881876
-0.36688634325651126,0.7692197456049893,-0.8446500859524395,-0.28788717084303633,0.0,0.0,0.0,0.0,11.796607046116602
0.3420146989821379,0.7542540573077315,-0.8446500859524395,-0.5264845245511903,0.0,0.0,0.0,0.0,12.330063042262541
0.955070227613318,0.7592426200734865,-0.8446500859524395,-0.3674196220790877,0.0,0.0,0.0,0.0,12.566195139831894
0.5251256693020839,0.7542540573077315,-0.8446500859524395,-0.6060169757872417,0.0,0.0,0.0,0.0,12.748109104238171
2.4777687393738987,0.7592426200734865,-0.8493300409917379,-0.6060169757872417,0.0,0.0,0.0,0.0,12.865407063576011
-0.013115948598375105,0.7542540573077315,-0.8446500859524395,-0.9241467807314468,0.0,0.0,0.0,0.0,12.006407555388575
0.4025982714479945,0.7542540573077315,-0.8493300409917379,-0.3674196220790877,0.0,0.0,0.0,0.0,12.270928303874424
1.03401721453126,0.7642311828392344,-0.8540099960310363,-0.5264845245511903,0.0,0.0,0.0,0.0,12.392556361841777
0.9460716313575944,0.7642311828392344,-0.8540099960310363,-0.12882226837093372,0.0,0.0,0.0,0.0,12.283501169971546
0.7208974552841522,0.7592426200734865,-0.8540099960310363,-0.20835471960698504,0.0,0.0,0.0,0.0,12.365641477767022
0.958784764439808,0.7692197456049893,-0.8540099960310363,-0.20835471960698504,0.0,0.0,0.0,0.0,12.377505973448748
0.3446305699867085,0.7692197456049893,-0.8306102208345411,-0.7650818782593443,0.0,0.0,0.0,0.0,12.575222947577679
0.9067289314488519,0.7642311828392344,-0.8352901758738395,-0.3674196220790877,0.0,0.0,0.0,0.0,12.539687231525832
0.9944129275220606,0.7642311828392344,-0.8352901758738395,-0.446952073315139,0.0,0.0,0.0,0.0,12.663184152343888
1.2019561330246968,0.7592426200734865,-0.8352901758738395,-0.28788717084303633,0.0,0.0,0.0,0.0,12.65428110117717
1.8988241686423206,0.7642311828392344,-0.8352901758738395,-0.8446143294953956,0.0,0.0,0.0,0.0,12.7022951610422
-0.01761524672623661,0.7692197456049893,-0.8352901758738395,-1.0036792319674983,0.0,0.0,0.0,0.0,12.749561955131963
0.5776000416537713,0.7791968711364922,-0.8446500859524395,0.03024263410116893,0.0,0.0,0.0,0.0,12.248178615401173
0.04527029222364211,0.7791968711364922,-0.8399701309131378,0.03024263410116893,0.0,0.0,0.0,0.0,12.281184756225146
0.07289389003190826,0.7692197456049893,-0.8399701309131378,-0.04928981713488239,0.0,0.0,0.0,0.0,12.185875040240456
-0.3801226505396386,0.7742083083707443,-0.8446500859524395,-0.20835471960698504,0.0,0.0,0.0,0.0,12.2904183895416
-0.04591897099569117,0.7742083083707443,-0.8493300409917379,-0.6060169757872417,0.0,0.0,0.0,0.0,12.228328144428588
0.3045031087765947,0.7791968711364922,-0.8540099960310363,-0.8446143294953956,0.0,0.0,0.0,0.0,12.155310788851953
0.6483331936173621,0.7742083083707443,-0.8540099960310363,0.42790489028142553,0.0,0.0,0.0,0.0,12.210567528391435
0.9372299873621458,0.7742083083707443,-0.8306102208345411,-0.20835471960698504,0.0,0.0,0.0,0.0,12.30456412327217
0.1099869408767202,0.7692197456049893,-0.8352901758738395,0.10977508533722025,0.0,0.0,0.0,0.0,12.224408511383015
0.02057646994049501,0.7692197456049893,-0.8352901758738395,-0.446952073315139,0.0,0.0,0.0,0.0,12.319852122072682
0.005299783273802407,0.7791968711364922,-0.8352901758738395,0.03024263410116893,0.0,0.0,0.0,0.0,12.251528686253542
0.3956923719959277,0.7791968711364922,-0.8352901758738395,0.03024263410116893,0.0,0.0,0.0,0.0,12.181785075898826
0.3306618188223012,0.7841854339022472,-0.8352901758738395,0.42790489028142553,0.0,0.0,0.0,0.0,12.144202560946876
-0.23316301750285898,0.7791968711364922,-0.8306102208345411,0.03024263410116893,0.0,0.0,0.0,0.0,12.17664898415669
0.3263194729547138,0.7791968711364922,-0.8399701309131378,-0.04928981713488239,0.0,0.0,0.0,0.0,12.216522851424992
0.6807699940740384,0.7791968711364922,-0.8399701309131378,0.5074373415174769,0.0,0.0,0.0,0.0,12.270928303874424
0.31695465475835083,0.7742083083707443,-0.8399701309131378,0.5074373415174769,0.0,0.0,0.0,0.0,12.274203145281486
0.8362050491656268,0.7692197456049893,-0.8399701309131378,0.10977508533722025,0.0,0.0,0.0,0.0,12.330063042262541
-0.24043513889556542,0.789173996668002,-0.8306102208345411,0.5869697927535281,0.0,0.0,0.0,0.0,12.139938184891703
0.5762397887313945,0.789173996668002,-0.8352901758738395,0.42790489028142553,0.0,0.0,0.0,0.0,12.267172448547784
0.08853679863924059,0.7841854339022472,-0.8352901758738395,0.3483724390453742,0.0,0.0,0.0,0.0,12.19197879213173
-0.0006644026166187388,0.7841854339022472,-0.8306102208345411,0.2688399878093229,0.0,0.0,0.0,0.0,12.220966184120165
0.7212113598047009,0.789173996668002,-0.8352901758738395,0.5074373415174769,0.0,0.0,0.0,0.0,12.16837597044068
0.6417935161059353,0.789173996668002,-0.8399701309131378,0.42790489028142553,0.0,0.0,0.0,0.0,12.240478903153711
0.06677275188121277,0.7841854339022472,-0.8399701309131378,0.10977508533722025,0.0,0.0,0.0,0.0,12.181272652174695
-0.5542350246038619,0.7841854339022472,-0.8399701309131378,0.03024263410116893,0.0,0.0,0.0,0.0,12.014312686825066
-0.3857206144894201,0.7791968711364922,-0.8259302657952426,-0.28788717084303633,0.0,0.0,0.0,0.0,12.131893132355916
-0.44525783855344825,0.789173996668002,-0.8306102208345411,-0.6855494270232929,0.0,0.0,0.0,0.0,12.08954444723597
0.4352966590051277,0.7841854339022472,-0.8212503107559409,-0.04928981713488239,0.0,0.0,0.0,0.0,12.499119054168606
-0.26539054827916947,0.7791968711364922,-0.8212503107559409,-0.7650818782593443,0.0,0.0,0.0,0.0,12.504698367212223
0.19144516395905078,0.789173996668002,-0.8212503107559409,-1.0832116832035494,0.0,0.0,0.0,0.0,11.979178318844294
0.04166039023733465,0.789173996668002,-0.8212503107559409,1.064164500169836,0.0,0.0,0.0,0.0,11.989786776470444
-0.5970829916587294,0.7841854339022472,-0.8212503107559409,-0.8446143294953956,0.0,0.0,0.0,0.0,12.048254415120404
-0.39539933720633147,0.789173996668002,-0.8259302657952426,-1.0036792319674983,0.0,0.0,0.0,0.0,12.066816325306588
-0.4846005384621908,0.7841854339022472,-0.8259302657952426,-1.2422765856756521,0.0,0.0,0.0,0.0,12.017336559562407
-0.45075116766304657,0.789173996668002,-0.8259302657952426,-0.9241467807314468,0.0,0.0,0.0,0.0,12.28765724080691
-0.14976904987714645,0.789173996668002,-0.8259302657952426,0.42790489028142553,0.0,0.0,0.0,0.0,11.994740316298905
-0.5107592485078976,0.789173996668002,-0.8306102208345411,-0.6855494270232929,0.0,0.0,0.0,0.0,12.078812973059884
1.7088072988703078,0.7941625594337499,-0.8165703557166426,-0.8446143294953956,0.0,0.0,0.0,0.0,12.883347016933683
1.461816758618746,0.789173996668002,-0.8212503107559409,-0.28788717084303633,0.0,0.0,0.0,0.0,12.390895238790055
0.3280459478177306,0.789173996668002,-0.8165703557166426,-0.6060169757872417,0.0,0.0,0.0,0.0,11.986055452062393
2.451505394488009,0.789173996668002,-0.8165703557166426,-0.446952073315139,0.0,0.0,0.0,0.0,12.759385756113828
0.6567039808319882,0.7991511221995049,-0.8165703557166426,-0.9241467807314468,0.0,0.0,0.0,0.0,12.110667961260443
-0.5291226629599836,0.7991511221995049,-0.8165703557166426,-0.9241467807314468,0.0,0.0,0.0,0.0,11.83138646878959
0.626150607498603,0.7991511221995049,-0.8212503107559409,-1.5604063906198575,0.0,0.0,0.0,0.0,12.128656901032139
1.238055152887772,0.7991511221995049,-0.8212503107559409,-1.4013414881477548,0.0,0.0,0.0,0.0,12.294545870166347
2.7163361749907433,0.7991511221995049,-0.8165703557166426,-1.0832116832035494,0.0,0.0,0.0,0.0,12.814209173588527
1.1316938378419286,0.7991511221995049,-0.8212503107559409,-1.0036792319674983,0.0,0.0,0.0,0.0,12.68106692573485
3.3215964080283022,0.7991511221995049,-0.8165703557166426,-1.1627441344396008,0.0,0.0,0.0,0.0,13.045052435059912
-1.1342259437372688,-0.2634127469057538,1.6544459050333977,0.3483724390453742,1.0,0.0,0.0,0.0,11.876185678347824
-0.8776613156089783,-0.24345849584274815,1.617006264719004,0.10977508533722025,1.0,0.0,0.0,0.0,11.728044909070785
-1.4047593230299664,-0.24345849584274815,1.6450859949547976,-0.5264845245511903,1.0,0.0,0.0,0.0,12.04355959836804
0.1335820973379474,-0.313298374563282,1.631046129836899,-1.0832116832035494,1.0,0.0,0.0,0.0,12.206077645517674
-0.4388227958822043,-0.3033212490317792,1.6404060399154992,-0.28788717084303633,1.0,0.0,0.0,0.0,12.05467400868968
-0.11508260035653949,-0.3033212490317792,1.6544459050333977,-0.8446143294953956,1.0,0.0,0.0,0.0,11.897514169490739
-0.5042195709964709,-0.28835556073452145,1.6544459050333977,0.2688399878093229,1.0,0.0,0.0,0.0,11.889997957243736
0.9802872240973789,-0.28835556073452145,1.6450859949547976,-0.28788717084303633,1.0,0.0,0.0,0.0,12.08164822965012
0.11788687131052378,-0.28835556073452145,1.668485770151296,-1.1627441344396008,1.0,0.0,0.0,0.0,12.554265215639417
-0.16195900875844566,-0.2733898724372637,1.6591258600726961,-0.9241467807314468,1.0,0.0,0.0,0.0,12.09626335986454
0.8733504174305304,-0.2634127469057538,1.6638058151119945,-0.8446143294953956,1.0,0.0,0.0,0.0,12.793862088206213
0.032033984940514515,-0.2634127469057538,1.6638058151119945,-0.9241467807314468,1.0,0.0,0.0,0.0,12.269990661694345
-0.4129256729369547,-0.2634127469057538,1.668485770151296,-0.6855494270232929,1.0,0.0,0.0,0.0,12.190456343334482
0.3679118219273875,-0.2684013096715087,1.6731657251905945,-0.8446143294953956,1.0,0.0,0.0,0.0,11.972253562968545
-0.39602714624742835,-0.2684013096715087,1.687205590308493,-0.6060169757872417,1.0,0.0,0.0,0.0,11.940158587995837
0.49279350368559066,-0.25343562137425096,1.6825256352691913,-0.7650818782593443,1.0,0.0,0.0,0.0,11.897514169490739
0.5680259537770427,-0.24844705860849603,1.687205590308493,-0.6855494270232929,1.0,0.0,0.0,0.0,12.040614105490253
-0.4532100864073431,-0.24345849584274815,1.6918855453477915,-0.6060169757872417,1.0,0.0,0.0,0.0,12.004574385508691
0.13609333350233543,-0.23348137031124536,1.7012454554263916,-0.3674196220790877,1.0,0.0,0.0,0.0,11.947955847790901
-1.1067069807691854,-0.22350424477973543,1.687205590308493,-0.3674196220790877,1.0,0.0,0.0,0.0,11.505910920476012
-0.4554597354712737,-0.22350424477973543,1.687205590308493,-0.5264845245511903,1.0,0.0,0.0,0.0,11.446796346169297
-1.0721774835088527,-0.22350424477973543,1.687205590308493,0.2688399878093229,1.0,0.0,0.0,0.0,12.323860125621126
-0.6665082081200346,-0.21851568201398758,1.6965655003870899,-0.20835471960698504,1.0,0.0,0.0,0.0,11.844392338493027
-0.11680907521955604,-0.6674863309316992,1.5655267592867084,-1.2422765856756521,1.0,0.0,0.0,0.0,11.896833207128452
-0.5549674684851416,-0.617600703274178,1.5842465794439087,0.10977508533722025,1.0,0.0,0.0,0.0,11.522885696764481
-0.829006114923964,-0.557737950085147,1.631046129836899,-0.7650818782593443,1.0,0.0,0.0,0.0,11.680141844155234
-0.6510222517729763,-0.6275778288056809,1.5842465794439087,-1.0832116832035494,1.0,0.0,0.0,0.0,11.489667073393028
-0.7005145311794532,-0.742314772417988,1.532767074011613,-0.8446143294953956,1.0,0.0,0.0,0.0,11.870606902224587
-0.7580636932800079,-0.7522918979494908,1.5280871189723146,-0.12882226837093372,1.0,0.0,0.0,0.0,11.837910547573129
0.2173422869042999,-0.742314772417988,1.5187272088937178,-0.9241467807314468,1.0,0.0,0.0,0.0,12.124325569579169
-0.6310369972980564,-0.7522918979494908,1.5234071639330162,0.9846320489337848,1.0,0.0,0.0,0.0,11.842236406331555
-1.118949257070576,-0.7473033351837359,1.5280871189723146,1.8594890125303492,1.0,0.0,0.0,0.0,11.713422508992204
0.7397840439371525,-0.7872118373097613,1.5234071639330162,-0.6855494270232929,1.0,0.0,0.0,0.0,12.385895249206726
-0.25953099722893136,-0.7722461490125035,1.5093672988151177,-0.9241467807314468,1.0,0.0,0.0,0.0,12.285350445351659
-0.41046675419265843,-0.7772347117782514,1.514047253854416,1.541359207586144,1.0,0.0,0.0,0.0,11.760574294255605
0.20719270740656615,-0.7872118373097613,1.532767074011613,-0.446952073315139,1.0,0.0,0.0,0.0,12.1709686470671
1.111080774325912,-0.7522918979494908,1.5046873437758195,-1.4808739393838062,1.0,0.0,0.0,0.0,12.3018418108936
0.6779448533891022,-0.7922004000755092,1.4532078383435272,-0.9241467807314468,1.0,0.0,0.0,0.0,12.376241489674294
1.36162889914369,-0.7822232745440063,1.4672477034614257,-1.0832116832035494,1.0,0.0,0.0,0.0,12.57002454806453
2.4128428210404556,-0.7922004000755092,1.4578877933828256,-0.12882226837093372,1.0,0.0,0.0,0.0,12.530331313535255
0.17684860375354614,-0.7822232745440063,1.500007388736521,-0.5264845245511903,1.0,0.0,0.0,0.0,12.373707715234994
0.6245287674757692,-0.7822232745440063,1.490647478657921,-0.5264845245511903,1.0,0.0,0.0,0.0,12.358798024384122
0.15288722535167895,-0.7872118373097613,1.4812875685793208,-0.6855494270232929,1.0,0.0,0.0,0.0,12.289958727201455
1.1969859781160124,-0.802177525607019,1.471927658500724,-1.2422765856756521,1.0,0.0,0.0,0.0,12.534660309007924
0.6850600225215341,-0.802177525607019,1.4812875685793208,-0.8446143294953956,1.0,0.0,0.0,0.0,12.3018418108936
-0.37562335241177713,-0.8171432139042697,1.462567748422124,-1.0036792319674983,1.0,0.0,0.0,0.0,12.385059481651881
0.2720139908998271,-0.8171432139042697,1.4578877933828256,-1.4013414881477548,1.0,0.0,0.0,0.0,12.485222169100776
2.026583308505552,-0.8121546511385219,1.4485278833042254,-1.4013414881477548,1.0,0.0,0.0,0.0,12.721291604450823
1.1268806351935186,-0.802177525607019,1.4485278833042254,-1.0036792319674983,1.0,0.0,0.0,0.0,12.517596969117488
0.4801850054435602,-0.802177525607019,1.4578877933828256,-1.0036792319674983,1.0,0.0,0.0,0.0,12.419573858556635
0.844052662179339,-0.8321089022015276,1.4578877933828256,-1.8785361955640627,1.0,0.0,0.0,0.0,12.34409829881876
0.5355891533203668,-0.8321089022015276,1.443847928264927,-1.3218090369117035,1.0,0.0,0.0,0.0,12.224408511383015
-0.6643108764761952,-0.8470745904987853,1.4532078383435272,-0.7650818782593443,1.0,0.0,0.0,0.0,11.950541482162043
0.768453990147247,-0.8420860277330374,1.4485278833042254,-1.1627441344396008,1.0,0.0,0.0,0.0,12.055836792757997
-0.2522588758362249,-0.8420860277330374,1.4532078383435272,-0.5264845245511903,1.0,0.0,0.0,0.0,11.819681958463892
0.807116563594801,-0.8520631532645402,1.4485278833042254,-1.7990037443280114,1.0,0.0,0.0,0.0,12.496504683358769
1.153143980079408,-0.8470745904987853,1.443847928264927,-1.7990037443280114,1.0,0.0,0.0,0.0,12.199556461239876
0.31847185994100197,-0.8370974649672824,1.443847928264927,-1.4808739393838062,1.0,0.0,0.0,0.0,12.097378802727306
-0.7156865830059629,-0.8470745904987853,1.4578877933828256,-0.6060169757872417,1.0,0.0,0.0,0.0,11.763691965388299
0.09089108254335428,-0.8520631532645402,1.4532078383435272,0.3483724390453742,1.0,0.0,0.0,0.0,11.810812786275873
-0.12073288172641196,-0.8620402787960431,1.4485278833042254,-1.5604063906198575,1.0,0.0,0.0,0.0,11.843674210764698
-0.38467426608759164,-0.8919716553905586,1.4485278833042254,-0.6060169757872417,1.0,0.0,0.0,0.0,12.3018418108936
0.26861335859388524,-0.8720174043275458,1.4532078383435272,-1.1627441344396008,1.0,0.0,0.0,0.0,12.135118924261802
0.09188511352509114,-0.8670288415617979,1.4578877933828256,-1.71947129309196,1.0,0.0,0.0,0.0,11.769124610238766
-0.63893692773186,-0.8620402787960431,1.4578877933828256,0.5869697927535281,1.0,0.0,0.0,0.0,11.3655964644899
-0.9251132156318901,-0.8520631532645402,1.4578877933828256,1.8594890125303492,1.0,0.0,0.0,0.0,11.336200219573199
0.18291742448415033,-0.8770059670933008,1.4672477034614257,-2.0376010980361654,1.0,0.0,0.0,0.0,12.039433474778324
-0.9101504334857459,-0.8520631532645402,1.462567748422124,1.4618267563500926,1.0,0.0,0.0,0.0,11.531757032705352
-0.6055584137135382,-0.8470745904987853,1.4578877933828256,1.1436969514058875,1.0,0.0,0.0,0.0,11.353941456740479
1.0440098417687205,-0.8520631532645402,1.4672477034614257,-1.7990037443280114,1.0,0.0,0.0,0.0,12.21305322449757
-0.03153168047055262,-0.8520631532645402,1.4812875685793208,-1.71947129309196,1.0,0.0,0.0,0.0,11.904298410001253
-0.18178731097309128,-0.8321089022015276,1.471927658500724,-1.4013414881477548,1.0,0.0,0.0,0.0,11.85723122498801
-1.5732737331444084,-0.8321089022015276,1.471927658500724,-0.8446143294953956,1.0,0.0,0.0,0.0,11.824087219587643
-0.9393958713168458,-0.8271203394357797,1.471927658500724,-1.2422765856756521,1.0,0.0,0.0,0.0,11.867805799560465
1.3158511565637032,-0.8221317766700247,1.471927658500724,-1.6399388418559087,1.0,0.0,0.0,0.0,12.292254928916668
0.8232303289829563,-0.8321089022015276,1.490647478657921,-1.8785361955640627,1.0,0.0,0.0,0.0,12.289038768166744
0.8602187449875857,-0.8370974649672824,1.4812875685793208,-1.1627441344396008,1.0,0.0,0.0,0.0,12.147919030759663
-0.04492494001395431,-0.8321089022015276,1.4766076135400223,-1.0832116832035494,1.0,0.0,0.0,0.0,12.062208048765859
-0.8617045024810973,-0.8271203394357797,1.4766076135400223,1.30276185387799,1.0,0.0,0.0,0.0,11.429554725537322
-0.18299061163519378,-0.8221317766700247,1.4812875685793208,-1.4013414881477548,1.0,0.0,0.0,0.0,11.734475747705874
-0.16509805396393035,-0.8171432139042697,1.4953274336972193,-0.6060169757872417,1.0,0.0,0.0,0.0,11.930984271840668
0.27844903357107076,-0.8071660883727669,1.5046873437758195,-1.6399388418559087,1.0,0.0,0.0,0.0,11.845109950883979
-0.4854376171836536,-0.802177525607019,1.4953274336972193,-1.0832116832035494,1.0,0.0,0.0,0.0,11.731265497840116
0.10982998861644587,-0.9069373436878163,1.5046873437758195,-0.7650818782593443,1.0,0.0,0.0,0.0,11.999669439469741
-0.6110517428231367,-0.8670288415617979,1.56084680424741,-1.0036792319674983,1.0,0.0,0.0,0.0,11.315705475634307
0.3142341489135972,-0.8470745904987853,1.514047253854416,-1.0036792319674983,1.0,0.0,0.0,0.0,12.162125982647739
-0.3699730710419047,-0.8570517160302952,1.5280871189723146,1.30276185387799,1.0,0.0,0.0,0.0,11.596356272699
-0.5810738611107569,-0.8520631532645402,1.5280871189723146,0.18930753657327157,1.0,0.0,0.0,0.0,11.446796346169297
-0.25497938168097833,-0.8570517160302952,1.5234071639330162,-1.4808739393838062,1.0,0.0,0.0,0.0,11.61549107852535
-0.21223604946629368,-0.8620402787960431,1.5234071639330162,-0.446952073315139,1.0,0.0,0.0,0.0,11.505910920476012
-0.4654523627087336,-0.8620402787960431,1.5234071639330162,1.30276185387799,1.0,0.0,0.0,0.0,11.421917019425596
-0.5529270891015766,-0.8720174043275458,1.5234071639330162,-1.5604063906198575,1.0,0.0,0.0,0.0,11.61999352194924
0.41897362393660675,-0.7822232745440063,1.5374470290509148,-1.0036792319674983,1.0,0.0,0.0,0.0,12.264346270624157
-0.44164793656714074,-0.7622690234809937,1.5374470290509148,-0.6060169757872417,1.0,0.0,0.0,0.0,11.816734299348461
0.10025590073971725,-0.7672575862467486,1.532767074011613,-0.3674196220790877,1.0,0.0,0.0,0.0,12.157412722878947
-1.4954254120483854,-0.7622690234809937,1.5468069391295116,1.064164500169836,1.0,0.0,0.0,0.0,11.736077016252437
0.3341670859684256,-0.7473033351837359,1.5374470290509148,-1.0832116832035494,1.0,0.0,0.0,0.0,12.00762780434872
-0.3003909023203251,-0.7373262096522331,1.5374470290509148,0.42790489028142553,1.0,0.0,0.0,0.0,11.975407125004564
0.25061616608243875,-0.7872118373097613,1.5748866693653085,-1.0832116832035494,1.0,0.0,0.0,0.0,12.304110918882833
0.33306842014650617,-0.8071660883727669,1.5514868941688131,-1.0036792319674983,1.0,0.0,0.0,0.0,12.187404474495082
-0.9142835096729677,-0.7622690234809937,1.5514868941688131,-0.9241467807314468,1.0,0.0,0.0,0.0,10.920546270529568
0.4319483441192772,-0.742314772417988,1.5655267592867084,-1.1627441344396008,1.0,0.0,0.0,0.0,12.268112735686705
0.4944676611285157,-0.7373262096522331,1.56084680424741,-1.3218090369117035,1.0,0.0,0.0,0.0,12.215532757235666
0.7205835507636035,-0.7572804607152458,1.56084680424741,-1.2422765856756521,1.0,0.0,0.0,0.0,12.164734893029634
0.5944985683432978,-0.7622690234809937,1.5748866693653085,-1.0036792319674983,1.0,0.0,0.0,0.0,12.166817131771358
-0.5911711231883995,-0.7522918979494908,1.5514868941688131,-0.8446143294953956,1.0,0.0,0.0,0.0,11.958258512632908
0.4384357042106122,-0.7473033351837359,1.5468069391295116,-1.1627441344396008,1.0,0.0,0.0,0.0,11.923053020292636
-0.5892353786450173,-0.7323376468864852,1.5514868941688131,-0.5264845245511903,1.0,0.0,0.0,0.0,11.939506063682469
-0.12601694115564469,-0.7024062702919697,1.5702067143260101,-0.9241467807314468,1.0,0.0,0.0,0.0,12.000897933306716
0.4859399216536157,-0.7323376468864852,1.5748866693653085,-0.6060169757872417,1.0,0.0,0.0,0.0,12.068538968726306
0.05081593875333176,-0.7223605213549753,1.579566624404607,-0.9241467807314468,1.0,0.0,0.0,0.0,12.130276325842603
3.721249180106608,-0.7123833958234725,1.5748866693653085,-1.958068646800114,1.0,0.0,0.0,0.0,12.652362948153474
0.022669166744151537,-0.6475320798686935,1.6591258600726961,-0.28788717084303633,1.0,0.0,0.0,0.0,11.868506811148853
-0.5315292642841886,-0.6475320798686935,1.6450859949547976,-0.9241467807314468,1.0,0.0,0.0,0.0,11.766799946849087
-0.45075116766304657,-0.5028637596618709,1.7012454554263916,-1.0832116832035494,1.0,0.0,0.0,0.0,11.685205103383671
-0.4584418284164843,-0.3781496905180609,1.7152853205442866,-1.0036792319674983,1.0,0.0,0.0,0.0,12.07254696717504
0.10758033955251523,-0.3033212490317792,1.7059254104656898,-1.1627441344396008,1.0,0.0,0.0,0.0,11.85864764578841
-0.2649196914983469,-0.32327550009478484,1.668485770151296,-0.5264845245511903,1.0,0.0,0.0,0.0,12.404927602627597
-0.7029734499237497,-0.6924291447604598,1.631046129836899,-0.3674196220790877,1.0,0.0,0.0,0.0,11.842955566958302
-0.43735790811964487,-0.7024062702919697,1.6123263096797023,-0.6855494270232929,1.0,0.0,0.0,0.0,11.904974309480183
-0.35527187599621746,-0.6824520192289569,1.5982864445618037,-1.6399388418559087,1.0,0.0,0.0,0.0,11.928347504569842
-1.0384327475498911,-0.7024062702919697,2.0101224880201447,-0.28788717084303633,1.0,0.0,0.0,0.0,11.382828169079987
-0.556536991087884,-0.6874405819947119,2.0101224880201447,-0.20835471960698504,1.0,0.0,0.0,0.0,11.332613886815139
-0.970053879490414,-0.6774634564632092,1.9960826229022464,-0.6855494270232929,1.0,0.0,0.0,0.0,11.16903981679311
-0.5205949234850831,-0.6624977681659513,2.0101224880201447,-0.446952073315139,1.0,0.0,0.0,0.0,11.313266479778829
-0.17503836378129892,-0.6624977681659513,2.019482398098745,-0.6855494270232929,1.0,0.0,0.0,0.0,11.478344372113902
-0.48151381067679744,-0.6774634564632092,2.0241623531380433,-1.0832116832035494,1.0,0.0,0.0,0.0,11.685205103383671
-0.64375013038027,-0.6724748936974542,2.0522420833738404,0.5074373415174769,1.0,0.0,0.0,0.0,11.537627833610571
-0.8426609615678229,-0.5826807639139076,1.9960826229022464,-0.446952073315139,1.0,0.0,0.0,0.0,11.38737357979909
-0.9179980464994579,-0.4978751968961159,1.9399231624306559,-1.0832116832035494,1.0,0.0,0.0,0.0,11.532737896139919
-0.875987158166053,-0.5427722617878893,1.9118434321948587,-1.0832116832035494,1.0,0.0,0.0,0.0,11.779136168550774
0.04291600831952842,-0.5826807639139076,1.9586429825878526,-1.5604063906198575,1.0,0.0,0.0,0.0,11.748005492256807
-0.6733094727319182,-0.7123833958234725,1.9258832973127573,-1.6399388418559087,1.0,0.0,0.0,0.0,11.326607934898927
-0.8716971297185572,-0.7822232745440063,1.9773628027450496,-1.0036792319674983,1.0,0.0,0.0,0.0,11.394153190178114
-0.7118674113392899,-0.47792094583311034,1.944603117469954,-0.8446143294953956,1.0,0.0,0.0,0.0,11.183045451818261
-0.7854257039878169,-0.4529781320043498,1.9399231624306559,-1.4013414881477548,1.0,0.0,0.0,0.0,11.51293546492023
-1.0951971483490743,-0.43801244370709197,1.9492830725092525,1.4618267563500926,1.0,0.0,0.0,0.0,10.93133754807084
-0.8394695989422467,-0.44300100647283985,1.963322937627151,-0.8446143294953956,1.0,0.0,0.0,0.0,11.237185138527495
-0.8944028900382305,-0.40309250434682153,1.9586429825878526,-1.4808739393838062,1.0,0.0,0.0,0.0,11.438212694578302
-0.8700752896957233,-0.6824520192289569,2.1224414089633292,-0.5264845245511903,1.0,0.0,0.0,0.0,11.398647529267592
-0.8734759220016652,-0.6674863309316992,2.080321813609634,-0.3674196220790877,1.0,0.0,0.0,0.0,11.150534214035387
-1.2027094466369286,-0.6824520192289569,2.108401543845431,0.18930753657327157,1.0,0.0,0.0,0.0,10.968215530759236
-0.4817753977772546,-0.5677150756166498,2.1037215888061325,-0.7650818782593443,1.0,0.0,0.0,0.0,11.400887146781374
-0.6546321537592839,-0.8370974649672824,2.169240959356323,-0.28788717084303633,1.0,0.0,0.0,0.0,11.119897691565697
-0.14652536983147874,-0.8321089022015276,2.1879607795135203,0.5869697927535281,1.0,0.0,0.0,0.0,11.446796346169297
-0.9018842811113026,-0.8271203394357797,2.17860086943492,-0.6060169757872417,1.0,0.0,0.0,0.0,11.252871529635922
1.0301457254444957,-0.8071660883727669,2.1505211391991232,-1.4808739393838062,1.0,0.0,0.0,0.0,12.174587138384211
-1.141498065129975,-0.7522918979494908,2.131801319041926,-1.4013414881477548,1.0,0.0,0.0,0.0,11.83138646878959
-0.11958189848440098,-0.7572804607152458,2.1832808244742186,-1.0832116832035494,1.0,0.0,0.0,0.0,11.638685488579059
-0.27731892006001174,-0.7872118373097613,2.159881049277723,-1.1627441344396008,1.0,0.0,0.0,0.0,11.885874268401459
-0.6954920588506776,1.108442013676156,-0.7650908502843503,0.7460346952256308,1.0,0.0,0.0,0.0,11.382828169079987
-0.4747648634850053,1.1034534509104008,-0.7697708053236487,1.064164500169836,1.0,0.0,0.0,0.0,11.439289689006644
-0.7563372184169911,1.098464888144646,-0.7650908502843503,0.5869697927535281,1.0,0.0,0.0,0.0,11.395278670032656
-0.44536247339363105,1.098464888144646,-0.7650908502843503,0.9846320489337848,1.0,0.0,0.0,0.0,11.41422052949775
-0.2689481328453856,1.1034534509104008,-0.7650908502843503,-0.7650818782593443,1.0,0.0,0.0,0.0,11.562677071567636
-0.12282557853006848,1.098464888144646,-0.7604108952450519,-1.0832116832035494,1.0,0.0,0.0,0.0,11.729656499978892
-0.2655475005394438,1.0934763253788982,-0.7650908502843503,1.30276185387799,1.0,0.0,0.0,0.0,11.726430716744437
-0.6125689480057875,1.0934763253788982,-0.7697708053236487,1.8594890125303492,1.0,0.0,0.0,0.0,11.86147448281689
-0.38258156928393516,1.088487762613143,-0.7744507603629505,0.6665022439895795,1.0,0.0,0.0,0.0,12.038251448529742
-0.42213353887304356,1.0785106370816404,-0.7791307154022488,-0.3674196220790877,1.0,0.0,0.0,0.0,11.736077016252437
-0.9213986788053998,1.098464888144646,-0.7744507603629505,1.1436969514058875,1.0,0.0,0.0,0.0,11.47937902264955
-1.1705342332807094,1.0934763253788982,-0.7791307154022488,0.03024263410116893,1.0,0.0,0.0,0.0,11.951186847493476
-0.901675011430937,1.0934763253788982,-0.7744507603629505,-1.4808739393838062,1.0,0.0,0.0,0.0,11.998439434579149
-1.442323230655601,1.098464888144646,-0.7744507603629505,-0.12882226837093372,1.0,0.0,0.0,0.0,11.470028402317833
-1.1464159026185679,1.098464888144646,-0.7697708053236487,1.2232294026419388,1.0,0.0,0.0,0.0,11.645715332733134
-0.6779657231200541,1.098464888144646,-0.7791307154022488,0.42790489028142553,1.0,0.0,0.0,0.0,11.433893080082035
-1.268629395952109,1.098464888144646,-0.7791307154022488,0.7460346952256308,1.0,0.0,0.0,0.0,11.288543647320601
-1.007774739376323,1.098464888144646,-0.7791307154022488,0.9050995976977334,1.0,0.0,0.0,0.0,11.348062614163295
-0.9685366743077631,1.098464888144646,-0.7744507603629505,1.8594890125303492,1.0,0.0,0.0,0.0,11.736077016252437
-0.6639969719556468,1.108442013676156,-0.7697708053236487,1.30276185387799,1.0,0.0,0.0,0.0,11.630717389475995
-1.1415503825500668,1.108442013676156,-0.7744507603629505,0.18930753657327157,1.0,0.0,0.0,0.0,11.360950749348124
-0.44588564759454513,1.108442013676156,-0.7791307154022488,-0.12882226837093372,1.0,0.0,0.0,0.0,11.715874472198905
-0.5842129063162418,1.1034534509104008,-0.7791307154022488,0.2688399878093229,1.0,0.0,0.0,0.0,11.316922746420394
-0.737450629763991,1.1034534509104008,-0.7744507603629505,0.3483724390453742,1.0,0.0,0.0,0.0,11.298506245754995
1.766042556450314,1.098464888144646,-0.7838106704415472,0.3483724390453742,1.0,0.0,0.0,0.0,12.285812230343542
2.283252571474025,1.108442013676156,-0.7838106704415472,-0.28788717084303633,1.0,0.0,0.0,0.0,12.36819574669825
1.9812241052862962,1.108442013676156,-0.7884906254808456,-0.04928981713488239,1.0,0.0,0.0,0.0,12.22979405494807
2.4360717555610427,1.1034534509104008,-0.802530490598744,-1.71947129309196,1.0,0.0,0.0,0.0,12.66096580954966
0.23089249870797593,1.088487762613143,-0.7791307154022488,1.8594890125303492,1.0,0.0,0.0,0.0,11.821887014814502
-0.6208874178003224,1.0934763253788982,-0.7791307154022488,0.10977508533722025,1.0,0.0,0.0,0.0,11.918397239722838
-0.30583191400983195,1.088487762613143,-0.7838106704415472,1.8594890125303492,1.0,0.0,0.0,0.0,11.769898298682092
-0.15761666289085827,1.0834991998473882,-0.7838106704415472,1.779956561294298,1.0,0.0,0.0,0.0,11.74006900564972
-0.24687018156680937,1.088487762613143,-0.7791307154022488,1.541359207586144,1.0,0.0,0.0,0.0,11.6776005682537
0.5980561529095141,1.0834991998473882,-0.7791307154022488,0.7460346952256308,1.0,0.0,0.0,0.0,11.91103693456627
-0.007570302068685218,1.0834991998473882,-0.7791307154022488,0.9846320489337848,1.0,0.0,0.0,0.0,11.811554895830454
-0.7829144678234291,1.0785106370816404,-0.7838106704415472,0.2688399878093229,1.0,0.0,0.0,0.0,11.685205103383671
-0.0064193188266742545,1.0785106370816404,-0.7838106704415472,-0.3674196220790877,1.0,0.0,0.0,0.0,11.723194494148304
0.24104207820571014,1.0785106370816404,-0.7791307154022488,0.42790489028142553,1.0,0.0,0.0,0.0,11.969090024509446
4.531646017322599,1.0635449487843827,-0.7838106704415472,0.03024263410116893,1.0,0.0,0.0,0.0,11.630717389475995
-0.0042219871828349095,1.0685335115501304,-0.7838106704415472,-0.04928981713488239,1.0,0.0,0.0,0.0,11.665655135642039
-0.07422269526514574,1.0635449487843827,-0.7884906254808456,0.18930753657327157,1.0,0.0,0.0,0.0,11.655301379246426
-0.3860345190099685,1.0834991998473882,-0.7884906254808456,1.3822943051140413,1.0,0.0,0.0,0.0,11.621788838451959
-0.751000841567667,1.0834991998473882,-0.7884906254808456,0.2688399878093229,1.0,0.0,0.0,0.0,11.672498559754418
-0.4802581925946036,1.0785106370816404,-0.7884906254808456,0.6665022439895795,1.0,0.0,0.0,0.0,11.791322060504474
-0.4300857867269384,1.0785106370816404,-0.7884906254808456,0.6665022439895795,1.0,0.0,0.0,0.0,11.727238138609684
-0.5540257549234963,1.0735220743158853,-0.7884906254808456,0.2688399878093229,1.0,0.0,0.0,0.0,11.61549107852535
-0.5917466148094052,1.0735220743158853,-0.7838106704415472,0.3483724390453742,1.0,0.0,0.0,0.0,11.493752839181418
-0.4475598050374704,1.0785106370816404,-0.7838106704415472,-0.12882226837093372,1.0,0.0,0.0,0.0,11.632493573102964
-0.22348429478594756,1.0934763253788982,-0.7838106704415472,0.10977508533722025,1.0,0.0,0.0,0.0,11.80410890048989
-0.37122868912409845,1.088487762613143,-0.7884906254808456,0.5869697927535281,1.0,0.0,0.0,0.0,11.719134432217524
0.13012914761191427,1.088487762613143,-0.7884906254808456,0.5074373415174769,1.0,0.0,0.0,0.0,11.701071692055445
-1.421030040678396,1.0834991998473882,-0.7884906254808456,1.1436969514058875,1.0,0.0,0.0,0.0,11.7068543948059
0.10831278343379516,1.088487762613143,-0.7838106704415472,1.6208916588221953,1.0,0.0,0.0,0.0,11.647465099148372
0.25004067446143313,1.098464888144646,-0.7884906254808456,0.2688399878093229,1.0,0.0,0.0,0.0,11.867805799560465
0.1152710003059527,1.098464888144646,-0.7931705805201473,-0.6855494270232929,1.0,0.0,0.0,0.0,11.850118870058369
0.09743076005478102,1.0934763253788982,-0.7931705805201473,-0.6060169757872417,1.0,0.0,0.0,0.0,11.82628259408539
0.5006934341193943,1.088487762613143,-0.7978505355594456,-0.20835471960698504,1.0,0.0,0.0,0.0,11.759011806144656
-0.08651728898662776,1.088487762613143,-0.7884906254808456,0.5074373415174769,1.0,0.0,0.0,0.0,11.600029337681997
-0.431812261589955,1.0834991998473882,-0.7931705805201473,0.10977508533722025,1.0,0.0,0.0,0.0,11.322986972837104
-0.8653667218874962,1.0834991998473882,-0.7978505355594456,0.5074373415174769,1.0,0.0,0.0,0.0,11.305913595583258
0.07289389003190826,1.0785106370816404,-0.7978505355594456,0.5074373415174769,1.0,0.0,0.0,0.0,11.399767965010177
-0.15160015958034584,1.0834991998473882,-0.7931705805201473,0.6665022439895795,1.0,0.0,0.0,0.0,11.626263078808801
-0.3821630299232039,1.0834991998473882,-0.7931705805201473,1.064164500169836,1.0,0.0,0.0,0.0,11.661354090741
-0.5264544745353215,1.0785106370816404,-0.7931705805201473,0.3483724390453742,1.0,0.0,0.0,0.0,11.67505281781187
-0.3276482781879513,1.0785106370816404,-0.7931705805201473,0.03024263410116893,1.0,0.0,0.0,0.0,11.630717389475995
-0.3645320593523976,1.0735220743158853,-0.7978505355594456,0.2688399878093229,1.0,0.0,0.0,0.0,11.74086549476798
-0.7495882712251989,1.0785106370816404,-0.7931705805201473,-0.5264845245511903,1.0,0.0,0.0,0.0,11.682676678340282
-0.17577080766257885,1.0735220743158853,-0.7931705805201473,-0.20835471960698504,1.0,0.0,0.0,0.0,11.63956692643747
0.14467339039732718,1.0735220743158853,-0.7931705805201473,0.5074373415174769,1.0,0.0,0.0,0.0,11.643084929027989
0.09225133546573111,1.0685335115501304,-0.7884906254808456,0.5869697927535281,1.0,0.0,0.0,0.0,11.556951919719207
0.3327021982058662,1.0685335115501304,-0.7978505355594456,0.5869697927535281,1.0,0.0,0.0,0.0,11.63780327310248
-0.8840440408601307,1.0685335115501304,-0.7978505355594456,-1.0832116832035494,1.0,0.0,0.0,0.0,11.769898298682092
-0.7241096876406806,1.0685335115501304,-0.7978505355594456,0.18930753657327157,1.0,0.0,0.0,0.0,11.602775309696066
0.39574468941601904,1.0635449487843827,-0.7978505355594456,0.42790489028142553,1.0,0.0,0.0,0.0,11.661354090741
-0.9280953085771007,1.0585563860186276,-0.7931705805201473,-1.3218090369117035,1.0,0.0,0.0,0.0,11.549267037372665
0.01858840797702129,1.0635449487843827,-0.7931705805201473,0.2688399878093229,1.0,0.0,0.0,0.0,11.644839300053654
0.1576481105799976,1.0635449487843827,-0.7931705805201473,0.2688399878093229,1.0,0.0,0.0,0.0,11.684363005162105
0.2609226978404473,1.0635449487843827,-0.7978505355594456,0.3483724390453742,1.0,0.0,0.0,0.0,11.774527900858468
-0.3155629541468349,1.0585563860186276,-0.7978505355594456,-0.6855494270232929,1.0,0.0,0.0,0.0,11.643084929027989
-0.07479818688615134,1.0585563860186276,-0.8072104456380458,0.03024263410116893,1.0,0.0,0.0,0.0,11.7068543948059
-0.8483112429376956,1.0585563860186276,-0.802530490598744,0.5074373415174769,1.0,0.0,0.0,0.0,11.63780327310248
-0.7801416445585841,1.088487762613143,-0.802530490598744,-0.28788717084303633,1.0,0.0,0.0,0.0,11.641327474774709
-0.10964158866703241,1.0834991998473882,-0.8118904006773442,0.2688399878093229,1.0,0.0,0.0,0.0,12.65746986922113
0.210593339712508,1.0635449487843827,-0.8118904006773442,-0.446952073315139,1.0,0.0,0.0,0.0,11.909692857375196
2.0107834476379445,1.0735220743158853,-0.8165703557166426,-1.958068646800114,1.0,0.0,0.0,0.0,12.174587138384211
-0.6110517428231367,1.0834991998473882,-0.7604108952450519,-0.28788717084303633,1.0,0.0,0.0,0.0,11.382828169079987
-0.6445872091017324,1.0785106370816404,-0.7604108952450519,0.42790489028142553,1.0,0.0,0.0,0.0,11.429554725537322
-0.43228311837077776,1.0685335115501304,-0.7557309402057503,0.3483724390453742,1.0,0.0,0.0,0.0,11.49069008091951
0.18616110452981782,1.0735220743158853,-0.7557309402057503,-1.5604063906198575,1.0,0.0,0.0,0.0,12.000283875037855
-0.9427965036227879,1.0834991998473882,-0.7650908502843503,0.18930753657327157,1.0,0.0,0.0,0.0,11.241129864948206
-1.031212943577276,1.0785106370816404,-0.7650908502843503,0.7460346952256308,1.0,0.0,0.0,0.0,11.331415578682627
0.2001821731143164,1.0685335115501304,-0.7744507603629505,-0.6060169757872417,1.0,0.0,0.0,0.0,11.932957294690372
-0.4267374718410879,1.0735220743158853,-0.7744507603629505,-1.0036792319674983,1.0,0.0,0.0,0.0,11.691080018519527
-0.5840036366358761,1.0585563860186276,-0.7604108952450519,-0.20835471960698504,1.0,0.0,0.0,0.0,11.46374572492597
-0.4108852935533897,1.0685335115501304,-0.7604108952450519,0.42790489028142553,1.0,0.0,0.0,0.0,11.495789479023493
-1.2579043248333694,1.0785106370816404,-0.7650908502843503,-0.20835471960698504,1.0,0.0,0.0,0.0,11.391898423211194
-0.4500710412018582,1.0735220743158853,-0.7650908502843503,0.2688399878093229,1.0,0.0,0.0,0.0,11.478344372113902
0.3608489702150464,1.0685335115501304,-0.7697708053236487,-0.8446143294953956,1.0,0.0,0.0,0.0,11.669082701743504
0.35901786051184703,1.0635449487843827,-0.7697708053236487,-1.3218090369117035,1.0,0.0,0.0,0.0,12.051177522006789
0.2772980503290596,1.033613572189867,-0.7650908502843503,-1.0832116832035494,1.0,0.0,0.0,0.0,11.763691965388299
0.5041987012655186,1.038602134955622,-0.7697708053236487,-0.6060169757872417,1.0,0.0,0.0,0.0,11.664796405307863
-0.2509509403339396,1.0435906977213698,-0.7744507603629505,-0.6855494270232929,1.0,0.0,0.0,0.0,11.652696102959753
0.5026814960828679,1.038602134955622,-0.7744507603629505,-0.9241467807314468,1.0,0.0,0.0,0.0,11.986678307125475
0.17454663726952419,1.033613572189867,-0.7744507603629505,-0.6060169757872417,1.0,0.0,0.0,0.0,11.840075816082267
0.5819423875213587,1.048579260487125,-0.7744507603629505,-1.6399388418559087,1.0,0.0,0.0,0.0,11.97098934828825
0.2577836526349624,1.0435906977213698,-0.7604108952450519,-0.446952073315139,1.0,0.0,0.0,0.0,11.704380187145405
-0.10733962218301026,1.038602134955622,-0.7557309402057503,0.5074373415174769,1.0,0.0,0.0,0.0,11.591745887495987
0.30251504681312097,1.038602134955622,-0.7557309402057503,-0.6060169757872417,1.0,0.0,0.0,0.0,11.866402300407264
-0.8893281002893634,1.028625009424112,-0.7557309402057503,-0.3674196220790877,1.0,0.0,0.0,0.0,11.815257205114566
-0.012226552456821062,1.0435906977213698,-0.7650908502843503,-1.3218090369117035,1.0,0.0,0.0,0.0,11.8879382384223
-0.35030172108753316,1.028625009424112,-0.7650908502843503,0.5869697927535281,1.0,0.0,0.0,0.0,11.733674150882164
0.7322503354439889,1.0236364466583643,-0.7697708053236487,-1.1627441344396008,1.0,0.0,0.0,0.0,12.116700301832573
0.007497114917641752,1.0186478838926092,-0.7791307154022488,0.42790489028142553,1.0,0.0,0.0,0.0,11.856522261533737
0.10831278343379516,1.0186478838926092,-0.7791307154022488,0.03024263410116893,1.0,0.0,0.0,0.0,11.856522261533737
-0.10838597058483863,1.028625009424112,-0.7791307154022488,0.5074373415174769,1.0,0.0,0.0,0.0,11.83138646878959
0.7589322196906098,1.0186478838926092,-0.7557309402057503,-0.7650818782593443,1.0,0.0,0.0,0.0,12.834683971615659
-0.36118374446654705,0.9837279445323459,-0.7931705805201473,-0.20835471960698504,1.0,0.0,0.0,0.0,11.938853113303086
-0.6164927545126435,1.0086707583611065,-0.7650908502843503,-0.9241467807314468,1.0,0.0,0.0,0.0,11.225256725762893
0.18312669416451594,1.0186478838926092,-0.7931705805201473,-0.6060169757872417,1.0,0.0,0.0,0.0,12.221950915934197
0.3138679269729577,1.0086707583611065,-0.7931705805201473,0.10977508533722025,1.0,0.0,0.0,0.0,12.007017865994577
1.6455032205596976,1.0036821955953514,-0.7931705805201473,-1.7990037443280114,1.0,0.0,0.0,0.0,12.457224282783562
1.9171875830944065,0.9986936328296037,-0.7978505355594456,-2.0376010980361654,1.0,0.0,0.0,0.0,12.513193308436527
1.0761850551249392,1.0086707583611065,-0.7884906254808456,-0.9241467807314468,1.0,0.0,0.0,0.0,12.343226842865814
0.8427970440971448,0.9887165072980938,-0.8072104456380458,-1.71947129309196,1.0,0.0,0.0,0.0,12.222934679005357
-0.16938808241142622,0.9986936328296037,-0.8118904006773442,-1.71947129309196,1.0,0.0,0.0,0.0,11.832113471896832
-0.8028474048782575,1.0036821955953514,-0.8165703557166426,-1.0036792319674983,1.0,0.0,0.0,0.0,12.16369214550422
0.9527159437092043,1.0086707583611065,-0.8165703557166426,-0.28788717084303633,1.0,0.0,0.0,0.0,12.012493964400264
0.6765846004667253,1.0236364466583643,-0.8165703557166426,-2.1171335492722165,1.0,0.0,0.0,0.0,12.30501712236033
1.758718117637516,0.9837279445323459,-0.8072104456380458,-1.0832116832035494,1.0,0.0,0.0,0.0,12.433212202169729
0.16230436096813322,1.0086707583611065,-0.7978505355594456,-0.28788717084303633,1.0,0.0,0.0,0.0,11.946660519211651
0.49200874238421943,1.0086707583611065,-0.802530490598744,-0.3674196220790877,1.0,0.0,0.0,0.0,12.003350402638521
-0.22515845222887282,1.0086707583611065,-0.8118904006773442,-0.6060169757872417,1.0,0.0,0.0,0.0,12.200059603373045
1.192748267088608,1.0186478838926092,-0.802530490598744,-1.3218090369117035,1.0,0.0,0.0,0.0,12.360941638737165
0.7833121374532082,0.9986936328296037,-0.8072104456380458,-0.5264845245511903,1.0,0.0,0.0,0.0,12.276535769000125
2.0589677915421363,0.9887165072980938,-0.7978505355594456,-0.9241467807314468,1.0,0.0,0.0,0.0,12.405746935654452
0.2595101274979792,1.033613572189867,-0.7978505355594456,-0.7650818782593443,1.0,0.0,0.0,0.0,11.817472029092508
-0.46780664661284727,1.033613572189867,-0.802530490598744,0.18930753657327157,1.0,0.0,0.0,0.0,11.65789988570203
0.35247818300042033,1.033613572189867,-0.802530490598744,-0.04928981713488239,1.0,0.0,0.0,0.0,11.896833207128452
0.5870694946903173,1.028625009424112,-0.7884906254808456,-1.3218090369117035,1.0,0.0,0.0,0.0,12.038251448529742
-0.09331855359851143,1.0535678232528798,-0.7884906254808456,0.42790489028142553,1.0,0.0,0.0,0.0,11.50892748368293
0.1308615914931942,1.048579260487125,-0.7884906254808456,-1.0832116832035494,1.0,0.0,0.0,0.0,11.732871910985468
0.22089987147051607,1.033613572189867,-0.7838106704415472,-1.3218090369117035,1.0,0.0,0.0,0.0,11.843674210764698
0.4944676611285157,1.033613572189867,-0.7884906254808456,0.03024263410116893,1.0,0.0,0.0,0.0,11.87340018062404
-1.1354815618194625,1.0535678232528798,-0.7931705805201473,-0.20835471960698504,1.0,0.0,0.0,0.0,11.359785940419789
-0.42249976081368334,1.048579260487125,-0.7931705805201473,0.42790489028142553,1.0,0.0,0.0,0.0,11.390769130367211
-0.5728600261564051,1.0435906977213698,-0.7931705805201473,-0.7650818782593443,1.0,0.0,0.0,0.0,11.634266607494453
0.07812563204104947,1.038602134955622,-0.7931705805201473,-0.04928981713488239,1.0,0.0,0.0,0.0,11.752737324967208
-0.4520591031653319,1.0535678232528798,-0.7978505355594456,-1.0036792319674983,1.0,0.0,0.0,0.0,11.650084021475273
-0.0696710797171927,1.0535678232528798,-0.7978505355594456,-0.7650818782593443,1.0,0.0,0.0,0.0,11.796607046116602
-0.18597270458040435,1.0535678232528798,-0.802530490598744,-0.6060169757872417,1.0,0.0,0.0,0.0,11.704380187145405
-0.24770726028827186,1.048579260487125,-0.7978505355594456,0.3483724390453742,1.0,0.0,0.0,0.0,11.612779849672751
-0.33753627058522834,1.048579260487125,-0.7931705805201473,0.42790489028142553,1.0,0.0,0.0,0.0,11.567423119906431
-0.1849786735986675,1.0535678232528798,-0.7931705805201473,0.5074373415174769,1.0,0.0,0.0,0.0,11.565527402710426
-0.6271131907912005,1.0435906977213698,-0.7978505355594456,0.18930753657327157,1.0,0.0,0.0,0.0,11.711784520403112
-0.11403625195471111,1.048579260487125,-0.802530490598744,-0.8446143294953956,1.0,0.0,0.0,0.0,11.744838452135683
0.039724645693952225,1.038602134955622,-0.7978505355594456,-0.20835471960698504,1.0,0.0,0.0,0.0,11.732871910985468
-0.8643726909057594,1.048579260487125,-0.8072104456380458,-0.6060169757872417,1.0,0.0,0.0,0.0,11.754309639974188
-0.2917062105851503,1.0535678232528798,-0.8118904006773442,-1.4808739393838062,1.0,0.0,0.0,0.0,11.883115664987255
0.44638795206450704,1.0435906977213698,-0.8165703557166426,-1.1627441344396008,1.0,0.0,0.0,0.0,11.917730355182513
-0.14082277104151472,1.038602134955622,-0.8118904006773442,-1.71947129309196,1.0,0.0,0.0,0.0,11.977294499661248
0.18019691863939666,1.0435906977213698,-0.8072104456380458,-0.5264845245511903,1.0,0.0,0.0,0.0,11.85723122498801
1.5342763854453536,1.0635449487843827,-0.8212503107559409,-1.8785361955640627,1.0,0.0,0.0,0.0,12.719198621456203
0.09382085806847357,1.028625009424112,-0.8165703557166426,-1.0036792319674983,1.0,0.0,0.0,0.0,11.970356641102999
0.13326819281739918,1.028625009424112,-0.8212503107559409,-0.3674196220790877,1.0,0.0,0.0,0.0,11.726430716744437
-0.6857087012935833,1.0236364466583643,-0.8212503107559409,-0.6060169757872417,1.0,0.0,0.0,0.0,11.537627833610571
-0.38980137325655007,1.0186478838926092,-0.8212503107559409,-0.5264845245511903,1.0,0.0,0.0,0.0,11.418625774449598
0.6136990615168464,1.033613572189867,-0.8259302657952426,-1.958068646800114,1.0,0.0,0.0,0.0,12.38756469170864
-0.7273010502662568,1.0036821955953514,-0.8212503107559409,0.5869697927535281,1.0,0.0,0.0,0.0,11.474195031610165
-0.7904481763165924,0.9937050700638487,-0.8165703557166426,-1.1627441344396008,1.0,0.0,0.0,0.0,11.588969419043872
-0.8575191088737842,1.0086707583611065,-0.8212503107559409,-0.7650818782593443,1.0,0.0,0.0,0.0,11.597275804538212
-0.8666746573897816,0.9986936328296037,-0.8259302657952426,0.3483724390453742,1.0,0.0,0.0,0.0,11.836464426179543
-0.9459355488282726,1.0036821955953514,-0.8212503107559409,0.9050995976977334,1.0,0.0,0.0,0.0,11.635151947212842
-0.8162929818417507,0.9986936328296037,-0.8212503107559409,0.5074373415174769,1.0,0.0,0.0,0.0,11.690242855114947
-0.8227803419330859,0.9986936328296037,-0.8212503107559409,0.8255671464616822,1.0,0.0,0.0,0.0,11.613684409620816
-0.7520995073895868,0.9887165072980938,-0.8212503107559409,-1.71947129309196,1.0,0.0,0.0,0.0,11.669937760751914
-0.8262856090792106,0.9937050700638487,-0.8212503107559409,-1.0036792319674983,1.0,0.0,0.0,0.0,11.662215780913316
-0.8072420681659361,0.9986936328296037,-0.8259302657952426,0.6665022439895795,1.0,0.0,0.0,0.0,11.718320437984499
0.6888268767681158,0.9986936328296037,-0.8259302657952426,-0.12882226837093372,1.0,0.0,0.0,0.0,12.013706813470414
0.6121818563341956,0.9937050700638487,-0.8259302657952426,-0.9241467807314468,1.0,0.0,0.0,0.0,12.007017865994577
-0.30583191400983195,0.9937050700638487,-0.8259302657952426,0.10977508533722025,1.0,0.0,0.0,0.0,11.87965667474488
-0.180479375470806,0.9937050700638487,-0.8259302657952426,0.42790489028142553,1.0,0.0,0.0,0.0,11.864293351358109
0.5191614834116628,1.0086707583611065,-0.8352901758738395,-1.958068646800114,1.0,0.0,0.0,0.0,12.182297237179363
0.838402380809466,1.0036821955953514,-0.8446500859524395,-0.04928981713488239,1.0,0.0,0.0,0.0,12.734642898012305
0.7375867122933132,0.9937050700638487,-0.8352901758738395,-1.7990037443280114,1.0,0.0,0.0,0.0,12.181272652174695
0.13012914761191427,1.0136593211268543,-0.8493300409917379,-1.7990037443280114,1.0,0.0,0.0,0.0,12.286273802188468
0.18956173683575964,1.0086707583611065,-0.8446500859524395,-1.7990037443280114,1.0,0.0,0.0,0.0,13.122367377396328
0.745172738206568,0.9837279445323459,-0.8352901758738395,-1.5604063906198575,0.0,0.0,0.0,0.0,12.307730815958307
0.03407436432407952,1.0086707583611065,-0.8259302657952426,-0.8446143294953956,1.0,0.0,0.0,0.0,11.82847315946983
0.8683279451017544,0.9637736934693332,-0.8212503107559409,-1.2422765856756521,0.0,0.0,0.0,0.0,12.22979405494807
0.20708807256638312,0.9837279445323459,-0.8259302657952426,-0.8446143294953956,1.0,0.0,0.0,0.0,11.92039522907888
0.6899255425900357,0.9837279445323459,-0.8306102208345411,-0.446952073315139,1.0,0.0,0.0,0.0,11.989165855127435
-0.22725114903252935,0.9837279445323459,-0.8259302657952426,-1.0832116832035494,1.0,0.0,0.0,0.0,11.835740580500783
-0.17069601791371175,1.0236364466583643,-0.8399701309131378,-0.6855494270232929,1.0,0.0,0.0,0.0,11.6172944892629
0.3053925049181485,1.0236364466583643,-0.8446500859524395,-0.5264845245511903,1.0,0.0,0.0,0.0,12.153731433847984
0.8684325799419375,1.0186478838926092,-0.8446500859524395,-1.71947129309196,1.0,0.0,0.0,0.0,12.183832149044223
0.48144062352575395,1.0136593211268543,-0.8774097712275348,-1.8785361955640627,0.0,0.0,0.0,0.0,11.987922854613139
0.6593198518365588,1.0236364466583643,-0.8493300409917379,-1.1627441344396008,1.0,0.0,0.0,0.0,12.278397958261774
0.6670105125899968,1.1184191392076586,-0.8118904006773442,-2.1171335492722165,1.0,0.0,0.0,0.0,12.143138170555755
0.7778188083436101,1.1134305764419037,-0.8165703557166426,-0.9241467807314468,1.0,0.0,0.0,0.0,12.261038936200617
0.6728700636402348,1.0934763253788982,-0.8165703557166426,-1.3218090369117035,1.0,0.0,0.0,0.0,12.498372788261829
0.6060084007634089,1.1034534509104008,-0.8212503107559409,-1.4808739393838062,1.0,0.0,0.0,0.0,12.390479526523466
-0.4007357140556555,1.153339078567922,-0.8306102208345411,-1.0036792319674983,1.0,0.0,0.0,0.0,11.608244735642321
0.6425782774073066,1.1184191392076586,-0.8259302657952426,-1.1627441344396008,1.0,0.0,0.0,0.0,11.991027463722105
-0.48240320681835147,1.1333848275049165,-0.8352901758738395,-1.0832116832035494,1.0,0.0,0.0,0.0,11.759011806144656
-0.8126830798554431,1.1433619530364192,-0.8352901758738395,-1.0036792319674983,1.0,0.0,0.0,0.0,11.678448377988165
0.1836498683654298,1.0685335115501304,-0.8540099960310363,-1.2422765856756521,1.0,0.0,0.0,0.0,12.595411759236592
0.31977979544328705,1.0834991998473882,-0.8774097712275348,-1.6399388418559087,1.0,0.0,0.0,0.0,12.425613715694242
0.8298746413345661,1.0834991998473882,-0.8352901758738395,-1.5604063906198575,1.0,0.0,0.0,0.0,12.317618492524995
-0.6032564472295161,1.153339078567922,-0.8399701309131378,-1.3218090369117035,1.0,0.0,0.0,0.0,11.72157244693173
0.4898114107403801,1.1234077019734137,-0.8259302657952426,-1.0832116832035494,1.0,0.0,0.0,0.0,12.066241450757124
-0.7002006266589047,1.1433619530364192,-0.8165703557166426,0.3483724390453742,1.0,0.0,0.0,0.0,11.936237039973754
0.1632460745297788,1.1134305764419037,-0.7838106704415472,-1.0832116832035494,1.0,0.0,0.0,0.0,12.12541016250223
-0.06161419702311503,1.1234077019734137,-0.7838106704415472,-0.7650818782593443,1.0,0.0,0.0,0.0,11.881041706925902
1.8509014118385863,1.1134305764419037,-0.7931705805201473,-0.6855494270232929,1.0,0.0,0.0,0.0,12.373707715234994
0.8789483813803116,1.1134305764419037,-0.7931705805201473,-1.2422765856756521,1.0,0.0,0.0,0.0,12.276069679344003
0.7298437341197839,1.1283962647391614,-0.7931705805201473,-1.71947129309196,1.0,0.0,0.0,0.0,12.285350445351659
-1.0061528993534892,1.1184191392076586,-0.7744507603629505,1.8594890125303492,1.0,0.0,0.0,0.0,11.998439434579149
-1.1778063546734159,1.1184191392076586,-0.7791307154022488,-1.6399388418559087,1.0,0.0,0.0,0.0,11.998439434579149
-0.36688634325651126,1.1134305764419037,-0.7650908502843503,-0.12882226837093372,1.0,0.0,0.0,0.0,11.528808656597766
-1.108276503371928,1.1134305764419037,-0.7744507603629505,-1.4808739393838062,1.0,0.0,0.0,0.0,11.546369912189585
0.4367092293475958,1.1234077019734137,-0.7697708053236487,-0.12882226837093372,1.0,0.0,0.0,0.0,11.80186424743109
-0.20229573964892533,1.1283962647391614,-0.7791307154022488,-0.04928981713488239,1.0,0.0,0.0,0.0,11.8515453936489
0.4135326122470994,1.1383733902706643,-0.7791307154022488,-1.958068646800114,1.0,0.0,0.0,0.0,11.986678307125475
-0.6023147336678706,1.108442013676156,-0.7604108952450519,-0.446952073315139,1.0,0.0,0.0,0.0,11.464795582766675
-0.8377431240792301,1.1134305764419037,-0.7557309402057503,-0.04928981713488239,1.0,0.0,0.0,0.0,11.355113089309977
0.2772980503290596,1.1234077019734137,-0.7604108952450519,-0.446952073315139,1.0,0.0,0.0,0.0,11.774527900858468
0.4768366905577096,1.163316204099432,-0.7884906254808456,-1.4013414881477548,1.0,0.0,0.0,0.0,11.795099898183592
-0.15233260346162553,1.1683047668651798,-0.7931705805201473,-1.71947129309196,1.0,0.0,0.0,0.0,11.863589378812122
0.20991321325131934,1.158327641333677,-0.7884906254808456,-1.8785361955640627,1.0,0.0,0.0,0.0,11.840075816082267
0.7202696462430553,1.1683047668651798,-0.7838106704415472,-1.8785361955640627,1.0,0.0,0.0,0.0,12.003350402638521
0.7016446446905119,1.1782818923966898,-0.7884906254808456,-1.8785361955640627,1.0,0.0,0.0,0.0,11.954407441448915
1.2796998192805369,1.213201831756953,-0.7931705805201473,-1.8785361955640627,1.0,0.0,0.0,0.0,12.315827989765994
0.9232089187776472,1.1782818923966898,-0.7791307154022488,-2.0376010980361654,1.0,0.0,0.0,0.0,12.194511067314858
-1.3412982924590822,1.1433619530364192,-0.7931705805201473,-1.4808739393838062,1.0,0.0,0.0,0.0,11.818209214992565
-0.899268410106732,1.1433619530364192,-0.802530490598744,0.5074373415174769,1.0,0.0,0.0,0.0,11.372524818667134
-0.4109899283935725,1.1483505158021743,-0.802530490598744,-1.2422765856756521,1.0,0.0,0.0,0.0,11.753523791492476
-0.4039270766812317,1.1483505158021743,-0.7978505355594456,-2.1171335492722165,1.0,0.0,0.0,0.0,12.012493964400264
-1.1850784760661224,1.163316204099432,-0.7931705805201473,-1.0832116832035494,1.0,0.0,0.0,0.0,11.643084929027989
-0.31692320706921145,1.163316204099432,-0.7978505355594456,-1.3218090369117035,1.0,0.0,0.0,0.0,11.636920278634463
0.20358280542025822,1.158327641333677,-0.7978505355594456,-1.6399388418559087,1.0,0.0,0.0,0.0,11.832113471896832
0.1422667890731222,1.158327641333677,-0.802530490598744,-1.71947129309196,1.0,0.0,0.0,0.0,11.732871910985468
0.08947851220088616,1.1683047668651798,-0.8072104456380458,-1.5604063906198575,1.0,0.0,0.0,0.0,11.753523791492476
0.16690829393617754,1.1683047668651798,-0.8165703557166426,-1.8785361955640627,1.0,0.0,0.0,0.0,11.824819546736247
-0.4171633839643593,1.1683047668651798,-0.7931705805201473,-1.6399388418559087,1.0,0.0,0.0,0.0,11.645715332733134
-0.34606401006012877,1.1732933296309347,-0.7978505355594456,-1.1627441344396008,1.0,0.0,0.0,0.0,11.669937760751914
0.1138061125433933,1.1732933296309347,-0.802530490598744,-1.8785361955640627,1.0,0.0,0.0,0.0,11.782196591288216
0.5995733580921652,1.1782818923966898,-0.7978505355594456,-1.958068646800114,1.0,0.0,0.0,0.0,11.93558195089097
0.460670607749463,1.2032247062254502,-0.802530490598744,-1.3218090369117035,1.0,0.0,0.0,0.0,11.874097282798648
0.08916460768033795,1.1732933296309347,-0.8118904006773442,-1.6399388418559087,1.0,0.0,0.0,0.0,11.707677772181546
0.16361229647041875,1.1882590179281924,-0.8118904006773442,-2.0376010980361654,1.0,0.0,0.0,0.0,11.870606902224587
-0.6546321537592839,1.1732933296309347,-0.8259302657952426,-1.0036792319674983,1.0,0.0,0.0,0.0,13.122367377396328
-0.5529270891015766,1.163316204099432,-0.8352901758738395,-1.6399388418559087,1.0,0.0,0.0,0.0,11.822620954414864
-0.11220514225151172,1.1832704551624376,-0.8446500859524395,-1.1627441344396008,1.0,0.0,0.0,0.0,11.991027463722105
0.10831278343379516,1.1683047668651798,-0.8446500859524395,-2.1171335492722165,1.0,0.0,0.0,0.0,11.51293546492023
0.015135458250987936,1.1782818923966898,-0.8493300409917379,-2.1171335492722165,1.0,0.0,0.0,0.0,11.712603850073448
-0.23677291948916646,1.1732933296309347,-0.8540099960310363,-1.958068646800114,1.0,0.0,0.0,0.0,11.641327474774709
-0.8849334370016847,1.1782818923966898,-0.9008095464240301,-1.0036792319674983,0.0,0.0,0.0,0.0,11.49171204297103
-0.7025025931429268,1.1832704551624376,-0.8961295913847318,-1.6399388418559087,0.0,0.0,0.0,0.0,11.609153405321658
-0.9862199622986607,1.1832704551624376,-0.8961295913847318,-1.0036792319674983,0.0,0.0,0.0,0.0,11.498836682527127
-0.9355243822300814,1.1832704551624376,-0.9008095464240301,-0.3674196220790877,0.0,0.0,0.0,0.0,11.330215832884798
-0.8102241611111468,1.1832704551624376,-0.9054895014633285,-0.446952073315139,0.0,0.0,0.0,0.0,11.433893080082035
-1.03320100554075,1.1882590179281924,-0.9054895014633285,-0.3674196220790877,0.0,0.0,0.0,0.0,11.332613886815139
0.37241112005524873,1.1882590179281924,-0.9101694565026303,-2.0376010980361654,0.0,0.0,0.0,0.0,11.823354355742923
-0.15500079188628765,1.158327641333677,-0.9054895014633285,-1.4808739393838062,0.0,0.0,0.0,0.0,11.638685488579059
0.005561370374259328,1.1683047668651798,-0.9148494115419287,-1.4808739393838062,0.0,0.0,0.0,0.0,11.74325116281265
-0.3930450533022178,1.1732933296309347,-0.9242093216205287,-1.3218090369117035,0.0,0.0,0.0,0.0,11.671645688511857
0.13724431674434662,1.1982361434596953,-0.9242093216205287,-2.1171335492722165,0.0,0.0,0.0,0.0,12.085604132204319
-0.7854257039878169,1.2481217711172237,-0.919529366581227,-1.4013414881477548,1.0,0.0,0.0,0.0,11.889997957243736
-0.03801904056188784,1.2281675200542108,-0.8446500859524395,-1.1627441344396008,1.0,0.0,0.0,0.0,11.846543632608535
0.16282753516904752,1.2281675200542108,-0.8680498611489348,-1.2422765856756521,1.0,0.0,0.0,0.0,11.990407312509369
0.09873869555706656,1.2431332083514686,-0.8493300409917379,-1.7990037443280114,1.0,0.0,0.0,0.0,11.906324739459684
-1.3260216057923895,1.1932475806939404,-0.8680498611489348,-1.71947129309196,1.0,0.0,0.0,0.0,12.039433474778324
-0.708466779033348,1.1732933296309347,-0.8867696813061317,-1.71947129309196,0.0,0.0,0.0,0.0,11.600945499760169
-0.6757160740561232,1.2531103338829714,-0.8680498611489348,-0.9241467807314468,1.0,0.0,0.0,0.0,11.886562731847148
-0.3131040354025384,1.213201831756953,-0.8540099960310363,-1.2422765856756521,1.0,0.0,0.0,0.0,11.910365121788654
0.10224396270319097,1.1732933296309347,-0.858689951070338,-2.0376010980361654,1.0,0.0,0.0,0.0,11.748005492256807
-0.9962649069562121,1.2381446455857137,-0.9008095464240301,-1.2422765856756521,1.0,0.0,0.0,0.0,11.413116179350727
-0.5639660647408649,1.2481217711172237,-0.8961295913847318,-1.0036792319674983,1.0,0.0,0.0,0.0,11.630717389475995
-0.38943515131591033,1.2082132689911982,-0.9054895014633285,-2.1171335492722165,1.0,0.0,0.0,0.0,11.621788838451959
-0.650865299512702,1.2032247062254502,-0.8914496363454334,-1.4808739393838062,1.0,0.0,0.0,0.0,11.854392350397763
-0.8262856090792106,1.1683047668651798,-0.8633699061096364,-0.9241467807314468,1.0,0.0,0.0,0.0,11.399767965010177
-0.9938059882119157,1.1683047668651798,-0.8680498611489348,-0.446952073315139,1.0,0.0,0.0,0.0,11.308370569092329
-0.9816160293306163,1.1683047668651798,-0.8727298161882332,-1.8785361955640627,1.0,0.0,0.0,0.0,11.326607934898927
-0.7377122168644479,1.1383733902706643,-0.8446500859524395,-1.0832116832035494,1.0,0.0,0.0,0.0,11.680987503016127
0.11610807902741568,1.1234077019734137,-0.858689951070338,-1.4013414881477548,1.0,0.0,0.0,0.0,12.062785246027499
-0.9005763456090173,1.153339078567922,-0.8540099960310363,-0.5264845245511903,1.0,0.0,0.0,0.0,11.89478753335453
-0.542097383142654,1.163316204099432,-0.8727298161882332,-1.5604063906198575,1.0,0.0,0.0,0.0,11.554077005184336
-0.9039769779149591,1.1283962647391614,-0.8820897262668332,-0.7650818782593443,0.0,0.0,0.0,0.0,11.769124610238766
-0.9356813344903555,1.1483505158021743,-0.8727298161882332,-1.0036792319674983,0.0,0.0,0.0,0.0,11.525851561856362
-0.5541827071837704,1.1383733902706643,-0.8961295913847318,-0.7650818782593443,0.0,0.0,0.0,0.0,11.608244735642321
-0.8944028900382305,1.1433619530364192,-0.8961295913847318,-1.4013414881477548,0.0,0.0,0.0,0.0,11.649211809228195
0.7592461242111579,1.088487762613143,-0.9101694565026303,-1.8785361955640627,0.0,0.0,0.0,0.0,12.035883196198768
-0.3286423091696881,1.098464888144646,-0.9054895014633285,-1.6399388418559087,0.0,0.0,0.0,0.0,11.726430716744437
-0.3792855718181761,1.1134305764419037,-0.9008095464240301,-1.4808739393838062,0.0,0.0,0.0,0.0,11.946660519211651
-0.4050780599232429,1.108442013676156,-0.9101694565026303,-1.4013414881477548,0.0,0.0,0.0,0.0,11.61999352194924
-1.0237838699242954,1.1184191392076586,-0.919529366581227,-0.12882226837093372,0.0,0.0,0.0,0.0,11.518917476956224
0.210593339712508,1.108442013676156,-0.9148494115419287,-1.4808739393838062,0.0,0.0,0.0,0.0,11.736077016252437
-0.2622515030736848,1.0934763253788982,-0.919529366581227,-1.5604063906198575,0.0,0.0,0.0,0.0,11.789048488275174
-0.854850920449122,1.0934763253788982,-0.919529366581227,-0.9241467807314468,0.0,0.0,0.0,0.0,11.795099898183592
-0.6993635479374422,1.108442013676156,-0.9335692316991255,-0.446952073315139,0.0,0.0,0.0,0.0,11.600945499760169
-0.03697269216005945,1.1383733902706643,-0.9382491867384238,-1.71947129309196,0.0,0.0,0.0,0.0,11.996591585872558
-0.618062277115386,1.1433619530364192,-0.9242093216205287,-1.0832116832035494,0.0,0.0,0.0,0.0,12.005185815601541
2.9084980589865044,1.0685335115501304,-0.9756888270528209,-1.6399388418559087,0.0,0.0,0.0,0.0,13.051084323163382
-0.3403090938500733,1.1034534509104008,-0.9522890518563224,-1.4808739393838062,0.0,0.0,0.0,0.0,11.978550773342342
-0.19031505044799152,1.158327641333677,-0.9288892766598271,-1.4808739393838062,0.0,0.0,0.0,0.0,11.955050317440996
-0.33549589120166334,1.1882590179281924,-0.9335692316991255,-1.3218090369117035,0.0,0.0,0.0,0.0,12.258195345865499
-0.13025465218304927,1.1782818923966898,-0.947609096817024,-1.71947129309196,0.0,0.0,0.0,0.0,11.924379271639218
0.3752885781602768,1.1832704551624376,-0.9616489619349224,-2.1171335492722165,0.0,0.0,0.0,0.0,12.068538968726306
0.48034195770383453,1.2032247062254502,-0.947609096817024,-2.0376010980361654,0.0,0.0,0.0,0.0,12.279792328023508
0.2557432732513974,1.223178957288456,-0.947609096817024,-2.1171335492722165,0.0,0.0,0.0,0.0,11.888625282853006
0.03559156950673069,1.2032247062254502,-0.9663289169742209,-2.1171335492722165,0.0,0.0,0.0,0.0,12.140472227446224
-0.06407311576741154,1.2032247062254502,-0.9803687820921193,-1.958068646800114,0.0,0.0,0.0,0.0,11.901590234400047
0.48761407909654075,1.2580988966487263,-0.9897286921707161,-1.8785361955640627,0.0,0.0,0.0,0.0,12.759098194034383
0.13012914761191427,1.3029959615404998,-0.9897286921707161,-1.5604063906198575,1.0,0.0,0.0,0.0,12.879274738646975
0.2652650437080347,1.233156082819966,-0.9710088720135193,-1.7990037443280114,0.0,0.0,0.0,0.0,12.636558767583635
-0.330787323393436,1.273064584945984,-0.9522890518563224,-1.71947129309196,1.0,0.0,0.0,0.0,12.72843447070449
0.2173422869042999,1.3029959615404998,-0.9429291417777256,-1.6399388418559087,1.0,0.0,0.0,0.0,12.309986615445005
1.5890527242810628,1.1732933296309347,-1.0084485123279163,-1.8785361955640627,0.0,0.0,0.0,0.0,13.108874814383773
-0.2099340829822715,1.1882590179281924,-0.9850487371314177,-1.7990037443280114,0.0,0.0,0.0,0.0,12.141539457711714
1.6305927558336453,1.1932475806939404,-0.9944086472100179,-1.2422765856756521,0.0,0.0,0.0,0.0,13.122367377396328
0.06279662795426558,1.223178957288456,-1.0037685572886146,-1.958068646800114,0.0,0.0,0.0,0.0,12.160557363077048
0.42593184080876473,1.2082132689911982,-1.0224883774458116,-1.958068646800114,0.0,0.0,0.0,0.0,12.067965083912192
-0.5473814425718867,1.2880302732432418,-1.0178084224065131,-1.2422765856756521,0.0,0.0,0.0,0.0,10.668978650219241
0.04469480060263651,1.1683047668651798,-0.9663289169742209,-1.7990037443280114,0.0,0.0,0.0,0.0,12.117246896289503
0.8678570883209319,1.1483505158021743,-0.9756888270528209,-1.958068646800114,0.0,0.0,0.0,0.0,12.969214528909768
0.6959943633206395,1.1234077019734137,-0.9944086472100179,-1.958068646800114,0.0,0.0,0.0,0.0,13.122367377396328
-0.4561921793525534,1.273064584945984,-0.9008095464240301,-1.7990037443280114,1.0,0.0,0.0,0.0,11.810812786275873
-0.37520481305104586,1.3279387753692602,-0.9008095464240301,-0.7650818782593443,1.0,0.0,0.0,0.0,12.153204427390497
0.77745258640297,1.337915900900763,-0.8914496363454334,-1.0832116832035494,1.0,0.0,0.0,0.0,12.21255657932543
0.31543744957569964,1.3079845243062476,-0.9148494115419287,-1.4013414881477548,1.0,0.0,0.0,0.0,12.066241450757124
-0.9255840724127128,1.3329273381350082,-0.9288892766598271,-1.0832116832035494,1.0,0.0,0.0,0.0,11.448930795918299
-0.556536991087884,1.3229502126035053,-0.9382491867384238,-0.8446143294953956,1.0,0.0,0.0,0.0,11.876185678347824
-0.9836564087141815,1.2880302732432418,-0.8914496363454334,-1.2422765856756521,1.0,0.0,0.0,0.0,11.49069008091951
-0.7874137659512905,1.3329273381350082,-0.8867696813061317,-1.1627441344396008,1.0,0.0,0.0,0.0,11.759011806144656
-0.9442613913853473,1.3079845243062476,-0.8820897262668332,-0.7650818782593443,1.0,0.0,0.0,0.0,11.359785940419789
-1.094255434787429,1.3079845243062476,-0.8820897262668332,-0.446952073315139,1.0,0.0,0.0,0.0,11.603688960617083
-0.47727609964939305,1.3179616498377504,-0.8820897262668332,-1.1627441344396008,1.0,0.0,0.0,0.0,11.707677772181546
-0.10236946727432597,1.3179616498377504,-0.8867696813061317,-1.0832116832035494,1.0,0.0,0.0,0.0,11.633380483255026
-0.4223428085534092,1.3029959615404998,-0.8914496363454334,-0.6855494270232929,1.0,0.0,0.0,0.0,11.373674891823535
-0.33439722537974365,1.3079845243062476,-0.8914496363454334,-0.6060169757872417,1.0,0.0,0.0,0.0,11.456365695436427
-0.6110517428231367,1.3079845243062476,-0.8867696813061317,-0.8446143294953956,1.0,0.0,0.0,0.0,11.420821140914589
0.3998777656032408,1.3129730870720024,-0.8867696813061317,-0.7650818782593443,1.0,0.0,0.0,0.0,11.686046493072437
-0.08306433926059464,1.3129730870720024,-0.8914496363454334,-0.9241467807314468,1.0,0.0,0.0,0.0,11.695255355062795
0.08738581539722987,1.3179616498377504,-0.8914496363454334,-1.2422765856756521,1.0,0.0,0.0,0.0,11.792834908653468
-0.6730478856314613,1.3029959615404998,-0.8820897262668332,0.5074373415174769,1.0,0.0,0.0,0.0,11.242441323346558
-1.011960132983636,1.2980073987747447,-0.8867696813061317,0.18930753657327157,1.0,0.0,0.0,0.0,11.364437057512568
-1.3457975905869437,1.2980073987747447,-0.8820897262668332,-0.5264845245511903,1.0,0.0,0.0,0.0,11.258046118484
-1.2763723741256385,1.2880302732432418,-0.8820897262668332,-0.8446143294953956,1.0,0.0,0.0,0.0,11.251573687764477
-1.0629173001526724,1.2930188360089898,-0.8867696813061317,-0.28788717084303633,1.0,0.0,0.0,0.0,11.358619773129229
-0.8685580845130725,1.2980073987747447,-0.8867696813061317,-0.6855494270232929,1.0,0.0,0.0,0.0,11.250274159310356
-0.8709646858372774,1.3029959615404998,-0.8867696813061317,-0.7650818782593443,1.0,0.0,0.0,0.0,11.38054769238444
-0.7647603230517087,1.3129730870720024,-0.8727298161882332,-1.1627441344396008,1.0,0.0,0.0,0.0,11.832113471896832
-1.0854661082120713,1.278053147711732,-0.8820897262668332,-1.0832116832035494,1.0,0.0,0.0,0.0,11.562677071567636
-1.1344352134176343,1.3079845243062476,-0.8774097712275348,-1.4808739393838062,1.0,0.0,0.0,0.0,11.47107168834584
-0.9969450334174005,1.2930188360089898,-0.8727298161882332,-1.3218090369117035,1.0,0.0,0.0,0.0,11.588969419043872
-0.8915254319332028,1.2880302732432418,-0.8774097712275348,-1.3218090369117035,1.0,0.0,0.0,0.0,11.147656555612986
-0.9239099149697876,1.283041710477487,-0.8867696813061317,-1.6399388418559087,1.0,0.0,0.0,0.0,11.455306945297822
-1.0090303574585169,1.273064584945984,-0.8914496363454334,-1.1627441344396008,1.0,0.0,0.0,0.0,11.630717389475995
-0.8285875755632327,1.2880302732432418,-0.8727298161882332,-1.71947129309196,1.0,0.0,0.0,0.0,11.636036503798104
-0.5425159225033852,1.273064584945984,-0.8774097712275348,-0.6855494270232929,1.0,0.0,0.0,0.0,11.701071692055445
-0.6242880501062642,1.2930188360089898,-0.8446500859524395,-1.0832116832035494,1.0,0.0,0.0,0.0,11.844392338493027
-0.8246637690563768,1.273064584945984,-0.8540099960310363,-1.4808739393838062,1.0,0.0,0.0,0.0,11.598194491615347
-0.8780798549697095,1.3079845243062476,-0.8633699061096364,-1.6399388418559087,1.0,0.0,0.0,0.0,11.464795582766675
-1.0420426495361985,1.3079845243062476,-0.8633699061096364,-0.6855494270232929,1.0,0.0,0.0,0.0,11.260623406285792
-0.9745531776182755,1.3029959615404998,-0.8633699061096364,-0.6060169757872417,1.0,0.0,0.0,0.0,11.326607934898927
-0.7017178318415557,1.2980073987747447,-0.8680498611489348,-0.3674196220790877,1.0,0.0,0.0,0.0,11.222586532857163
-1.1227161113171578,1.3079845243062476,-0.8680498611489348,-0.3674196220790877,1.0,0.0,0.0,0.0,11.211833885608513
-0.9514288779378709,1.337915900900763,-0.8633699061096364,-1.3218090369117035,1.0,0.0,0.0,0.0,10.945547126244623
-0.6880106677776054,1.347893026432266,-0.8774097712275348,-1.8785361955640627,1.0,0.0,0.0,0.0,11.781432363235949
-1.1918274232579147,1.342904463666518,-0.8867696813061317,-0.6855494270232929,1.0,0.0,0.0,0.0,11.849404844423074
-0.9735591466365386,1.337915900900763,-0.8820897262668332,-0.446952073315139,1.0,0.0,0.0,0.0,11.310821520675269
-0.8158221250609279,1.3279387753692602,-0.8820897262668332,-1.2422765856756521,1.0,0.0,0.0,0.0,11.723194494148304
-0.49349449987773125,1.3528815891980208,-0.8914496363454334,-1.2422765856756521,1.0,0.0,0.0,0.0,12.047668766996187
-0.7636093398096975,1.2630874594144743,-0.7650908502843503,-0.28788717084303633,1.0,0.0,0.0,0.0,11.560772327227417
-0.7013516099009159,1.2531103338829714,-0.7650908502843503,0.3483724390453742,1.0,0.0,0.0,0.0,11.455306945297822
-0.18351378583610786,1.2630874594144743,-0.7650908502843503,-0.6060169757872417,1.0,0.0,0.0,0.0,11.791322060504474
-0.806091084923925,1.278053147711732,-0.7791307154022488,-0.8446143294953956,1.0,0.0,0.0,0.0,11.685205103383671
-0.38556366222914573,1.3079845243062476,-0.7791307154022488,-1.1627441344396008,1.0,0.0,0.0,0.0,11.663936936922068
-0.7555001396955285,1.2980073987747447,-0.7838106704415472,-1.3218090369117035,1.0,0.0,0.0,0.0,11.627155529627064
-0.5973968961792778,1.2281675200542108,-0.7744507603629505,-0.28788717084303633,1.0,0.0,0.0,0.0,11.91170829631447
-0.5221121286677343,1.273064584945984,-0.7884906254808456,-1.8785361955640627,1.0,0.0,0.0,0.0,11.56362808494399
-0.3930450533022178,1.2680760221802292,-0.8165703557166426,-1.7990037443280114,1.0,0.0,0.0,0.0,12.141539457711714
-1.2922245524133364,1.3029959615404998,-0.7931705805201473,-0.5264845245511903,1.0,0.0,0.0,0.0,11.313266479778829
-0.7735496496270661,1.3528815891980208,-0.7791307154022488,-1.4013414881477548,1.0,0.0,0.0,0.0,10.968215530759236
-1.259526164856203,1.3878015285582843,-0.7697708053236487,-1.0036792319674983,1.0,0.0,0.0,0.0,11.407576060361786
-1.1451079671162827,1.397778654089794,-0.802530490598744,-0.7650818782593443,1.0,0.0,0.0,0.0,11.050905878263567
-1.3328751878243645,1.3778244030267814,-0.8118904006773442,-0.9241467807314468,1.0,0.0,0.0,0.0,11.31204474745499
-0.43662546423836496,1.337915900900763,-0.8306102208345411,-2.1171335492722165,1.0,0.0,0.0,0.0,11.893421422254848
-1.1778063546734159,1.3079845243062476,-0.8306102208345411,-2.196666000508268,1.0,0.0,0.0,0.0,10.915106645867503
-0.5741679616586903,1.3528815891980208,-0.8399701309131378,-0.8446143294953956,1.0,0.0,0.0,0.0,11.419724060136211
-0.22065915410101133,1.2930188360089898,-0.7931705805201473,-0.12882226837093372,1.0,0.0,0.0,0.0,11.405351390085748
-1.0092396271388826,1.2930188360089898,-0.7978505355594456,0.9050995976977334,1.0,0.0,0.0,0.0,11.200964361058276
-0.43584070293699373,1.2980073987747447,-0.7931705805201473,0.03024263410116893,1.0,0.0,0.0,0.0,11.420821140914589
-1.2829643690571564,1.2980073987747447,-0.7978505355594456,0.03024263410116893,1.0,0.0,0.0,0.0,11.200964361058276
-0.898902188166092,1.2930188360089898,-0.7978505355594456,0.3483724390453742,1.0,0.0,0.0,0.0,11.131679686740132
-0.1268017024570159,1.3329273381350082,-0.7744507603629505,0.10977508533722025,1.0,0.0,0.0,0.0,11.498836682527127
-0.9528937657004305,1.3179616498377504,-0.7978505355594456,-1.2422765856756521,1.0,0.0,0.0,0.0,11.467938559235831
-0.9305542273213971,1.337915900900763,-0.7978505355594456,0.03024263410116893,1.0,0.0,0.0,0.0,11.192733974822708
-1.3903197150847362,1.342904463666518,-0.7978505355594456,0.6665022439895795,1.0,0.0,0.0,0.0,10.915106645867503
-0.8601872972984463,1.3329273381350082,-0.7978505355594456,0.42790489028142553,1.0,0.0,0.0,0.0,11.181653682515929
0.8494936738688459,1.3279387753692602,-0.7650908502843503,-0.8446143294953956,1.0,0.0,0.0,0.0,12.174587138384211
-0.8675640535313356,1.347893026432266,-0.7931705805201473,0.5074373415174769,1.0,0.0,0.0,0.0,11.203692838488003
-1.2664320643082698,1.347893026432266,-0.7978505355594456,0.2688399878093229,1.0,0.0,0.0,0.0,10.907807476583594
-0.5873519515217264,1.347893026432266,-0.8072104456380458,0.6665022439895795,1.0,0.0,0.0,0.0,11.199597325534862
-0.6340714076633585,1.337915900900763,-0.802530490598744,-1.4808739393838062,1.0,0.0,0.0,0.0,11.302216779257382
-0.2840678672518041,1.407755779621297,-0.8446500859524395,-1.0036792319674983,1.0,0.0,0.0,0.0,11.87340018062404
-0.24043513889556542,1.3828129657925363,-0.858689951070338,0.5074373415174769,1.0,0.0,0.0,0.0,11.51293546492023
-0.42574344085935106,1.4277100306843096,-0.8820897262668332,-0.28788717084303633,1.0,0.0,0.0,0.0,11.921725007667265
-0.15071076343879178,1.4426757189815602,-0.9008095464240301,-0.6060169757872417,1.0,0.0,0.0,0.0,11.989786776470444
-0.5033824922750083,1.4127443423870518,-0.9429291417777256,-1.4013414881477548,1.0,0.0,0.0,0.0,12.275136847806356
-0.0252012726394915,1.3828129657925363,-0.9897286921707161,-2.0376010980361654,1.0,0.0,0.0,0.0,12.004574385508691
-0.5593621317728203,1.337915900900763,-1.0084485123279163,-1.1627441344396008,1.0,0.0,0.0,0.0,11.83138646878959
-0.43856120878174737,1.347893026432266,-0.9663289169742209,-1.3218090369117035,1.0,0.0,0.0,0.0,11.760574294255605
-0.7958891880060995,1.4227214679185547,-0.9710088720135193,-1.2422765856756521,1.0,0.0,0.0,0.0,11.719134432217524
-0.5020222393526315,1.5424469742966098,-0.947609096817024,-1.6399388418559087,1.0,0.0,0.0,0.0,11.655301379246426
1.2524424434129104,1.4975499094048434,-0.9335692316991255,-1.4808739393838062,1.0,0.0,0.0,0.0,12.75275081654168
-0.42213353887304356,1.402767216855542,-1.0178084224065131,-1.7990037443280114,1.0,0.0,0.0,0.0,12.063362110324636
-0.6873305413164171,1.5723783508911253,-0.9944086472100179,-0.20835471960698504,1.0,0.0,0.0,0.0,11.54346436927906
-0.8858751505633303,1.4825842211075857,-1.0037685572886146,-1.0036792319674983,1.0,0.0,0.0,0.0,11.63956692643747
-1.0283354854722484,1.4376871562158124,-0.9990886022493162,-1.2422765856756521,1.0,0.0,0.0,0.0,11.955692780409043
-0.6039365736907043,1.587344039188383,-0.8493300409917379,-1.0832116832035494,1.0,0.0,0.0,0.0,11.217224661591072
-0.4475598050374704,1.4277100306843096,-0.7931705805201473,-1.3218090369117035,1.0,0.0,0.0,0.0,11.101960259016467
-1.007774739376323,1.5274812859993518,-0.8165703557166426,-0.6060169757872417,1.0,0.0,0.0,0.0,11.0186455364637
-0.5601468930741915,1.4775956583418308,-0.7978505355594456,0.5074373415174769,1.0,0.0,0.0,0.0,11.128747176317603
-0.18597270458040435,1.4975499094048434,-0.7650908502843503,-0.6855494270232929,1.0,0.0,0.0,0.0,11.246365410473757
-1.1464682200386593,1.5624012253596224,-0.7978505355594456,-0.9241467807314468,1.0,0.0,0.0,0.0,11.389638560778947
-1.0944123870477032,1.6023097274856408,-0.8212503107559409,-1.4013414881477548,1.0,0.0,0.0,0.0,11.270866642542865
-0.26926203736593407,1.522492723233604,-0.7791307154022488,-1.2422765856756521,1.0,0.0,0.0,0.0,11.403121759615027
-1.260729465518306,1.5274812859993518,-0.7838106704415472,-1.0036792319674983,1.0,0.0,0.0,0.0,11.020283511637867
-0.6546321537592839,1.5175041604678492,-0.7884906254808456,-0.8446143294953956,1.0,0.0,0.0,0.0,11.130214506480655
-1.13945768574641,1.532469848765107,-0.7884906254808456,-1.4808739393838062,1.0,0.0,0.0,0.0,11.106474871430772
-1.1182691306093877,1.5274812859993518,-0.7931705805201473,-1.3218090369117035,1.0,0.0,0.0,0.0,11.097425172408931
-0.8046785145814569,1.5424469742966098,-0.7838106704415472,-1.4013414881477548,1.0,0.0,0.0,0.0,11.400887146781374
-0.323567519420821,1.5474355370623647,-0.7931705805201473,-0.8446143294953956,1.0,0.0,0.0,0.0,11.352768449837729
-1.0862508695134427,1.5424469742966098,-0.7931705805201473,-1.4808739393838062,1.0,0.0,0.0,0.0,11.302216779257382
0.08654873667576689,1.532469848765107,-0.7744507603629505,-1.8785361955640627,1.0,0.0,0.0,0.0,11.894104711087113
0.10287177174428787,1.5274812859993518,-0.8399701309131378,-1.0036792319674983,1.0,0.0,0.0,0.0,11.51293546492023
-1.2313270754269316,1.467618532810328,-0.8165703557166426,-0.5264845245511903,1.0,0.0,0.0,0.0,11.170449240431308
-0.0987595652880185,1.522492723233604,-0.8399701309131378,-0.9241467807314468,1.0,0.0,0.0,0.0,11.778369597156942
-1.0251964402667635,1.512515597702094,-0.8259302657952426,-1.0036792319674983,1.0,0.0,0.0,0.0,11.161962746590705
-0.25456084232024706,1.4975499094048434,-0.8399701309131378,-0.8446143294953956,1.0,0.0,0.0,0.0,12.346708119309138
0.9861990925677088,1.5075270349363463,-0.8399701309131378,-0.04928981713488239,1.0,0.0,0.0,0.0,13.122367377396328
-0.6737280120926498,1.5175041604678492,-0.8399701309131378,-0.04928981713488239,1.0,0.0,0.0,0.0,11.976665770490767
-0.2028189138498394,1.522492723233604,-0.8352901758738395,-1.2422765856756521,1.0,0.0,0.0,0.0,11.630717389475995
-0.9271012775953638,1.532469848765107,-0.8493300409917379,-1.0036792319674983,1.0,0.0,0.0,0.0,11.37940550085183
-0.48099063647588336,1.5374584115308618,-0.8493300409917379,-0.12882226837093372,1.0,0.0,0.0,0.0,11.095908894882296
-0.7089376358141708,1.522492723233604,-0.8493300409917379,-0.6060169757872417,1.0,0.0,0.0,0.0,11.885874268401459
-1.2120742648332914,1.512515597702094,-0.8493300409917379,-1.3218090369117035,1.0,0.0,0.0,0.0,11.65789988570203
-0.66336916291455,1.5025384721705914,-0.8446500859524395,0.5869697927535281,1.0,0.0,0.0,0.0,12.681999323836905
-0.10964158866703241,1.5424469742966098,-0.858689951070338,-1.0832116832035494,1.0,0.0,0.0,0.0,11.407576060361786
-0.9200907433031145,1.512515597702094,-0.8540099960310363,0.18930753657327157,1.0,0.0,0.0,0.0,11.72885102917796
-0.3803319202200043,1.512515597702094,-0.8540099960310363,-0.3674196220790877,1.0,0.0,0.0,0.0,12.203073151542435
-0.07150218942039231,1.5374584115308618,-0.858689951070338,-1.2422765856756521,1.0,0.0,0.0,0.0,11.91103693456627
-0.8656806264080447,1.512515597702094,-0.858689951070338,-0.5264845245511903,1.0,0.0,0.0,0.0,12.12215284831553
-0.38708086741179665,1.4975499094048434,-0.8774097712275348,-0.28788717084303633,1.0,0.0,0.0,0.0,12.61686023076031
0.0509728910136061,1.512515597702094,-0.8633699061096364,-0.8446143294953956,1.0,0.0,0.0,0.0,12.369894975232734
-0.6944457104488492,1.5175041604678492,-0.8680498611489348,-0.8446143294953956,1.0,0.0,0.0,0.0,12.303657509006147
0.42336828722428543,1.5175041604678492,-0.8212503107559409,-1.8785361955640627,1.0,0.0,0.0,0.0,11.737675724836684
-1.1278955359062077,1.5424469742966098,-0.8399701309131378,-1.8785361955640627,1.0,0.0,0.0,0.0,11.83138646878959
-0.652120917594896,1.5424469742966098,-0.8633699061096364,-1.1627441344396008,1.0,0.0,0.0,0.0,11.885874268401459
0.22749186640203412,1.5474355370623647,-0.8399701309131378,-2.0376010980361654,1.0,0.0,0.0,0.0,11.86710429621008
0.03899220181267252,1.5524240998281196,-0.8493300409917379,-1.7990037443280114,1.0,0.0,0.0,0.0,11.554077005184336
-0.7463445911795312,1.5474355370623647,-0.8540099960310363,-1.71947129309196,1.0,0.0,0.0,0.0,11.417526281205168
-0.9077961495816325,1.5524240998281196,-0.8633699061096364,-1.4808739393838062,1.0,0.0,0.0,0.0,11.823354355742923
-0.18518794327903312,1.5673897881253702,-0.8540099960310363,-1.6399388418559087,1.0,0.0,0.0,0.0,11.65356528276954
0.558818087840954,1.5723783508911253,-0.8633699061096364,-1.3218090369117035,1.0,0.0,0.0,0.0,12.560247968016562
1.1862609069972727,1.5673897881253702,-0.8680498611489348,-0.9241467807314468,1.0,0.0,0.0,0.0,12.354927900740968
-0.4135011645579603,1.5574126625938676,-0.8680498611489348,-1.0036792319674983,1.0,0.0,0.0,0.0,11.810070125585671
1.9628606908342103,1.5723783508911253,-0.8774097712275348,-1.1627441344396008,1.0,0.0,0.0,0.0,12.741691364642852
1.5677595343038575,1.582355476422628,-0.8680498611489348,-1.6399388418559087,1.0,0.0,0.0,0.0,12.465359101477507
-0.1361142032332876,1.5574126625938676,-0.858689951070338,-1.5604063906198575,1.0,0.0,0.0,0.0,11.503894811084523
-0.2596879494892055,1.6023097274856408,-0.8680498611489348,-1.7990037443280114,1.0,0.0,0.0,0.0,12.385477452742727
0.10867900537443467,1.592332601954138,-0.8867696813061317,-1.71947129309196,1.0,0.0,0.0,0.0,12.178192583415596
0.0835666437305563,1.6172754157828986,-0.8820897262668332,-1.8785361955640627,1.0,0.0,0.0,0.0,11.973516181427835
-0.3095464508363222,1.6272525413144014,-0.8914496363454334,-0.7650818782593443,1.0,0.0,0.0,0.0,11.789806920177805
-1.3059317164772868,1.5524240998281196,-0.8680498611489348,-0.28788717084303633,1.0,0.0,0.0,0.0,10.915106645867503
0.27960001681308194,1.5474355370623647,-0.8727298161882332,-0.20835471960698504,1.0,0.0,0.0,0.0,11.715874472198905
-0.2930141460874358,1.5474355370623647,-0.8680498611489348,-0.12882226837093372,1.0,0.0,0.0,0.0,11.640447588047344
0.06886544868486953,1.592332601954138,-0.8914496363454334,-1.4808739393838062,1.0,0.0,0.0,0.0,11.80932691294063
-0.2952114777312752,1.5973211647198857,-0.8961295913847318,-0.9241467807314468,1.0,0.0,0.0,0.0,11.706030338921243
-0.16708611592740405,1.587344039188383,-0.8961295913847318,-0.7650818782593443,1.0,0.0,0.0,0.0,11.759793355371237
1.6255179660847778,1.587344039188383,-0.9101694565026303,-1.4808739393838062,1.0,0.0,0.0,0.0,12.383385848096506
-0.45734316259456465,1.5973211647198857,-0.8961295913847318,-0.7650818782593443,1.0,0.0,0.0,0.0,11.933614104849879
-0.8540138417276596,1.5624012253596224,-0.8727298161882332,-0.8446143294953956,1.0,0.0,0.0,0.0,11.487617913343598
-0.05418512337013448,1.5673897881253702,-0.8820897262668332,-0.3674196220790877,1.0,0.0,0.0,0.0,13.122367377396328
2.1514126728436636,1.5624012253596224,-0.8867696813061317,-1.8785361955640627,1.0,0.0,0.0,0.0,12.90743846040215
-0.26805873670383157,1.5773669136568802,-0.8867696813061317,-0.28788717084303633,1.0,0.0,0.0,0.0,12.036475785297062
-0.7378691691247222,1.5773669136568802,-0.8867696813061317,-0.9241467807314468,1.0,0.0,0.0,0.0,12.088420226343088
-0.866099165768776,1.5723783508911253,-0.9148494115419287,-1.0832116832035494,1.0,0.0,0.0,0.0,11.837187748284698
2.053055923071807,1.5973211647198857,-0.9101694565026303,-1.71947129309196,1.0,0.0,0.0,0.0,12.670124221397808
1.8635099100806167,1.6172754157828986,-0.8961295913847318,-1.4013414881477548,1.0,0.0,0.0,0.0,12.774509413971375
0.9498384856041763,1.637229666845904,-0.919529366581227,-1.3218090369117035,1.0,0.0,0.0,0.0,12.351475171599722
-0.5169327040786843,1.6322411040801563,-0.9148494115419287,-1.4808739393838062,1.0,0.0,0.0,0.0,11.83138646878959
-0.5009758909508033,1.6272525413144014,-0.919529366581227,-1.0832116832035494,1.0,0.0,0.0,0.0,11.444657330797734
-0.2840678672518041,1.6272525413144014,-0.919529366581227,-1.4013414881477548,1.0,0.0,0.0,0.0,11.427378469795439
-0.12601694115564469,1.6272525413144014,-0.9242093216205287,-1.71947129309196,1.0,0.0,0.0,0.0,11.49273296168228
-0.40162511019720953,1.6521953551431618,-0.8961295913847318,-1.4808739393838062,1.0,0.0,0.0,0.0,11.569315250157509
-0.31022657729751063,1.6721496062061747,-0.9054895014633285,-1.5604063906198575,1.0,0.0,0.0,0.0,11.733674150882164
-0.033362790173751995,1.6621724806746718,-0.8774097712275348,-1.5604063906198575,1.0,0.0,0.0,0.0,11.47937902264955
0.4411562100553658,1.637229666845904,-0.8867696813061317,-1.7990037443280114,1.0,0.0,0.0,0.0,12.202571523749763
-0.3657876774345916,1.637229666845904,-0.8961295913847318,-1.8785361955640627,1.0,0.0,0.0,0.0,12.02814741073532
-0.2186710921375376,1.657183917908917,-0.8540099960310363,-0.3674196220790877,1.0,0.0,0.0,0.0,11.119897691565697
-0.9685366743077631,1.657183917908917,-0.8820897262668332,0.3483724390453742,1.0,0.0,0.0,0.0,10.819798284210286
-0.05298182270803199,1.6621724806746718,-0.8961295913847318,-0.28788717084303633,1.0,0.0,0.0,0.0,11.444657330797734
-0.5841082714760589,1.6621724806746718,-0.9008095464240301,-1.4808739393838062,1.0,0.0,0.0,0.0,11.461642696843066
-0.4227613479141405,1.6621724806746718,-0.8914496363454334,-1.1627441344396008,1.0,0.0,0.0,0.0,11.553116860704856
-0.29589160419246335,1.6721496062061747,-0.8867696813061317,-0.20835471960698504,1.0,0.0,0.0,0.0,11.147656555612986
-0.42323220469496325,1.6771381689719296,-0.8820897262668332,-0.5264845245511903,1.0,0.0,0.0,0.0,11.130214506480655
-0.8158221250609279,1.6771381689719296,-0.8961295913847318,-0.04928981713488239,1.0,0.0,0.0,0.0,11.140425970684525
-0.9179457290793664,1.6721496062061747,-0.8914496363454334,0.7460346952256308,1.0,0.0,0.0,0.0,11.134603622683905
-0.529174980380075,1.6671610434404196,-0.8914496363454334,0.03024263410116893,1.0,0.0,0.0,0.0,11.185823192802378
-1.1342259437372688,1.6771381689719296,-0.9008095464240301,-0.7650818782593443,1.0,0.0,0.0,0.0,11.316922746420394
-1.1295696933491328,1.6721496062061747,-0.8961295913847318,-0.04928981713488239,1.0,0.0,0.0,0.0,10.981914140544825
-0.8252392606773822,1.6821267317376773,-0.9054895014633285,-0.20835471960698504,1.0,0.0,0.0,0.0,11.01206667357142
-1.0964527664312684,1.6671610434404196,-0.8961295913847318,0.2688399878093229,1.0,0.0,0.0,0.0,11.250274159310356
-0.7493266841247418,1.6671610434404196,-0.9008095464240301,-0.9241467807314468,1.0,0.0,0.0,0.0,11.407576060361786
-0.9360475564309955,1.7270237966294508,-0.9335692316991255,-0.6855494270232929,1.0,0.0,0.0,0.0,11.346882686945893
-1.161744906705352,1.707069545566438,-0.9335692316991255,-1.4808739393838062,1.0,0.0,0.0,0.0,11.088292827848269
0.0043580697121568404,1.6771381689719296,-0.9242093216205287,-0.7650818782593443,1.0,0.0,0.0,0.0,11.521895117095363
-1.200878336933729,1.6771381689719296,-0.9148494115419287,0.42790489028142553,1.0,0.0,0.0,0.0,11.51293546492023
-0.45247764252606315,1.657183917908917,-0.9148494115419287,-1.0036792319674983,1.0,0.0,0.0,0.0,12.812302081080515
3.3580093324119265,1.6521953551431618,-0.9288892766598271,-2.0376010980361654,1.0,0.0,0.0,0.0,12.854225075218725
-0.9142835096729677,1.697092420034935,-0.9850487371314177,-1.2422765856756521,1.0,0.0,0.0,0.0,10.978507040265917
-1.1626343028469062,1.7220352338636957,-0.9850487371314177,-0.9241467807314468,1.0,0.0,0.0,0.0,11.51293546492023
-1.12057109709341,1.7769094242869719,-0.9944086472100179,-0.3674196220790877,1.0,0.0,0.0,0.0,11.103467395592086
-0.963461884558896,1.8617149913047635,-1.0037685572886146,-0.6855494270232929,1.0,0.0,0.0,0.0,11.140425970684525
-0.8414576609057204,1.7020809828006902,-0.9148494115419287,-1.3218090369117035,1.0,0.0,0.0,0.0,11.02518140064756
-0.6826742909282812,1.697092420034935,-0.919529366581227,-0.8446143294953956,1.0,0.0,0.0,0.0,11.095908894882296
-1.017924318874057,1.697092420034935,-0.9242093216205287,-0.5264845245511903,1.0,0.0,0.0,0.0,10.768506042432708
-1.1230300158377065,1.6871152945034324,-0.919529366581227,-1.0036792319674983,1.0,0.0,0.0,0.0,11.119897691565697
-0.8696044329149006,1.6921038572691802,-0.919529366581227,-0.28788717084303633,1.0,0.0,0.0,0.0,11.107975224295076
-0.7854257039878169,1.6921038572691802,-0.9101694565026303,-0.9241467807314468,1.0,0.0,0.0,0.0,11.951186847493476
-0.6999913569785391,1.6871152945034324,-0.9101694565026303,-1.4013414881477548,1.0,0.0,0.0,0.0,11.211833885608513
-0.7592669939421103,1.7419894849267086,-0.8306102208345411,-1.0036792319674983,1.0,0.0,0.0,0.0,11.239816684367907
-1.1778063546734159,2.1710058827814147,-0.9803687820921193,-0.8446143294953956,1.0,0.0,0.0,0.0,10.887455624298198
-1.365835162481955,2.445376834897795,-0.802530490598744,-0.9241467807314468,1.0,0.0,0.0,0.0,10.221977646629885
-0.3628579019094723,1.9914176232143284,-0.8212503107559409,-0.6060169757872417,1.0,0.0,0.0,0.0,11.180259973491848
-0.3487321984847907,2.2907313891594696,-0.8493300409917379,-1.0832116832035494,1.0,0.0,0.0,0.0,11.174665631549477
-1.1828288270021916,2.5351709646813414,-0.7791307154022488,-0.9241467807314468,1.0,0.0,0.0,0.0,11.37940550085183
-0.4765959731882047,2.455353960429298,-0.9522890518563224,-0.04928981713488239,1.0,0.0,0.0,0.0,11.460589521950299
-1.170220328760161,2.44038827213204,-1.0037685572886146,-0.6855494270232929,1.0,0.0,0.0,0.0,10.70101727068921
-1.1642561428697398,2.500251025321071,-0.9101694565026303,-0.9241467807314468,1.0,0.0,0.0,0.0,11.358619773129229
-0.35814933410124516,2.4952624625553232,-0.9335692316991255,-1.1627441344396008,1.0,0.0,0.0,0.0,11.203692838488003
-1.0208540943991762,2.4952624625553232,-0.9663289169742209,-0.6855494270232929,1.0,0.0,0.0,0.0,11.089820688682373
-0.9380356183944693,2.4952624625553232,-0.9897286921707161,-0.12882226837093372,1.0,0.0,0.0,0.0,10.714439990727769
-0.8883863867277181,2.4852853370238135,-0.947609096817024,0.42790489028142553,1.0,0.0,0.0,0.0,10.975088291957388
-0.8895896873898206,2.4753082114923104,-0.9429291417777256,-1.0036792319674983,1.0,0.0,0.0,0.0,11.026808713825016
-0.6260145249692808,2.4802967742580653,-0.9429291417777256,-1.0036792319674983,1.0,0.0,0.0,0.0,11.367911253546788
-0.27857453814220573,2.4902738997895684,-0.9382491867384238,0.03024263410116893,1.0,0.0,0.0,0.0,11.211833885608513
-1.7475430594689056,2.4703196487265555,-0.9429291417777256,-0.20835471960698504,1.0,0.0,0.0,0.0,12.524530013005734
-0.6275317301519318,2.4902738997895684,-0.947609096817024,-0.28788717084303633,1.0,0.0,0.0,0.0,11.319352851746254
-1.1778063546734159,2.4802967742580653,-0.9522890518563224,-0.6060169757872417,1.0,0.0,0.0,0.0,11.034905792929415
0.021151961561500607,-0.926891594750829,1.3783285577147364,0.5074373415174769,1.0,0.0,0.0,0.0,11.955692780409043
0.11558490482650138,-0.926891594750829,1.373648602675438,0.7460346952256308,1.0,0.0,0.0,0.0,12.00579687207606
0.026592973251007443,-0.9318801575165769,1.3783285577147364,1.1436969514058875,1.0,0.0,0.0,0.0,11.898874704662955
-0.1501352718177862,-0.926891594750829,1.373648602675438,1.3822943051140413,1.0,0.0,0.0,0.0,11.863589378812122
-0.05245864850711792,-0.9318801575165769,1.373648602675438,1.8594890125303492,1.0,0.0,0.0,0.0,12.010671928196443
-0.4475598050374704,-0.9318801575165769,1.3783285577147364,1.064164500169836,1.0,0.0,0.0,0.0,11.910365121788654
-0.20135402608727976,-0.9368687202823318,1.3783285577147364,1.2232294026419388,1.0,0.0,0.0,0.0,11.944064817531656
0.007915654278373012,-0.9418572830480797,1.3783285577147364,1.8594890125303492,1.0,0.0,0.0,0.0,12.109567251742098
-1.098545463234925,-0.9418572830480797,1.3783285577147364,0.9050995976977334,1.0,0.0,0.0,0.0,11.606424915484219
-1.1949664684633994,-0.9468458458138347,1.3783285577147364,1.2232294026419388,1.0,0.0,0.0,0.0,11.65356528276954
-0.8107473353120608,-0.9468458458138347,1.3783285577147364,1.1436969514058875,1.0,0.0,0.0,0.0,11.83138646878959
-0.6166497067729179,-0.9468458458138347,1.3783285577147364,1.8594890125303492,1.0,0.0,0.0,0.0,11.60186082325361
-0.9763842873214752,-0.9518344085795896,1.3783285577147364,1.8594890125303492,1.0,0.0,0.0,0.0,11.454247073019193
-1.1763937843309478,-0.9518344085795896,1.3783285577147364,1.541359207586144,1.0,0.0,0.0,0.0,11.853681370708943
-1.2937417575959875,-0.9568229713453374,1.3783285577147364,1.8594890125303492,1.0,0.0,0.0,0.0,11.410903813540878
-1.1848168889656654,-0.9518344085795896,1.3830085127540381,1.8594890125303492,1.0,0.0,0.0,0.0,11.163382173096926
-1.488414877756136,-0.9568229713453374,1.3830085127540381,-0.6855494270232929,1.0,0.0,0.0,0.0,11.350418300109132
-1.2759015173448156,-0.9568229713453374,1.3783285577147364,1.8594890125303492,1.0,0.0,0.0,0.0,12.036475785297062
-1.6342235275509047,-0.9618115341110924,1.3783285577147364,-1.8785361955640627,1.0,0.0,0.0,0.0,11.998439434579149
-0.6770763269785001,-0.9618115341110924,1.3783285577147364,-0.6855494270232929,1.0,0.0,0.0,0.0,11.736077016252437
-0.27114546448922494,-0.9618115341110924,1.373648602675438,-1.5604063906198575,1.0,0.0,0.0,0.0,11.258046118484
-1.5468534359982447,-0.9568229713453374,1.3783285577147364,1.8594890125303492,1.0,0.0,0.0,0.0,11.83138646878959
-1.376612551020786,-0.9518344085795896,1.3783285577147364,1.064164500169836,1.0,0.0,0.0,0.0,11.83138646878959
-1.2797730064315802,-0.9518344085795896,1.373648602675438,1.4618267563500926,1.0,0.0,0.0,0.0,11.86147448281689
-1.1778063546734159,-0.9518344085795896,1.373648602675438,1.8594890125303492,1.0,0.0,0.0,0.0,12.141539457711714
-1.1088519949929334,-0.9568229713453374,1.373648602675438,1.6208916588221953,1.0,0.0,0.0,0.0,11.448930795918299
-1.3892210492628168,-0.9568229713453374,1.373648602675438,0.7460346952256308,1.0,0.0,0.0,0.0,11.383966460172834
-0.8931472719560367,-0.9468458458138347,1.373648602675438,0.8255671464616822,1.0,0.0,0.0,0.0,11.918397239722838
-1.0594643504266392,-0.9518344085795896,1.373648602675438,0.7460346952256308,1.0,0.0,0.0,0.0,11.644839300053654
-0.4470889482566476,-0.9468458458138347,1.373648602675438,1.8594890125303492,1.0,0.0,0.0,0.0,12.206077645517674
-1.3980103758381741,-0.9468458458138347,1.373648602675438,1.7004241100582467,1.0,0.0,0.0,0.0,12.032320268218989
-1.1975823394679703,-0.9518344085795896,1.3783285577147364,1.8594890125303492,1.0,0.0,0.0,0.0,11.967187086434018
0.3943321190735509,-0.9368687202823318,1.3689686476361396,1.8594890125303492,1.0,0.0,0.0,0.0,12.362225605170924
-0.5007666212704377,-0.9418572830480797,1.3689686476361396,1.8594890125303492,1.0,0.0,0.0,0.0,11.624475784206961
-0.37562335241177713,-0.9418572830480797,1.373648602675438,1.8594890125303492,1.0,0.0,0.0,0.0,11.849404844423074
-0.3336124640783724,-0.9418572830480797,1.373648602675438,1.8594890125303492,1.0,0.0,0.0,0.0,12.269990661694345
-0.38080277700082704,-0.9418572830480797,1.373648602675438,1.8594890125303492,1.0,0.0,0.0,0.0,11.97603664577121
-0.9528937657004305,-0.9418572830480797,1.373648602675438,1.8594890125303492,1.0,0.0,0.0,0.0,11.96209480994468
-0.3628579019094723,-0.926891594750829,1.3689686476361396,0.9846320489337848,1.0,0.0,0.0,0.0,11.788289480716973
-0.0834828786213259,-0.9318801575165769,1.3689686476361396,1.30276185387799,1.0,0.0,0.0,0.0,11.789806920177805
-0.5347206269097647,-0.9318801575165769,1.3689686476361396,1.8594890125303492,1.0,0.0,0.0,0.0,11.845109950883979
-0.698212564695431,-0.926891594750829,1.3689686476361396,1.7004241100582467,1.0,0.0,0.0,0.0,11.74325116281265
-0.4093680883707388,-0.926891594750829,1.3689686476361396,1.3822943051140413,1.0,0.0,0.0,0.0,11.833565894429414
0.649065637498642,-0.9368687202823318,1.373648602675438,1.8594890125303492,1.0,0.0,0.0,0.0,12.356649805075568
0.08654873667576689,-0.9368687202823318,1.3689686476361396,1.8594890125303492,1.0,0.0,0.0,0.0,12.065666245536807
-0.6458951446040178,-0.9219030319850741,1.3642886925968378,0.5074373415174769,1.0,0.0,0.0,0.0,11.501874628783144
-0.5979723878002834,-0.926891594750829,1.3642886925968378,1.2232294026419388,1.0,0.0,0.0,0.0,11.513934955263402
-1.2490103634178293,-0.9368687202823318,1.3642886925968378,-0.7650818782593443,1.0,0.0,0.0,0.0,11.259335592686217
-0.6546321537592839,-0.9368687202823318,1.3689686476361396,1.779956561294298,1.0,0.0,0.0,0.0,11.705205603408396
-0.46780664661284727,-0.9318801575165769,1.3642886925968378,1.3822943051140413,1.0,0.0,0.0,0.0,11.48247656671073
-0.3930450533022178,-0.9468458458138347,1.3689686476361396,1.8594890125303492,1.0,0.0,0.0,0.0,11.357452244304588
-0.8704415116363633,-0.9418572830480797,1.3689686476361396,1.8594890125303492,1.0,0.0,0.0,0.0,11.552155793461898
-1.38786079634044,-0.9418572830480797,1.3642886925968378,1.8594890125303492,1.0,0.0,0.0,0.0,11.134603622683905
-1.428511431751468,-0.9468458458138347,1.3642886925968378,1.541359207586144,1.0,0.0,0.0,0.0,11.088292827848269
-1.0385896998101654,-0.9468458458138347,1.3689686476361396,1.8594890125303492,1.0,0.0,0.0,0.0,11.360950749348124
-0.970053879490414,-0.9468458458138347,1.3689686476361396,1.779956561294298,1.0,0.0,0.0,0.0,11.470028402317833
-1.1214081758148726,-0.9468458458138347,1.3689686476361396,1.2232294026419388,1.0,0.0,0.0,0.0,11.386239162597649
-0.9769597789424805,-0.9518344085795896,1.3689686476361396,1.2232294026419388,1.0,0.0,0.0,0.0,11.640447588047344
-0.5988617839418374,-0.9518344085795896,1.3689686476361396,1.3822943051140413,1.0,0.0,0.0,0.0,11.810812786275873
-1.0967143535317254,-0.9518344085795896,1.373648602675438,0.7460346952256308,1.0,0.0,0.0,0.0,11.646590598651017
-1.357621327527603,-0.9568229713453374,1.3689686476361396,1.064164500169836,1.0,0.0,0.0,0.0,11.37940550085183
-1.0332533229608412,-0.9568229713453374,1.3689686476361396,0.5074373415174769,1.0,0.0,0.0,0.0,11.372524818667134
-1.130459089490687,-0.9568229713453374,1.373648602675438,1.779956561294298,1.0,0.0,0.0,0.0,11.597275804538212
-1.2582705467740094,-0.9618115341110924,1.373648602675438,0.9846320489337848,1.0,0.0,0.0,0.0,11.457423325808623
-0.8916823841934771,-0.9618115341110924,1.373648602675438,1.2232294026419388,1.0,0.0,0.0,0.0,11.37940550085183
-0.8753593491249562,-0.9668000968768474,1.373648602675438,0.5869697927535281,1.0,0.0,0.0,0.0,11.448930795918299
-1.4988260443543273,-0.9618115341110924,1.373648602675438,1.30276185387799,1.0,0.0,0.0,0.0,11.289794413577894
-1.4378239325277398,-0.9618115341110924,1.3689686476361396,1.3822943051140413,1.0,0.0,0.0,0.0,11.720760435616398
-1.4708362246054212,-0.9668000968768474,1.3689686476361396,1.1436969514058875,1.0,0.0,0.0,0.0,11.83138646878959
-0.5412603044211914,-0.9668000968768474,1.3642886925968378,1.30276185387799,1.0,0.0,0.0,0.0,11.834291315386718
-0.5690931719098232,-0.9668000968768474,1.3642886925968378,1.3822943051140413,1.0,0.0,0.0,0.0,11.829202282877098
-0.257333665585092,-0.9568229713453374,1.3642886925968378,1.8594890125303492,1.0,0.0,0.0,0.0,11.925703766372617
0.9228426968370073,-0.9618115341110924,1.3642886925968378,1.8594890125303492,1.0,0.0,0.0,0.0,12.253914741377207
-0.10639790862136492,-0.9568229713453374,1.3689686476361396,1.8594890125303492,1.0,0.0,0.0,0.0,11.833565894429414
-0.6865980974351373,-0.9568229713453374,1.3596087375575394,1.4618267563500926,1.0,0.0,0.0,0.0,11.719947764402807
2.334262056063152,-0.9618115341110924,1.3596087375575394,1.8594890125303492,1.0,0.0,0.0,0.0,12.913618170638928
0.6066885272245971,-0.9568229713453374,1.3642886925968378,1.779956561294298,1.0,0.0,0.0,0.0,12.319852122072682
0.711480319667698,-0.9618115341110924,1.3642886925968378,1.6208916588221953,1.0,0.0,0.0,0.0,12.374975404956045
-0.07422269526514574,-0.9618115341110924,1.3596087375575394,1.2232294026419388,1.0,0.0,0.0,0.0,12.099605962739451
1.6884035050346569,-0.9518344085795896,1.3642886925968378,1.8594890125303492,1.0,0.0,0.0,0.0,12.34017075254176
0.2702875160368103,-0.9518344085795896,1.3642886925968378,1.8594890125303492,1.0,0.0,0.0,0.0,11.998439434579149
-0.9380356183944693,-0.9518344085795896,1.3689686476361396,1.7004241100582467,1.0,0.0,0.0,0.0,11.454247073019193
0.5148191375440754,-0.9518344085795896,1.3642886925968378,1.8594890125303492,1.0,0.0,0.0,0.0,12.164734893029634
-0.5347206269097647,-0.9518344085795896,1.3689686476361396,1.8594890125303492,1.0,0.0,0.0,0.0,11.736077016252437
-1.507510736089502,-0.9468458458138347,1.3642886925968378,1.541359207586144,1.0,0.0,0.0,0.0,11.088292827848269
-1.4939082068657346,-0.9468458458138347,1.3642886925968378,0.03024263410116893,1.0,0.0,0.0,0.0,10.929547069355774
-1.3646318618198525,-0.9468458458138347,1.3596087375575394,1.4618267563500926,1.0,0.0,0.0,0.0,10.945547126244623
-1.40747982887472,-0.9468458458138347,1.3642886925968378,-0.3674196220790877,1.0,0.0,0.0,0.0,11.112462823634855
-0.9689552136684944,-0.9468458458138347,1.3642886925968378,1.8594890125303492,1.0,0.0,0.0,0.0,11.457423325808623
-1.2587937209749236,-0.9368687202823318,1.3596087375575394,0.9846320489337848,1.0,0.0,0.0,0.0,10.97337452485014
-1.0688291686230023,-0.9418572830480797,1.3596087375575394,1.541359207586144,1.0,0.0,0.0,0.0,10.971657815702502
-0.9777445402438517,-0.9418572830480797,1.3642886925968378,0.9050995976977334,1.0,0.0,0.0,0.0,10.950824090522445
-0.4311844525488581,-0.9219030319850741,1.3596087375575394,0.03024263410116893,1.0,0.0,0.0,0.0,11.58989576532275
-0.4705271524576007,-0.926891594750829,1.3596087375575394,1.1436969514058875,1.0,0.0,0.0,0.0,11.437134538982278
-0.37996569827936455,-0.926891594750829,1.3596087375575394,1.2232294026419388,1.0,0.0,0.0,0.0,11.527823929632195
-0.6837206393301096,-0.9318801575165769,1.3596087375575394,1.2232294026419388,1.0,0.0,0.0,0.0,11.433893080082035
-1.0085595006776942,-0.9368687202823318,1.3596087375575394,1.541359207586144,1.0,0.0,0.0,0.0,11.369066641827967
-0.7733926973667917,-0.9219030319850741,1.3596087375575394,-0.8446143294953956,1.0,0.0,0.0,0.0,11.38054769238444
-0.4976798934850443,-0.9219030319850741,1.3596087375575394,0.03024263410116893,1.0,0.0,0.0,0.0,11.454247073019193
-0.74001418334847,-0.926891594750829,1.3596087375575394,1.064164500169836,1.0,0.0,0.0,0.0,11.525851561856362
-0.33267075051672684,-0.9318801575165769,1.3596087375575394,0.8255671464616822,1.0,0.0,0.0,0.0,11.446796346169297
-0.6996774524579906,-0.9318801575165769,1.3596087375575394,1.4618267563500926,1.0,0.0,0.0,0.0,11.234546649377918
-0.35673676375877705,-0.9169144692193192,1.354928782518241,0.5074373415174769,1.0,0.0,0.0,0.0,11.277215789596893
-0.47220130990052595,-0.9169144692193192,1.354928782518241,0.6665022439895795,1.0,0.0,0.0,0.0,11.185823192802378
-0.24482980218324413,-0.9219030319850741,1.354928782518241,0.5869697927535281,1.0,0.0,0.0,0.0,11.181653682515929
-0.3952423849460571,-0.926891594750829,1.354928782518241,0.5869697927535281,1.0,0.0,0.0,0.0,11.322986972837104
-0.37122868912409845,-0.926891594750829,1.354928782518241,0.5869697927535281,1.0,0.0,0.0,0.0,11.313266479778829
-0.8104334307915124,-0.9318801575165769,1.354928782518241,0.6665022439895795,1.0,0.0,0.0,0.0,11.297266335365645
-1.0502041670704592,-0.9169144692193192,1.3502488274789426,-0.28788717084303633,1.0,0.0,0.0,0.0,11.109473329472568
-1.0118031807233618,-0.9219030319850741,1.345568872439641,-0.6060169757872417,1.0,0.0,0.0,0.0,11.382828169079987
-0.6730478856314613,-0.926891594750829,1.3502488274789426,1.1436969514058875,1.0,0.0,0.0,0.0,11.185823192802378
-1.2993397215457687,-0.926891594750829,1.3502488274789426,0.10977508533722025,1.0,0.0,0.0,0.0,11.268315653289422
-0.578928846887009,-0.9318801575165769,1.3502488274789426,0.7460346952256308,1.0,0.0,0.0,0.0,11.246365410473757
0.42692587179050157,-0.9618115341110924,1.354928782518241,0.8255671464616822,1.0,0.0,0.0,0.0,12.165255859329688
-0.18476940391830188,-0.9618115341110924,1.354928782518241,0.6665022439895795,1.0,0.0,0.0,0.0,11.646590598651017
0.1955259227261808,-0.9668000968768474,1.354928782518241,0.42790489028142553,1.0,0.0,0.0,0.0,12.164734893029634
0.7519216853983605,-0.9668000968768474,1.354928782518241,0.5869697927535281,1.0,0.0,0.0,0.0,12.285812230343542
-0.8469509900153187,-0.9618115341110924,1.3502488274789426,0.6665022439895795,1.0,0.0,0.0,0.0,10.987003123724813
1.4308448459246295,-0.9668000968768474,1.345568872439641,0.18930753657327157,1.0,0.0,0.0,0.0,12.435599778363322
0.11558490482650138,-0.9668000968768474,1.3502488274789426,0.10977508533722025,1.0,0.0,0.0,0.0,12.10846532932714
-0.7991851854718585,-0.9518344085795896,1.354928782518241,0.7460346952256308,1.0,0.0,0.0,0.0,11.528808656597766
-0.3930450533022178,-0.9568229713453374,1.354928782518241,0.9050995976977334,1.0,0.0,0.0,0.0,11.779902152762993
-1.142125874171072,-0.9568229713453374,1.3596087375575394,0.6665022439895795,1.0,0.0,0.0,0.0,11.269591961359195
-0.7963077273668308,-0.9518344085795896,1.354928782518241,1.1436969514058875,1.0,0.0,0.0,0.0,11.551193801680078
-0.4630980788046201,-0.9518344085795896,1.3502488274789426,0.5869697927535281,1.0,0.0,0.0,0.0,11.476271853988816
-0.40539196444379133,-0.9568229713453374,1.3502488274789426,0.6665022439895795,1.0,0.0,0.0,0.0,11.480412603789821
-0.2540899855394243,-0.9568229713453374,1.354928782518241,1.064164500169836,1.0,0.0,0.0,0.0,11.729656499978892
-0.9901437688055167,-0.9518344085795896,1.354928782518241,0.6665022439895795,1.0,0.0,0.0,0.0,11.03973275601109
-1.2883007459064808,-0.9468458458138347,1.3596087375575394,0.5869697927535281,1.0,0.0,0.0,0.0,10.868587496017359
-1.2628221623219624,-0.9468458458138347,1.354928782518241,1.1436969514058875,1.0,0.0,0.0,0.0,10.904137815028022
-1.314040916591456,-0.9468458458138347,1.354928782518241,1.2232294026419388,1.0,0.0,0.0,0.0,11.088292827848269
-0.49930173350787804,-0.9568229713453374,1.345568872439641,-0.8446143294953956,1.0,0.0,0.0,0.0,11.937545932118134
-0.2915492583248762,-0.9568229713453374,1.3408889174003427,0.2688399878093229,1.0,0.0,0.0,0.0,11.344518647594766
-0.442066475927872,-0.9568229713453374,1.3408889174003427,0.10977508533722025,1.0,0.0,0.0,0.0,11.383966460172834
-0.3659446296948657,-0.9568229713453374,1.345568872439641,0.10977508533722025,1.0,0.0,0.0,0.0,11.283524879179666
0.21566812946137487,-0.9717886596425952,1.354928782518241,0.18930753657327157,1.0,0.0,0.0,0.0,11.984808576881369
-0.1582967893520467,-0.9717886596425952,1.354928782518241,0.10977508533722025,1.0,0.0,0.0,0.0,12.050593583794214
-0.4080601528684535,-0.9717886596425952,1.345568872439641,-0.446952073315139,1.0,0.0,0.0,0.0,11.963370312187111
0.11704979258906079,-0.9668000968768474,1.3362089623610443,-0.6060169757872417,1.0,0.0,0.0,0.0,11.972253562968545
0.6073163362656939,-0.9668000968768474,1.3408889174003427,-0.28788717084303633,1.0,0.0,0.0,0.0,12.101828173530544
1.3859041820661053,-0.986754347939853,1.345568872439641,-1.1627441344396008,1.0,0.0,0.0,0.0,12.286735161083115
0.98661763192844,-0.986754347939853,1.3408889174003427,-1.5604063906198575,1.0,0.0,0.0,0.0,12.22881702007325
0.17329101918732995,-0.9817657851741052,1.3408889174003427,-1.0832116832035494,1.0,0.0,0.0,0.0,12.120520203776788
0.18066777542021922,-0.9817657851741052,1.345568872439641,-0.9241467807314468,1.0,0.0,0.0,0.0,12.29179611018331
1.3552461738925374,-0.9767772224083502,1.3408889174003427,-0.9241467807314468,1.0,0.0,0.0,0.0,12.286735161083115
-0.37436773432958337,-0.9767772224083502,1.345568872439641,-0.6855494270232929,1.0,0.0,0.0,0.0,12.094587859196112
0.509273491014386,-0.9717886596425952,1.3408889174003427,-0.7650818782593443,1.0,0.0,0.0,0.0,12.124868013083418
0.5257011609230895,-0.9767772224083502,1.3315290073217425,-1.8785361955640627,1.0,0.0,0.0,0.0,12.26528921768626
-0.134283093530088,-0.9717886596425952,1.3362089623610443,-1.8785361955640627,1.0,0.0,0.0,0.0,11.93689170019576
0.6633482931835976,-0.9817657851741052,1.3362089623610443,-1.7990037443280114,1.0,0.0,0.0,0.0,12.069685751267224
-0.37562335241177713,-0.9518344085795896,1.3502488274789426,0.42790489028142553,1.0,0.0,0.0,0.0,11.470028402317833
-0.6715829978689017,-0.9518344085795896,1.345568872439641,-0.3674196220790877,1.0,0.0,0.0,0.0,11.18859323930985
-1.3123144417284391,-0.9518344085795896,1.3408889174003427,-0.446952073315139,1.0,0.0,0.0,0.0,11.160541302448653
-0.6356409302661007,-0.9568229713453374,1.3362089623610443,-0.20835471960698504,1.0,0.0,0.0,0.0,11.260623406285792
-0.5961412780970838,-0.9618115341110924,1.3362089623610443,0.03024263410116893,1.0,0.0,0.0,0.0,11.267037714175425
-0.26544286569926095,-0.9618115341110924,1.3362089623610443,0.2688399878093229,1.0,0.0,0.0,0.0,11.331415578682627
-0.5970829916587294,-0.9568229713453374,1.3362089623610443,-0.20835471960698504,1.0,0.0,0.0,0.0,11.219909190927746
-0.8124738101750774,-0.9468458458138347,1.3362089623610443,-0.9241467807314468,1.0,0.0,0.0,0.0,11.274680966120778
-0.6477262543072173,-0.9468458458138347,1.3315290073217425,-0.28788717084303633,1.0,0.0,0.0,0.0,11.241129864948206
-0.7987143286910358,-0.9568229713453374,1.326849052282444,-0.20835471960698504,1.0,0.0,0.0,0.0,11.127277689932466
-0.3170801593294858,-0.9468458458138347,1.3315290073217425,-0.3674196220790877,1.0,0.0,0.0,0.0,11.116930374363438
-1.091953468303407,-0.9368687202823318,1.3596087375575394,0.7460346952256308,1.0,0.0,0.0,0.0,11.010415172807951
-1.1012136516595867,-0.9368687202823318,1.354928782518241,0.7460346952256308,1.0,0.0,0.0,0.0,11.154835234271214
-0.8937750809971337,-0.9368687202823318,1.354928782518241,0.42790489028142553,1.0,0.0,0.0,0.0,11.230575816507569
-0.7335791406772264,-0.9368687202823318,1.354928782518241,0.42790489028142553,1.0,0.0,0.0,0.0,11.373674891823535
-1.102364634901598,-0.9418572830480797,1.3596087375575394,0.8255671464616822,1.0,0.0,0.0,0.0,11.065090289695444
-1.085884647572803,-0.9418572830480797,1.354928782518241,0.6665022439895795,1.0,0.0,0.0,0.0,11.088292827848269
-1.2279264431209898,-0.9418572830480797,1.3596087375575394,0.5869697927535281,1.0,0.0,0.0,0.0,10.92775337907558
-1.3700728735093595,-0.9468458458138347,1.3502488274789426,-0.20835471960698504,1.0,0.0,0.0,0.0,11.109473329472568
-1.2047498260204939,-0.9418572830480797,1.345568872439641,-0.8446143294953956,1.0,0.0,0.0,0.0,11.608244735642321
-0.610110029261491,-0.9368687202823318,1.3408889174003427,-0.28788717084303633,1.0,0.0,0.0,0.0,11.507922973347437
-1.1287326146276702,-0.9468458458138347,1.3408889174003427,-0.9241467807314468,1.0,0.0,0.0,0.0,11.83138646878959
-0.13145795284515174,-0.9468458458138347,1.345568872439641,1.8594890125303492,1.0,0.0,0.0,0.0,11.289794413577894
-1.075525798394703,-0.9468458458138347,1.3502488274789426,1.064164500169836,1.0,0.0,0.0,0.0,11.008760940077243
-0.8641634212253938,-0.9368687202823318,1.345568872439641,0.03024263410116893,1.0,0.0,0.0,0.0,11.237185138527495
-0.6526440917958101,-0.9368687202823318,1.3502488274789426,0.6665022439895795,1.0,0.0,0.0,0.0,11.173262142245258
-0.6890570161794336,-0.9368687202823318,1.3502488274789426,0.6665022439895795,1.0,0.0,0.0,0.0,11.160541302448653
-0.8907929880519231,-0.9418572830480797,1.3502488274789426,0.03024263410116893,1.0,0.0,0.0,0.0,11.185823192802378
-1.1490317736231386,-0.9418572830480797,1.345568872439641,0.2688399878093229,1.0,0.0,0.0,0.0,11.339773736496767
-0.6101623466815826,-0.9418572830480797,1.3502488274789426,0.42790489028142553,1.0,0.0,0.0,0.0,11.091346218718432
-0.8696567503349921,-0.9318801575165769,1.345568872439641,-0.12882226837093372,1.0,0.0,0.0,0.0,11.319352851746254
0.11077170217809143,-0.9318801575165769,1.3408889174003427,-0.12882226837093372,1.0,0.0,0.0,0.0,11.480412603789821
-1.2951543279384556,-0.9318801575165769,1.3408889174003427,-0.6855494270232929,1.0,0.0,0.0,0.0,11.487617913343598
-0.5558045472066043,-0.9219030319850741,1.345568872439641,-1.0832116832035494,1.0,0.0,0.0,0.0,11.412010608265987
-0.44536247339363105,-0.9219030319850741,1.3408889174003427,-0.3674196220790877,1.0,0.0,0.0,0.0,11.383966460172834
-0.6807908638049903,-0.9418572830480797,1.3362089623610443,-1.0832116832035494,1.0,0.0,0.0,0.0,11.588969419043872
-0.17995620126989167,-0.9368687202823318,1.3362089623610443,0.42790489028142553,1.0,0.0,0.0,0.0,11.606424915484219
-0.2555548733019839,-0.9318801575165769,1.3362089623610443,0.18930753657327157,1.0,0.0,0.0,0.0,11.60186082325361
-0.48088600163570056,-0.9368687202823318,1.3315290073217425,-0.04928981713488239,1.0,0.0,0.0,0.0,11.54346436927906
-0.42574344085935106,-0.926891594750829,1.3315290073217425,-1.3218090369117035,1.0,0.0,0.0,0.0,11.413116179350727
-0.6016869246267736,-0.9318801575165769,1.3315290073217425,-1.3218090369117035,1.0,0.0,0.0,0.0,11.606424915484219
-0.17582312508267015,-0.9368687202823318,1.3315290073217425,-0.3674196220790877,1.0,0.0,0.0,0.0,11.499850357082506
-0.1849786735986675,-0.9418572830480797,1.3315290073217425,-1.6399388418559087,1.0,0.0,0.0,0.0,11.441440204346033
-0.2685295934846544,-0.9219030319850741,1.3362089623610443,-0.9241467807314468,1.0,0.0,0.0,0.0,11.542493975902508
-0.9995609044219711,-0.9219030319850741,1.3315290073217425,-1.2422765856756521,1.0,0.0,0.0,0.0,11.661354090741
-0.1462114653109303,-0.9119259064535713,1.3362089623610443,-1.3218090369117035,1.0,0.0,0.0,0.0,11.574029971623514
-0.4769098777087531,-0.9019487809220613,1.3362089623610443,-1.4013414881477548,1.0,0.0,0.0,0.0,11.598194491615347
-0.9783723492849487,-0.9069373436878163,1.345568872439641,-0.7650818782593443,1.0,0.0,0.0,0.0,11.429554725537322
-1.3179647230983118,-0.9219030319850741,1.3689686476361396,-0.6060169757872417,1.0,0.0,0.0,0.0,10.915106645867503
0.2553770513107574,-0.9069373436878163,1.3689686476361396,-0.7650818782593443,1.0,0.0,0.0,0.0,11.83065893676428
0.2367520497582145,-0.9019487809220613,1.3642886925968378,-0.446952073315139,1.0,0.0,0.0,0.0,11.803361242493628
0.42802453761242104,-0.9019487809220613,1.3642886925968378,-0.20835471960698504,1.0,0.0,0.0,0.0,11.782196591288216
-0.18231048517400536,-0.9069373436878163,1.3642886925968378,-0.28788717084303633,1.0,0.0,0.0,0.0,11.745631152988125
-1.0316314829380073,-0.9069373436878163,1.3642886925968378,-0.8446143294953956,1.0,0.0,0.0,0.0,11.946660519211651
0.5879065734117799,-0.9119259064535713,1.3642886925968378,-0.20835471960698504,1.0,0.0,0.0,0.0,11.86710429621008
-1.0251964402667635,-0.9169144692193192,1.3642886925968378,-1.1627441344396008,1.0,0.0,0.0,0.0,11.959538914341756
-0.4976798934850443,-0.9119259064535713,1.3642886925968378,-0.7650818782593443,1.0,0.0,0.0,0.0,11.866402300407264
-1.5427726772311143,-0.9119259064535713,1.354928782518241,0.7460346952256308,1.0,0.0,0.0,0.0,11.119897691565697
-1.5464348966375134,-0.9518344085795896,1.3830085127540381,1.1436969514058875,1.0,0.0,0.0,0.0,11.315705475634307
-1.1254889345820027,-0.9618115341110924,1.3830085127540381,1.1436969514058875,1.0,0.0,0.0,0.0,11.119897691565697
-0.5509913445581942,-0.9318801575165769,1.3876884677933365,-1.0036792319674983,1.0,0.0,0.0,0.0,11.83138646878959
0.716031935215651,-0.8969602181563135,1.373648602675438,-0.5264845245511903,1.0,0.0,0.0,0.0,12.866182555987908
2.3675359352412912,-0.9069373436878163,1.373648602675438,0.3483724390453742,1.0,0.0,0.0,0.0,12.732872991266813
1.0282099809011132,-0.9119259064535713,1.373648602675438,-0.28788717084303633,1.0,0.0,0.0,0.0,12.603508942150482
-0.33063037113316185,-0.9169144692193192,1.373648602675438,-1.0036792319674983,1.0,0.0,0.0,0.0,12.158462035413251
1.7090688859707648,-0.9119259064535713,1.3689686476361396,-0.5264845245511903,1.0,0.0,0.0,0.0,12.700161995927848
-1.1149731331436286,-0.9219030319850741,1.3876884677933365,-0.446952073315139,1.0,0.0,0.0,0.0,11.403121759615027
-0.8533337152664712,-0.9219030319850741,1.3876884677933365,0.5074373415174769,1.0,0.0,0.0,0.0,11.540550359582348
-0.004745161383748984,-0.9219030319850741,1.3876884677933365,0.5869697927535281,1.0,0.0,0.0,0.0,11.620891583095712
-0.8929903196957624,-0.926891594750829,1.3923684228326347,0.3483724390453742,1.0,0.0,0.0,0.0,11.468984026707245
-0.6445872091017324,-0.9318801575165769,1.3923684228326347,0.42790489028142553,1.0,0.0,0.0,0.0,10.915106645867503
-0.20815529069916344,-0.9169144692193192,1.3923684228326347,0.5869697927535281,1.0,0.0,0.0,0.0,11.566475710526321
-0.9569745244675608,-0.9169144692193192,1.3876884677933365,-1.0036792319674983,1.0,0.0,0.0,0.0,11.554077005184336
-0.6423375600378018,-0.9169144692193192,1.3830085127540381,-0.8446143294953956,1.0,0.0,0.0,0.0,11.648338835562747
-0.707211160951154,-0.9169144692193192,1.3830085127540381,-0.9241467807314468,1.0,0.0,0.0,0.0,11.503894811084523
-0.41187932453512655,-0.9169144692193192,1.3783285577147364,-0.8446143294953956,1.0,0.0,0.0,0.0,11.859355104555387
-0.48151381067679744,-0.9069373436878163,1.3923684228326347,0.5869697927535281,1.0,0.0,0.0,0.0,11.824819546736247
-0.707577382891794,-0.9069373436878163,1.3876884677933365,-0.5264845245511903,1.0,0.0,0.0,0.0,11.685205103383671
0.1425806935936704,-0.9119259064535713,1.3923684228326347,0.6665022439895795,1.0,0.0,0.0,0.0,11.823354355742923
-0.4502803108822238,-0.9019487809220613,1.3830085127540381,0.5869697927535281,1.0,0.0,0.0,0.0,11.542493975902508
-0.8631693902436569,-0.9069373436878163,1.3830085127540381,0.3483724390453742,1.0,0.0,0.0,0.0,11.590821254278314
-0.5630766685993108,-0.9069373436878163,1.3830085127540381,0.42790489028142553,1.0,0.0,0.0,0.0,11.640447588047344
-0.7010377053803672,-0.9119259064535713,1.3830085127540381,-0.28788717084303633,1.0,0.0,0.0,0.0,11.732871910985468
-0.9590149038511258,-0.9119259064535713,1.3830085127540381,-0.8446143294953956,1.0,0.0,0.0,0.0,11.962732764429129
-0.3226258058591757,-0.9019487809220613,1.3830085127540381,0.5869697927535281,1.0,0.0,0.0,0.0,11.499850357082506
-0.5389060205170778,-0.9069373436878163,1.3783285577147364,0.5869697927535281,1.0,0.0,0.0,0.0,11.444657330797734
1.2892739071572654,-0.9069373436878163,1.3783285577147364,0.9846320489337848,1.0,0.0,0.0,0.0,13.013220160790162
-0.04618055809614833,-0.8969602181563135,1.3876884677933365,0.5074373415174769,1.0,0.0,0.0,0.0,11.82628259408539
1.0240245872938,-0.8969602181563135,1.3876884677933365,0.5869697927535281,1.0,0.0,0.0,0.0,12.554265215639417
1.5541570050800901,-0.9019487809220613,1.3876884677933365,0.5869697927535281,1.0,0.0,0.0,0.0,13.0089729301901
-0.14176448460316007,-0.9019487809220613,1.3923684228326347,0.42790489028142553,1.0,0.0,0.0,0.0,11.909020140718255
-0.1874899097630553,-0.8969602181563135,1.3830085127540381,0.5869697927535281,1.0,0.0,0.0,0.0,12.244336169955224
1.8091521106056383,-0.8969602181563135,1.3783285577147364,0.6665022439895795,1.0,0.0,0.0,0.0,12.543976000470021
0.613908331197212,-0.9019487809220613,1.3783285577147364,0.7460346952256308,1.0,0.0,0.0,0.0,12.16369214550422
0.3426948254433261,-0.9019487809220613,1.3830085127540381,0.7460346952256308,1.0,0.0,0.0,0.0,12.151621739551222
0.4701923782061003,-0.8969602181563135,1.3830085127540381,0.5869697927535281,1.0,0.0,0.0,0.0,12.176133921127343
-0.5741679616586903,-0.8869830926248036,1.3923684228326347,-0.12882226837093372,1.0,0.0,0.0,0.0,11.658764556186767
0.640067041242919,-0.8869830926248036,1.3876884677933365,-0.12882226837093372,1.0,0.0,0.0,0.0,12.04414765726144
0.3076421539820791,-0.8919716553905586,1.3876884677933365,0.5074373415174769,1.0,0.0,0.0,0.0,11.798111925972618
-0.0006644026166187388,-0.8919716553905586,1.3876884677933365,0.5869697927535281,1.0,0.0,0.0,0.0,11.80261302508661
0.6136467440967551,-0.8919716553905586,1.3923684228326347,0.5074373415174769,1.0,0.0,0.0,0.0,11.878269721588795
0.7575719667682329,-0.8869830926248036,1.3830085127540381,0.03024263410116893,1.0,0.0,0.0,0.0,12.490126895384028
0.6144838228182176,-0.8919716553905586,1.3830085127540381,0.2688399878093229,1.0,0.0,0.0,0.0,12.32696639345598
2.403268733163727,-0.8919716553905586,1.3783285577147364,-0.28788717084303633,1.0,0.0,0.0,0.0,12.748399843328054
2.501259260994943,-0.8869830926248036,1.3783285577147364,-0.6855494270232929,1.0,0.0,0.0,0.0,12.67670420258797
2.0544161759941835,-0.8819945298590558,1.3783285577147364,-0.8446143294953956,1.0,0.0,0.0,0.0,12.495756463152594
1.0678665853304046,-0.8819945298590558,1.3830085127540381,-0.446952073315139,1.0,0.0,0.0,0.0,12.32785212918379
2.183587886199883,-0.8819945298590558,1.3830085127540381,-0.5264845245511903,1.0,0.0,0.0,0.0,12.847929163278053
0.8825582833666191,-0.8919716553905586,1.4064082879505333,-0.3674196220790877,1.0,0.0,0.0,0.0,12.073689165230697
0.5225097982975133,-0.8919716553905586,1.4017283329112349,-0.04928981713488239,1.0,0.0,0.0,0.0,11.894104711087113
-0.23352923944349896,-0.8869830926248036,1.3970483778719331,-0.04928981713488239,1.0,0.0,0.0,0.0,12.00762780434872
-0.6932947272068383,-0.8869830926248036,1.3923684228326347,-0.28788717084303633,1.0,0.0,0.0,0.0,11.806348526363516
0.0062414968354477405,-0.8919716553905586,1.3923684228326347,0.6665022439895795,1.0,0.0,0.0,0.0,11.979805470779858
-0.42809772476346475,-0.8919716553905586,1.3970483778719331,0.42790489028142553,1.0,0.0,0.0,0.0,11.798111925972618
0.4457601430234101,-0.8919716553905586,1.4017283329112349,0.10977508533722025,1.0,0.0,0.0,0.0,12.010671928196443
0.3844441266762741,-0.8969602181563135,1.4064082879505333,0.5869697927535281,1.0,0.0,0.0,0.0,11.844392338493027
-0.9046047869560561,-0.9019487809220613,1.4064082879505333,-0.7650818782593443,1.0,0.0,0.0,0.0,11.87340018062404
-0.6351177560651866,-0.8969602181563135,1.4017283329112349,0.2688399878093229,1.0,0.0,0.0,0.0,11.701071692055445
0.49342131272668754,-0.8969602181563135,1.4017283329112349,0.6665022439895795,1.0,0.0,0.0,0.0,11.85723122498801
0.38528120539773664,-0.8969602181563135,1.4017283329112349,0.10977508533722025,1.0,0.0,0.0,0.0,11.930325731537252
-1.155414498874291,-0.8969602181563135,1.3970483778719331,-0.12882226837093372,1.0,0.0,0.0,0.0,12.02035131605286
-0.8769811891477899,-0.9019487809220613,1.3970483778719331,0.42790489028142553,1.0,0.0,0.0,0.0,11.665655135642039
-0.16415634040228502,-0.9019487809220613,1.3970483778719331,0.9846320489337848,1.0,0.0,0.0,0.0,11.655301379246426
-0.45116970702377784,-0.8969602181563135,1.3970483778719331,1.1436969514058875,1.0,0.0,0.0,0.0,11.65789988570203
-0.06245127574457778,-0.8969602181563135,1.3923684228326347,1.064164500169836,1.0,0.0,0.0,0.0,11.752737324967208
-0.4148614174803371,-0.8969602181563135,1.3923684228326347,0.8255671464616822,1.0,0.0,0.0,0.0,11.644839300053654
-0.4539425302886228,-0.9019487809220613,1.3923684228326347,-0.12882226837093372,1.0,0.0,0.0,0.0,11.751162533892076
-0.5728600261564051,-0.9069373436878163,1.4017283329112349,0.10977508533722025,1.0,0.0,0.0,0.0,11.686046493072437
-0.03634488311896256,-0.9069373436878163,1.4017283329112349,0.42790489028142553,1.0,0.0,0.0,0.0,11.921060339411943
-0.7392817394671903,-0.9069373436878163,1.3923684228326347,0.5074373415174769,1.0,0.0,0.0,0.0,11.963370312187111
-0.8328252865906371,-0.9069373436878163,1.3970483778719331,-0.12882226837093372,1.0,0.0,0.0,0.0,12.046496440791149
-1.077043003577354,-0.9069373436878163,1.3970483778719331,1.30276185387799,1.0,0.0,0.0,0.0,11.98854454800156
-0.7111349674580102,-0.9119259064535713,1.4017283329112349,0.10977508533722025,1.0,0.0,0.0,0.0,11.778369597156942
-0.8617045024810973,-0.9119259064535713,1.3970483778719331,-0.04928981713488239,1.0,0.0,0.0,0.0,11.636920278634463
-0.9864292319790264,-0.9119259064535713,1.3923684228326347,0.3483724390453742,1.0,0.0,0.0,0.0,11.685205103383671
-0.9404945371387657,-0.9219030319850741,1.3970483778719331,0.3483724390453742,1.0,0.0,0.0,0.0,11.391898423211194
-0.8887002912482665,-0.9219030319850741,1.3923684228326347,0.42790489028142553,1.0,0.0,0.0,0.0,11.34333452885509
-1.3114250455868854,-0.926891594750829,1.3923684228326347,0.9050995976977334,1.0,0.0,0.0,0.0,11.08523008522044
-0.9698969272301398,-0.9219030319850741,1.3970483778719331,0.9846320489337848,1.0,0.0,0.0,0.0,11.080618310893968
-1.1573502434176735,-0.926891594750829,1.4017283329112349,1.1436969514058875,1.0,0.0,0.0,0.0,11.112462823634855
-1.0123786723443673,-0.9219030319850741,1.4017283329112349,1.064164500169836,1.0,0.0,0.0,0.0,11.199597325534862
-0.9481851978922035,-0.926891594750829,1.3970483778719331,0.5869697927535281,1.0,0.0,0.0,0.0,11.19822841866684
-1.0448154728010435,-0.9318801575165769,1.3923684228326347,0.9846320489337848,1.0,0.0,0.0,0.0,11.055656405795794
-0.8134678411568143,-0.9169144692193192,1.4064082879505333,0.9846320489337848,1.0,0.0,0.0,0.0,11.109473329472568
-1.0251964402667635,-0.9169144692193192,1.4064082879505333,0.7460346952256308,1.0,0.0,0.0,0.0,11.072884439922198
-1.0542849258375893,-0.9219030319850741,1.4064082879505333,1.064164500169836,1.0,0.0,0.0,0.0,11.010415172807951
-1.1891592348332525,-0.9219030319850741,1.4064082879505333,1.2232294026419388,1.0,0.0,0.0,0.0,10.97679912709094
-0.9303449576410315,-0.9219030319850741,1.4110882429898317,-0.6060169757872417,1.0,0.0,0.0,0.0,10.815790343132422
-0.36971148394144754,-0.926891594750829,1.4110882429898317,-0.8446143294953956,1.0,0.0,0.0,0.0,11.256754979390998
-0.959799665152497,-0.926891594750829,1.4064082879505333,0.42790489028142553,1.0,0.0,0.0,0.0,11.095908894882296
-1.4839678970483658,-0.9318801575165769,1.4064082879505333,-0.28788717084303633,1.0,0.0,0.0,0.0,11.036517370851499
-0.024468828758211797,-0.9318801575165769,1.4110882429898317,-0.04928981713488239,1.0,0.0,0.0,0.0,11.713422508992204
-1.332038109102902,-0.9318801575165769,1.4017283329112349,0.7460346952256308,1.0,0.0,0.0,0.0,11.038126355768453
-1.323667321888276,-0.9318801575165769,1.4017283329112349,0.3483724390453742,1.0,0.0,0.0,0.0,10.93133754807084
-1.0283354854722484,-0.9318801575165769,1.3970483778719331,0.6665022439895795,1.0,0.0,0.0,0.0,11.07753193632009
-1.2752737083037184,-0.9318801575165769,1.3970483778719331,0.6665022439895795,1.0,0.0,0.0,0.0,11.0186455364637
-0.6484063807684057,-0.9368687202823318,1.4110882429898317,-1.8785361955640627,1.0,0.0,0.0,0.0,11.608244735642321
-0.3517666088500928,-0.9418572830480797,1.4110882429898317,-1.6399388418559087,1.0,0.0,0.0,0.0,11.546369912189585
-0.033362790173751995,-0.9418572830480797,1.4110882429898317,-1.1627441344396008,1.0,0.0,0.0,0.0,11.43605521971203
-1.0511981980521958,-0.9368687202823318,1.4064082879505333,-0.446952073315139,1.0,0.0,0.0,0.0,11.01206667357142
-1.1591290357007815,-0.9418572830480797,1.4064082879505333,-0.6855494270232929,1.0,0.0,0.0,0.0,11.112462823634855
-1.2118126777328344,-0.9418572830480797,1.4017283329112349,-0.20835471960698504,1.0,0.0,0.0,0.0,11.121378054821049
-1.2747505341028047,-0.9368687202823318,1.4017283329112349,-0.04928981713488239,1.0,0.0,0.0,0.0,10.853232402669228
-0.6863888277547717,-0.9368687202823318,1.3970483778719331,0.6665022439895795,1.0,0.0,0.0,0.0,10.998777662206932
-1.250475251180389,-0.9368687202823318,1.3970483778719331,0.7460346952256308,1.0,0.0,0.0,0.0,11.052491896264268
-1.4826076441259892,-0.9368687202823318,1.3923684228326347,0.2688399878093229,1.0,0.0,0.0,0.0,11.307142836927456
-0.7616212778462238,-0.9418572830480797,1.3923684228326347,1.1436969514058875,1.0,0.0,0.0,0.0,11.017004873924424
-1.4803579950620585,-0.9318801575165769,1.3923684228326347,0.3483724390453742,1.0,0.0,0.0,0.0,11.157692338256169
0.4113352806032601,-0.9368687202823318,1.3876884677933365,1.2232294026419388,1.0,0.0,0.0,0.0,11.97603664577121
-1.4689527974821306,-0.9368687202823318,1.3923684228326347,1.3822943051140413,1.0,0.0,0.0,0.0,11.156264806643742
-1.352180315838096,-0.9418572830480797,1.3923684228326347,1.1436969514058875,1.0,0.0,0.0,0.0,11.101960259016467
-0.9979390643991373,-0.9418572830480797,1.3876884677933365,0.03024263410116893,1.0,0.0,0.0,0.0,11.817472029092508
-1.5372793481215161,-0.9368687202823318,1.3923684228326347,0.42790489028142553,1.0,0.0,0.0,0.0,11.119897691565697
-0.8827884227779369,-0.9468458458138347,1.4017283329112349,0.03024263410116893,1.0,0.0,0.0,0.0,11.146214615088313
-1.1614310021848033,-0.9468458458138347,1.3923684228326347,0.18930753657327157,1.0,0.0,0.0,0.0,11.094390314766315
-1.1735686436460113,-0.9468458458138347,1.3923684228326347,0.5074373415174769,1.0,0.0,0.0,0.0,11.119897691565697
0.0445901657624537,-0.9717886596425952,1.4110882429898317,-0.9241467807314468,1.0,0.0,0.0,0.0,12.710782606695746
-0.10331118083597153,-0.9767772224083502,1.3923684228326347,-1.8785361955640627,1.0,0.0,0.0,0.0,12.094028734547074
-0.06872936615554738,-0.9568229713453374,1.4017283329112349,-1.7990037443280114,1.0,0.0,0.0,0.0,11.769898298682092
-0.08238421279940623,-0.9618115341110924,1.3970483778719331,-1.6399388418559087,1.0,0.0,0.0,0.0,11.80932691294063
-0.6287350308140343,-0.9618115341110924,1.3923684228326347,-1.8785361955640627,1.0,0.0,0.0,0.0,12.323860125621126
-0.35673676375877705,-0.9618115341110924,1.4017283329112349,-1.7990037443280114,1.0,0.0,0.0,0.0,11.669937760751914
0.019896343479306595,-0.9568229713453374,1.3970483778719331,-1.6399388418559087,1.0,0.0,0.0,0.0,11.772987080375044
-0.025672129420314285,-0.9518344085795896,1.3970483778719331,-0.446952073315139,1.0,0.0,0.0,0.0,11.478344372113902
-0.8017487390563378,-0.9518344085795896,1.3923684228326347,-0.8446143294953956,1.0,0.0,0.0,0.0,11.400887146781374
-0.9277814040565522,-0.9668000968768474,1.4298080631470285,-0.04928981713488239,1.0,0.0,0.0,0.0,11.595435894542709
2.177257478368822,-1.0067085990028657,1.4298080631470285,0.2688399878093229,1.0,0.0,0.0,0.0,12.856575860287759
-0.4111991980739381,-0.9219030319850741,1.443847928264927,-1.4808739393838062,1.0,0.0,0.0,0.0,11.428467189677395
0.45167201149374,-0.9318801575165769,1.4485278833042254,-0.28788717084303633,1.0,0.0,0.0,0.0,11.816734299348461
0.07660842685839878,-0.9468458458138347,1.443847928264927,-0.20835471960698504,1.0,0.0,0.0,0.0,11.510933482289435
-0.19010578076762588,-0.9318801575165769,1.4391679732256286,-0.28788717084303633,1.0,0.0,0.0,0.0,11.524863917209606
0.09743076005478102,-0.9219030319850741,1.4344880181863302,-1.4808739393838062,1.0,0.0,0.0,0.0,11.474195031610165
0.057041711744210064,-0.9368687202823318,1.4344880181863302,-0.3674196220790877,1.0,0.0,0.0,0.0,11.412010608265987
-0.007936524009325187,-0.9418572830480797,1.4344880181863302,0.2688399878093229,1.0,0.0,0.0,0.0,11.44999631476691
-0.7200289288735503,-0.926891594750829,1.4298080631470285,-0.04928981713488239,1.0,0.0,0.0,0.0,11.474195031610165
-0.9489176417734831,-0.9318801575165769,1.4251281081077303,-0.7650818782593443,1.0,0.0,0.0,0.0,11.455306945297822
-0.0791405327537385,-0.9219030319850741,1.4251281081077303,0.2688399878093229,1.0,0.0,0.0,0.0,11.628047184686986
-0.12209313464878878,-0.9169144692193192,1.4298080631470285,-0.04928981713488239,1.0,0.0,0.0,0.0,11.56362808494399
-0.3568413985989599,-0.9318801575165769,1.4298080631470285,-0.3674196220790877,1.0,0.0,0.0,0.0,11.460589521950299
-0.8642680560655766,-0.9368687202823318,1.4298080631470285,0.2688399878093229,1.0,0.0,0.0,0.0,11.398647529267592
-0.5456549677088701,-0.9418572830480797,1.4251281081077303,0.5074373415174769,1.0,0.0,0.0,0.0,11.542493975902508
0.596015773525949,-0.9468458458138347,1.4251281081077303,-0.7650818782593443,1.0,0.0,0.0,0.0,11.485564545613576
-0.294949890630818,-0.9418572830480797,1.4298080631470285,-1.4013414881477548,1.0,0.0,0.0,0.0,11.480412603789821
-0.13145795284515174,-0.9468458458138347,1.4344880181863302,0.18930753657327157,1.0,0.0,0.0,0.0,11.421917019425596
-0.6060292704943608,-0.926891594750829,1.4157681980291301,0.5074373415174769,1.0,0.0,0.0,0.0,11.303450570483712
0.06023307436978626,-0.9418572830480797,1.4157681980291301,-2.0376010980361654,1.0,0.0,0.0,0.0,11.699413330633599
-0.7167852488278826,-0.9119259064535713,1.4157681980291301,1.7004241100582467,1.0,0.0,0.0,0.0,11.630717389475995
-0.4148614174803371,-0.8969602181563135,1.4298080631470285,0.03024263410116893,1.0,0.0,0.0,0.0,11.373674891823535
-0.29761807905548016,-0.8969602181563135,1.4251281081077303,0.42790489028142553,1.0,0.0,0.0,0.0,11.340962076644454
0.09994199621916905,-0.9019487809220613,1.4251281081077303,0.5074373415174769,1.0,0.0,0.0,0.0,11.340962076644454
-0.3650029161332204,-0.8969602181563135,1.4251281081077303,0.5869697927535281,1.0,0.0,0.0,0.0,11.331415578682627
-0.3349203995806577,-0.8969602181563135,1.4298080631470285,0.5074373415174769,1.0,0.0,0.0,0.0,11.338583982516495
0.1122889073607426,-0.9069373436878163,1.4298080631470285,0.7460346952256308,1.0,0.0,0.0,0.0,11.592669666556795
-0.6149232319099013,-0.8969602181563135,1.4298080631470285,0.5074373415174769,1.0,0.0,0.0,0.0,11.2922912626048
-0.17441055474020203,-0.8969602181563135,1.4251281081077303,0.03024263410116893,1.0,0.0,0.0,0.0,11.38737357979909
-0.6916728871840044,-0.8969602181563135,1.4251281081077303,0.5074373415174769,1.0,0.0,0.0,0.0,11.196857635323791
-0.7281904464078108,-0.9019487809220613,1.4251281081077303,0.5074373415174769,1.0,0.0,0.0,0.0,11.251573687764477
-1.1073871072303736,-0.9019487809220613,1.4251281081077303,0.9050995976977334,1.0,0.0,0.0,0.0,11.448930795918299
-0.8391556944216982,-0.8969602181563135,1.4204481530684319,0.5869697927535281,1.0,0.0,0.0,0.0,11.274680966120778
-0.691254347823273,-0.8969602181563135,1.4204481530684319,0.5869697927535281,1.0,0.0,0.0,0.0,11.194110418585193
-0.774543680608803,-0.9019487809220613,1.4204481530684319,0.6665022439895795,1.0,0.0,0.0,0.0,11.269591961359195
-0.8357550621157563,-0.9019487809220613,1.4204481530684319,0.7460346952256308,1.0,0.0,0.0,0.0,11.203692838488003
-1.539424362345264,-0.9069373436878163,1.4204481530684319,0.5074373415174769,1.0,0.0,0.0,0.0,11.630717389475995
-0.11921567654376101,-0.8969602181563135,1.4344880181863302,-0.8446143294953956,1.0,0.0,0.0,0.0,11.461642696843066
-0.8559495862710418,-0.9019487809220613,1.4344880181863302,-0.28788717084303633,1.0,0.0,0.0,0.0,11.402005077384885
-0.005896144625759948,-0.9069373436878163,1.4298080631470285,0.10977508533722025,1.0,0.0,0.0,0.0,11.389638560778947
-0.2015109783475541,-0.8969602181563135,1.4344880181863302,-0.20835471960698504,1.0,0.0,0.0,0.0,11.38737357979909
-0.04738385875825082,-0.8819945298590558,1.4298080631470285,-1.0036792319674983,1.0,0.0,0.0,0.0,11.632493573102964
-0.09059804775375802,-0.8819945298590558,1.4298080631470285,-0.9241467807314468,1.0,0.0,0.0,0.0,11.646590598651017
0.22785808834267407,-0.8869830926248036,1.4251281081077303,-0.6855494270232929,1.0,0.0,0.0,0.0,11.695255355062795
0.34892059843420414,-0.8869830926248036,1.443847928264927,-2.1171335492722165,1.0,0.0,0.0,0.0,11.927026509139932
0.029051891995303943,-0.9019487809220613,1.4391679732256286,-1.71947129309196,1.0,0.0,0.0,0.0,11.798111925972618
-0.021329783552726887,-0.9119259064535713,1.4391679732256286,-1.0832116832035494,1.0,0.0,0.0,0.0,11.580593459194764
-0.09279537939759736,-0.8919716553905586,1.4298080631470285,-1.2422765856756521,1.0,0.0,0.0,0.0,11.443586104891608
-0.15489615704610485,-0.8869830926248036,1.4344880181863302,-1.8785361955640627,1.0,0.0,0.0,0.0,11.772215778919925
-0.8592455837368007,-0.8919716553905586,1.4204481530684319,-1.8785361955640627,1.0,0.0,0.0,0.0,11.666513129191083
-0.7805078664992241,-0.8969602181563135,1.4157681980291301,-1.5604063906198575,1.0,0.0,0.0,0.0,11.362114203075018
-0.5654309525034242,-0.8919716553905586,1.4157681980291301,-0.5264845245511903,1.0,0.0,0.0,0.0,11.477308649967686
-0.7423161498324925,-0.8969602181563135,1.4157681980291301,-0.9241467807314468,1.0,0.0,0.0,0.0,11.545402335602985
-1.0353983371845892,-0.9019487809220613,1.4157681980291301,-0.9241467807314468,1.0,0.0,0.0,0.0,11.51792295668052
-0.3612360618866386,-0.9019487809220613,1.4110882429898317,0.42790489028142553,1.0,0.0,0.0,0.0,11.603688960617083
-0.09551588524235077,-0.9069373436878163,1.4064082879505333,0.3483724390453742,1.0,0.0,0.0,0.0,11.505910920476012
0.2082390558083943,-0.8819945298590558,1.4251281081077303,-0.04928981713488239,1.0,0.0,0.0,0.0,11.728044909070785
0.08314810436982505,-0.8819945298590558,1.4204481530684319,0.42790489028142553,1.0,0.0,0.0,0.0,11.682676678340282
-0.43662546423836496,-0.8819945298590558,1.4204481530684319,0.5074373415174769,1.0,0.0,0.0,0.0,11.701071692055445
-0.991817926248442,-0.8819945298590558,1.4157681980291301,-1.0036792319674983,1.0,0.0,0.0,0.0,11.439289689006644
-0.6148185970697184,-0.8869830926248036,1.4157681980291301,-1.6399388418559087,1.0,0.0,0.0,0.0,11.780667550692455
-0.5582634659509006,-0.8819945298590558,1.4157681980291301,-0.9241467807314468,1.0,0.0,0.0,0.0,11.83138646878959
-0.9193582994218346,-0.8819945298590558,1.4157681980291301,-0.8446143294953956,1.0,0.0,0.0,0.0,11.798863517502989
-0.6909404433027245,-0.8869830926248036,1.4157681980291301,-0.3674196220790877,1.0,0.0,0.0,0.0,11.568369632551514
-0.09467880652088825,-0.8919716553905586,1.4157681980291301,-1.1627441344396008,1.0,0.0,0.0,0.0,11.662215780913316
-0.10341581567615435,-0.8969602181563135,1.4064082879505333,-0.12882226837093372,1.0,0.0,0.0,0.0,11.981058595924264
-0.3410938551514445,-0.8869830926248036,1.4110882429898317,-0.6855494270232929,1.0,0.0,0.0,0.0,11.588969419043872
-0.5736971048778675,-0.8770059670933008,1.4157681980291301,-1.0832116832035494,1.0,0.0,0.0,0.0,11.566475710526321
0.3786368930461268,-0.8819945298590558,1.4110882429898317,-0.12882226837093372,1.0,0.0,0.0,0.0,12.201065128819632
-0.5575310220696209,-0.8770059670933008,1.4110882429898317,-0.3674196220790877,1.0,0.0,0.0,0.0,12.118339189722553
-0.03634488311896256,-0.8819945298590558,1.4064082879505333,-1.3218090369117035,1.0,0.0,0.0,0.0,11.989165855127435
-0.7544537912937002,-0.8770059670933008,1.4064082879505333,-0.12882226837093372,1.0,0.0,0.0,0.0,11.691080018519527
-0.06281749768521752,-0.8819945298590558,1.4064082879505333,-0.9241467807314468,1.0,0.0,0.0,0.0,11.847259703415569
0.06661579962093844,-0.8819945298590558,1.4017283329112349,-1.2422765856756521,1.0,0.0,0.0,0.0,11.993504229837974
-0.605924635654178,-0.8770059670933008,1.4017283329112349,-0.446952073315139,1.0,0.0,0.0,0.0,11.962732764429129
-0.8469509900153187,-0.8770059670933008,1.3970483778719331,-0.7650818782593443,1.0,0.0,0.0,0.0,11.81894585784987
-0.7442518943758747,-0.8819945298590558,1.3970483778719331,-0.6855494270232929,1.0,0.0,0.0,0.0,11.938199736300925
-0.6665082081200346,-0.8819945298590558,1.3923684228326347,-0.5264845245511903,1.0,0.0,0.0,0.0,11.864996828675356
-0.9331700983259678,-0.8819945298590558,1.3923684228326347,-1.4013414881477548,1.0,0.0,0.0,0.0,12.02035131605286
-0.6112610125035023,-0.8770059670933008,1.3923684228326347,-0.6060169757872417,1.0,0.0,0.0,0.0,11.904974309480183
0.015710949871993535,-0.8819945298590558,1.3923684228326347,-0.6855494270232929,1.0,0.0,0.0,0.0,11.9959748767362
1.2584589467234228,-0.8770059670933008,1.3876884677933365,-0.28788717084303633,1.0,0.0,0.0,0.0,12.57141343235417
-0.29196779768560743,-0.8570517160302952,1.4017283329112349,-0.3674196220790877,1.0,0.0,0.0,0.0,12.269052139516223
-0.40758929608763067,-0.8620402787960431,1.4017283329112349,0.18930753657327157,1.0,0.0,0.0,0.0,11.918397239722838
-0.4402353662246724,-0.8720174043275458,1.4017283329112349,-0.6855494270232929,1.0,0.0,0.0,0.0,11.921725007667265
-0.4132395774575034,-0.8720174043275458,1.3970483778719331,0.03024263410116893,1.0,0.0,0.0,0.0,12.088982494773598
-0.6207827829601393,-0.8720174043275458,1.3970483778719331,0.3483724390453742,1.0,0.0,0.0,0.0,11.906999271191623
-0.5766791978230781,-0.8720174043275458,1.3923684228326347,-0.5264845245511903,1.0,0.0,0.0,0.0,12.155836686703159
1.4374368408561475,-0.8670288415617979,1.3923684228326347,-0.9241467807314468,1.0,0.0,0.0,0.0,12.69680065849663
0.10831278343379516,-0.8620402787960431,1.4064082879505333,-0.6855494270232929,1.0,0.0,0.0,0.0,11.982935344196433
0.39443675391373395,-0.8670288415617979,1.4064082879505333,-0.7650818782593443,1.0,0.0,0.0,0.0,12.182809136284991
-0.11717529716019601,-0.8720174043275458,1.4064082879505333,-0.7650818782593443,1.0,0.0,0.0,0.0,11.973516181427835
0.6967791246220107,-0.8670288415617979,1.4157681980291301,-0.12882226837093372,1.0,0.0,0.0,0.0,11.823354355742923
0.45088725019236875,-0.8670288415617979,1.4157681980291301,-0.20835471960698504,1.0,0.0,0.0,0.0,11.852969885168331
0.6287141610830823,-0.8720174043275458,1.4157681980291301,-0.20835471960698504,1.0,0.0,0.0,0.0,12.003962581340353
0.03857366245194126,-0.8720174043275458,1.4157681980291301,-0.6060169757872417,1.0,0.0,0.0,0.0,11.874793899360315
-0.4086356444894588,-0.8720174043275458,1.4110882429898317,-0.446952073315139,1.0,0.0,0.0,0.0,11.968456114085114
0.8494936738688459,-0.8670288415617979,1.4110882429898317,-0.6060169757872417,1.0,0.0,0.0,0.0,12.017940238399461
-0.08594179736562217,-0.8620402787960431,1.4157681980291301,-0.6060169757872417,1.0,0.0,0.0,0.0,11.842236406331555
0.1792028876576598,-0.8620402787960431,1.4157681980291301,-0.04928981713488239,1.0,0.0,0.0,0.0,11.843674210764698
0.3408637157401267,-0.8620402787960431,1.4110882429898317,-0.20835471960698504,1.0,0.0,0.0,0.0,11.87965667474488
-0.15228028604153424,-0.8620402787960431,1.4110882429898317,0.5869697927535281,1.0,0.0,0.0,0.0,11.7085004721646
0.8436864402386991,-0.8171432139042697,1.4157681980291301,-1.0832116832035494,1.0,0.0,0.0,0.0,12.35578922352754
0.9294870091886166,-0.8171432139042697,1.4110882429898317,-1.1627441344396008,1.0,0.0,0.0,0.0,12.185875040240456
0.7234086914485403,-0.8321089022015276,1.4064082879505333,-1.2422765856756521,1.0,0.0,0.0,0.0,12.42681732184313
0.40149960562607456,-0.8271203394357797,1.4110882429898317,-0.7650818782593443,1.0,0.0,0.0,0.0,12.268582547911404
0.4878756661969976,-0.8271203394357797,1.4157681980291301,-0.7650818782593443,1.0,0.0,0.0,0.0,12.040614105490253
1.220005642956234,-0.8321089022015276,1.4157681980291301,-1.1627441344396008,1.0,0.0,0.0,0.0,12.430419472617638
-0.04675604971715369,-0.8520631532645402,1.4157681980291301,-0.9241467807314468,1.0,0.0,0.0,0.0,12.283501169971546
0.5983700574300622,-0.8370974649672824,1.4157681980291301,-0.20835471960698504,1.0,0.0,0.0,0.0,12.041203898548972
1.1729722822940536,-0.8420860277330374,1.4157681980291301,-0.7650818782593443,1.0,0.0,0.0,0.0,12.308633746480464
1.2090189847370374,-0.8470745904987853,1.4157681980291301,-0.7650818782593443,1.0,0.0,0.0,0.0,12.147919030759663
0.13703504706398098,-0.8470745904987853,1.4157681980291301,-1.0832116832035494,1.0,0.0,0.0,0.0,12.153731433847984
0.40395852437037083,-0.8420860277330374,1.4110882429898317,-0.9241467807314468,1.0,0.0,0.0,0.0,12.508400690203496
-0.5099221697864348,-0.8470745904987853,1.4110882429898317,-0.28788717084303633,1.0,0.0,0.0,0.0,11.98168457011701
0.2268117399408459,-0.8470745904987853,1.4064082879505333,-0.5264845245511903,1.0,0.0,0.0,0.0,12.271396795480596
0.5028907657632335,-0.8420860277330374,1.4064082879505333,0.9050995976977334,1.0,0.0,0.0,0.0,12.289498853474674
0.7421906452613575,-0.8470745904987853,1.4110882429898317,0.3483724390453742,1.0,0.0,0.0,0.0,12.062785246027499
0.0027885471094146173,-0.8570517160302952,1.4110882429898317,-0.12882226837093372,1.0,0.0,0.0,0.0,11.900233391293936
0.5178535479093778,-0.8520631532645402,1.4064082879505333,-0.3674196220790877,1.0,0.0,0.0,0.0,12.134582014379962
3.3222242170693996,-0.8520631532645402,1.4017283329112349,0.5869697927535281,1.0,0.0,0.0,0.0,12.765691290604371
-0.12894671668076396,-0.8520631532645402,1.4064082879505333,-0.7650818782593443,1.0,0.0,0.0,0.0,12.397110273442197
-0.5121718188503657,-0.8520631532645402,1.4391679732256286,-1.6399388418559087,1.0,0.0,0.0,0.0,11.670792089258995
-0.4473505353571048,-0.8520631532645402,1.4344880181863302,-1.1627441344396008,1.0,0.0,0.0,0.0,11.634266607494453
-0.15761666289085827,-0.8520631532645402,1.4391679732256286,0.5074373415174769,1.0,0.0,0.0,0.0,11.63956692643747
-0.6668744300606746,-0.8520631532645402,1.4251281081077303,-1.1627441344396008,1.0,0.0,0.0,0.0,11.705205603408396
0.10339494594520217,-0.8620402787960431,1.4298080631470285,-0.6060169757872417,1.0,0.0,0.0,0.0,11.656168298529856
0.0006958503057580871,-0.8720174043275458,1.4298080631470285,-1.4013414881477548,1.0,0.0,0.0,0.0,11.732069026983156
-1.029067929353528,-0.8770059670933008,1.4251281081077303,-1.2422765856756521,1.0,0.0,0.0,0.0,11.869907361794104
-0.5512529316586513,-0.8620402787960431,1.4391679732256286,-0.9241467807314468,1.0,0.0,0.0,0.0,11.511934974596555
-0.1566226319091214,-0.8570517160302952,1.4391679732256286,0.2688399878093229,1.0,0.0,0.0,0.0,11.550230883578887
-0.8344471266134711,-0.8620402787960431,1.443847928264927,-1.0832116832035494,1.0,0.0,0.0,0.0,11.789806920177805
0.038887566972489705,-0.8670288415617979,1.443847928264927,-1.4013414881477548,1.0,0.0,0.0,0.0,11.713422508992204
0.3391372408771099,-0.8720174043275458,1.4391679732256286,-1.1627441344396008,1.0,0.0,0.0,0.0,11.755879486687116
0.265421995968309,-0.8670288415617979,1.4391679732256286,-0.8446143294953956,1.0,0.0,0.0,0.0,11.532737896139919
0.2553247338906661,-0.8720174043275458,1.4344880181863302,-0.9241467807314468,1.0,0.0,0.0,0.0,11.735276702486741
-0.3305780537130703,-0.8720174043275458,1.4344880181863302,-1.0036792319674983,1.0,0.0,0.0,0.0,11.681832447342321
-0.4216626820922208,-0.8720174043275458,1.4344880181863302,-1.0036792319674983,1.0,0.0,0.0,0.0,11.744045122410057
-0.5699825680513773,-0.8770059670933008,1.4344880181863302,-1.0832116832035494,1.0,0.0,0.0,0.0,11.676752039127939
0.42692587179050157,-0.8770059670933008,1.4298080631470285,-1.0832116832035494,1.0,0.0,0.0,0.0,11.717505780625043
-0.1501352718177862,-0.8720174043275458,1.4251281081077303,-0.28788717084303633,1.0,0.0,0.0,0.0,11.894104711087113
-0.5407894476403686,-0.8720174043275458,1.4204481530684319,-1.4808739393838062,1.0,0.0,0.0,0.0,11.779902152762993
-0.3861391538501513,-0.8720174043275458,1.4204481530684319,-0.6060169757872417,1.0,0.0,0.0,0.0,11.425197467633199
0.14650450010052654,-0.8670288415617979,1.4204481530684319,-0.20835471960698504,1.0,0.0,0.0,0.0,11.818209214992565
-1.0014966489653534,-0.8770059670933008,1.4204481530684319,-0.9241467807314468,1.0,0.0,0.0,0.0,11.776834689218662
0.49499083532943,-0.8670288415617979,1.4204481530684319,-0.12882226837093372,1.0,0.0,0.0,0.0,11.657034466915164
0.08654873667576689,-0.8720174043275458,1.4204481530684319,0.18930753657327157,1.0,0.0,0.0,0.0,11.648338835562747
-0.1736257934388308,-0.8570517160302952,1.4251281081077303,-1.3218090369117035,1.0,0.0,0.0,0.0,11.794345471549745
-0.09248147487704891,-0.8620402787960431,1.4298080631470285,-1.2422765856756521,1.0,0.0,0.0,0.0,11.812296455066814
-0.9288277524583803,-0.8670288415617979,1.4251281081077303,-1.0036792319674983,1.0,0.0,0.0,0.0,11.320565693461432
-0.008355063370056447,-0.8670288415617979,1.4251281081077303,-0.5264845245511903,1.0,0.0,0.0,0.0,11.807838828499989
-0.42009315948947834,-0.8620402787960431,1.4204481530684319,-1.0832116832035494,1.0,0.0,0.0,0.0,11.693587311874056
0.7352847458092907,-0.8620402787960431,1.4251281081077303,-0.7650818782593443,1.0,0.0,0.0,0.0,11.853681370708943
0.5106337439367623,-0.8620402787960431,1.4204481530684319,-0.6855494270232929,1.0,0.0,0.0,0.0,11.870606902224587
0.1713029572238567,-0.8620402787960431,1.4204481530684319,-0.446952073315139,1.0,0.0,0.0,0.0,11.73927188163082
0.40416779405073644,-0.8470745904987853,1.4344880181863302,-1.0036792319674983,1.0,0.0,0.0,0.0,11.886562731847148
0.2995852712880017,-0.8470745904987853,1.4298080631470285,-1.0036792319674983,1.0,0.0,0.0,0.0,11.888625282853006
-0.5904386793071198,-0.8420860277330374,1.4251281081077303,-1.958068646800114,1.0,0.0,0.0,0.0,11.798111925972618
0.9610867309238303,-0.8321089022015276,1.4344880181863302,-1.2422765856756521,1.0,0.0,0.0,0.0,12.02455676409265
0.19364249560289012,-0.8370974649672824,1.4344880181863302,-1.0036792319674983,1.0,0.0,0.0,0.0,11.88034943062464
0.3557218630460878,-0.8370974649672824,1.4298080631470285,-0.9241467807314468,1.0,0.0,0.0,0.0,11.80932691294063
0.14880646658454894,-0.8370974649672824,1.4298080631470285,-0.3674196220790877,1.0,0.0,0.0,0.0,11.633380483255026
0.5715835383432588,-0.8370974649672824,1.4251281081077303,-1.0832116832035494,1.0,0.0,0.0,0.0,11.817472029092508
0.6952096020192683,-0.8420860277330374,1.4251281081077303,-1.2422765856756521,1.0,0.0,0.0,0.0,12.02814741073532
1.2127335215635278,-0.8370974649672824,1.4251281081077303,-1.2422765856756521,1.0,0.0,0.0,0.0,12.528522019787818
0.18307437674442464,-0.8370974649672824,1.4204481530684319,-1.1627441344396008,1.0,0.0,0.0,0.0,12.406156350565329
0.1836498683654298,-0.8420860277330374,1.4204481530684319,-0.8446143294953956,1.0,0.0,0.0,0.0,11.862179945241476
-0.7096177622753592,-0.8470745904987853,1.4204481530684319,-1.0036792319674983,1.0,0.0,0.0,0.0,11.91170829631447
0.10559227758904151,-0.8420860277330374,1.4157681980291301,-1.6399388418559087,1.0,0.0,0.0,0.0,11.730461322518734
-0.5950949296952557,-0.8470745904987853,1.4204481530684319,-1.0832116832035494,1.0,0.0,0.0,0.0,11.622685289462678
0.007497114917641752,-0.8470745904987853,1.4204481530684319,-1.0832116832035494,1.0,0.0,0.0,0.0,11.765247163561801
-0.06606117773088525,-0.8520631532645402,1.4251281081077303,-1.0036792319674983,1.0,0.0,0.0,0.0,11.900233391293936
0.25438302032902055,-0.8520631532645402,1.4204481530684319,0.03024263410116893,1.0,0.0,0.0,0.0,11.975407125004564
-1.0554359090796006,-0.8570517160302952,1.4251281081077303,-0.6855494270232929,1.0,0.0,0.0,0.0,11.87757552297847
-0.11754151910083575,-0.8570517160302952,1.4204481530684319,-0.6855494270232929,1.0,0.0,0.0,0.0,11.779136168550774
0.7018015969507863,-0.8370974649672824,1.443847928264927,-1.0832116832035494,1.0,0.0,0.0,0.0,11.999669439469741
0.2221554895527103,-0.8370974649672824,1.4391679732256286,-1.1627441344396008,1.0,0.0,0.0,0.0,11.87340018062404
0.2648988217673947,-0.8420860277330374,1.4344880181863302,-1.5604063906198575,1.0,0.0,0.0,0.0,11.895469889693825
0.9490014068827137,-0.7971889628412642,1.4298080631470285,-1.8785361955640627,1.0,0.0,0.0,0.0,12.4016435409078
-0.33701309638431426,-0.8071660883727669,1.4391679732256286,-1.4013414881477548,1.0,0.0,0.0,0.0,12.875953758001124
1.2956566324084178,-0.802177525607019,1.4298080631470285,-1.71947129309196,1.0,0.0,0.0,0.0,12.522710182912336
0.23288056067144966,-0.8121546511385219,1.4344880181863302,-0.04928981713488239,1.0,0.0,0.0,0.0,11.788289480716973
-0.606290857594818,-0.8121546511385219,1.4298080631470285,-0.20835471960698504,1.0,0.0,0.0,0.0,11.83138646878959
-0.22269953348457633,-0.8221317766700247,1.4251281081077303,-1.4808739393838062,1.0,0.0,0.0,0.0,11.842236406331555
0.3103626598268328,-0.8221317766700247,1.4391679732256286,-0.446952073315139,1.0,0.0,0.0,0.0,12.277001641517879
0.5116277749184992,-0.8271203394357797,1.4391679732256286,-0.8446143294953956,1.0,0.0,0.0,0.0,12.046496440791149
0.024238689346893993,-0.8271203394357797,1.4298080631470285,-0.7650818782593443,1.0,0.0,0.0,0.0,11.909692857375196
0.010008351082029542,-0.8271203394357797,1.4204481530684319,-0.12882226837093372,1.0,0.0,0.0,0.0,11.798111925972618
0.07425414295428509,-0.8321089022015276,1.4204481530684319,-0.04928981713488239,1.0,0.0,0.0,0.0,11.788289480716973
-0.20229573964892533,-0.8121546511385219,1.4251281081077303,-1.5604063906198575,1.0,0.0,0.0,0.0,11.876185678347824
0.1207643294155513,-0.8171432139042697,1.4204481530684319,-1.4013414881477548,1.0,0.0,0.0,0.0,11.889997957243736
0.09089108254335428,-0.8221317766700247,1.4204481530684319,-0.6855494270232929,1.0,0.0,0.0,0.0,11.780667550692455
-0.430556643507761,-0.8171432139042697,1.4204481530684319,-0.7650818782593443,1.0,0.0,0.0,0.0,11.627155529627064
0.4921656946444938,-0.8071660883727669,1.4204481530684319,-1.0036792319674983,1.0,0.0,0.0,0.0,11.898194668458823
-0.4687483601744926,-0.8121546511385219,1.4204481530684319,-0.20835471960698504,1.0,0.0,0.0,0.0,11.656168298529856
0.4258272059685817,-0.8121546511385219,1.4204481530684319,-1.4808739393838062,1.0,0.0,0.0,0.0,12.049424683420915
1.1730769171342366,-0.8071660883727669,1.4157681980291301,-0.20835471960698504,1.0,0.0,0.0,0.0,12.09626335986454
0.8337984478414218,-0.8121546511385219,1.4157681980291301,-0.9241467807314468,1.0,0.0,0.0,0.0,12.22979405494807
1.1821801482301426,-0.7872118373097613,1.4298080631470285,1.8594890125303492,1.0,0.0,0.0,0.0,12.323860125621126
-0.7104548409968218,-0.7971889628412642,1.4391679732256286,-1.0832116832035494,1.0,0.0,0.0,0.0,12.58895466443808
-0.4584418284164843,-0.7971889628412642,1.4251281081077303,0.6665022439895795,1.0,0.0,0.0,0.0,11.710964518881163
-0.8072420681659361,-0.802177525607019,1.4204481530684319,1.064164500169836,1.0,0.0,0.0,0.0,11.661354090741
0.5962250432063146,-0.7872118373097613,1.4251281081077303,-1.7990037443280114,1.0,0.0,0.0,0.0,12.152677143050752
-0.3977013036903536,-0.7922004000755092,1.4251281081077303,-0.6060169757872417,1.0,0.0,0.0,0.0,11.787529896628678
1.2420312768147193,-0.7772347117782514,1.4157681980291301,-2.1171335492722165,1.0,0.0,0.0,0.0,12.312686874960354
0.17098905270330803,-0.7772347117782514,1.3642886925968378,-1.6399388418559087,1.0,0.0,0.0,0.0,12.26670197321789
1.5750839731166555,-0.742314772417988,1.345568872439641,-1.7990037443280114,1.0,0.0,0.0,0.0,12.480293267857345
-0.11079257190904361,-0.7772347117782514,1.326849052282444,-1.0036792319674983,1.0,0.0,0.0,0.0,12.222934679005357
1.769338553916073,-0.8321089022015276,1.4017283329112349,-1.958068646800114,1.0,0.0,0.0,0.0,12.51796306699418
-0.8597164405176235,-0.8221317766700247,1.3783285577147364,-0.28788717084303633,1.0,0.0,0.0,0.0,10.915106645867503
-0.3689267226400763,-0.8670288415617979,1.3830085127540381,0.5074373415174769,1.0,0.0,0.0,0.0,11.531757032705352
-0.718197819170351,-0.8720174043275458,1.3830085127540381,-0.3674196220790877,1.0,0.0,0.0,0.0,11.725622642422277
0.05044971681269203,-0.8570517160302952,1.3923684228326347,-0.9241467807314468,1.0,0.0,0.0,0.0,11.795853756086931
0.23397922649336955,-0.8620402787960431,1.3923684228326347,-0.28788717084303633,1.0,0.0,0.0,0.0,11.669082701743504
-0.25304363713759614,-0.8620402787960431,1.3876884677933365,0.2688399878093229,1.0,0.0,0.0,0.0,11.546369912189585
-0.5812831307911225,-0.8470745904987853,1.3970483778719331,-1.2422765856756521,1.0,0.0,0.0,0.0,11.467938559235831
-0.5967690871381809,-0.8520631532645402,1.3923684228326347,-0.5264845245511903,1.0,0.0,0.0,0.0,11.473155000731508
-0.7345731716589632,-0.8520631532645402,1.3923684228326347,-0.446952073315139,1.0,0.0,0.0,0.0,11.545402335602985
0.3011547938907442,-0.8570517160302952,1.3923684228326347,-0.20835471960698504,1.0,0.0,0.0,0.0,11.612779849672751
-0.48711177462657884,-0.8470745904987853,1.3923684228326347,-0.9241467807314468,1.0,0.0,0.0,0.0,11.65789988570203
-0.3719088155852869,-0.8520631532645402,1.3876884677933365,-0.28788717084303633,1.0,0.0,0.0,0.0,11.622685289462678
-0.39597482882733687,-0.8520631532645402,1.3876884677933365,-0.9241467807314468,1.0,0.0,0.0,0.0,11.630717389475995
0.1138061125433933,-0.8570517160302952,1.3876884677933365,0.03024263410116893,1.0,0.0,0.0,0.0,11.600029337681997
0.7500905756951606,-0.8720174043275458,1.373648602675438,-1.0832116832035494,1.0,0.0,0.0,0.0,11.755879486687116
-0.29573465193218923,-0.8770059670933008,1.3689686476361396,-0.9241467807314468,1.0,0.0,0.0,0.0,11.602775309696066
-0.09760858204600731,-0.8720174043275458,1.373648602675438,-0.28788717084303633,1.0,0.0,0.0,0.0,11.52387529615648
0.36639461674473633,-0.8720174043275458,1.3689686476361396,-0.8446143294953956,1.0,0.0,0.0,0.0,11.596356272699
-0.47450327638454814,-0.8720174043275458,1.3596087375575394,-1.2422765856756521,1.0,0.0,0.0,0.0,11.555994532928862
-0.4039270766812317,-0.8520631532645402,1.354928782518241,-0.8446143294953956,1.0,0.0,0.0,0.0,12.013706813470414
-0.7834899594444347,-0.8620402787960431,1.3783285577147364,-0.7650818782593443,1.0,0.0,0.0,0.0,11.421917019425596
-0.6430700039190815,-0.8620402787960431,1.3783285577147364,-1.0036792319674983,1.0,0.0,0.0,0.0,11.415323661400773
-0.18680978330186687,-0.8670288415617979,1.373648602675438,-1.5604063906198575,1.0,0.0,0.0,0.0,11.63780327310248
-0.7200289288735503,-0.8670288415617979,1.373648602675438,-0.5264845245511903,1.0,0.0,0.0,0.0,11.528808656597766
-0.7888786537138502,-0.8770059670933008,1.373648602675438,-0.9241467807314468,1.0,0.0,0.0,0.0,11.918397239722838
-0.43327714935251466,-0.8520631532645402,1.3830085127540381,-2.0376010980361654,1.0,0.0,0.0,0.0,11.434974734252892
-0.11508260035653949,-0.8570517160302952,1.3830085127540381,-0.7650818782593443,1.0,0.0,0.0,0.0,11.467938559235831
-0.9232297885085992,-0.8620402787960431,1.3830085127540381,-0.28788717084303633,1.0,0.0,0.0,0.0,11.403121759615027
-0.5125380407910056,-0.8620402787960431,1.3783285577147364,0.03024263410116893,1.0,0.0,0.0,0.0,11.433893080082035
-0.46388284010599135,-0.8819945298590558,1.3689686476361396,-1.3218090369117035,1.0,0.0,0.0,0.0,11.68352019721342
0.14043567936992282,-0.8819945298590558,1.3642886925968378,-1.4013414881477548,1.0,0.0,0.0,0.0,11.643962499267984
-0.16070339067625167,-0.8869830926248036,1.3596087375575394,-1.3218090369117035,1.0,0.0,0.0,0.0,11.663936936922068
-0.48648396558548174,-0.8969602181563135,1.3689686476361396,-0.7650818782593443,1.0,0.0,0.0,0.0,11.63956692643747
-0.5798705604486544,-0.8969602181563135,1.3689686476361396,-0.8446143294953956,1.0,0.0,0.0,0.0,11.678448377988165
0.9271850427045947,-0.8919716553905586,1.373648602675438,-0.20835471960698504,1.0,0.0,0.0,0.0,11.771443882099637
0.3297724226807469,-0.8869830926248036,1.3689686476361396,-1.0036792319674983,1.0,0.0,0.0,0.0,11.850832386224807
0.635881647635606,-0.8819945298590558,1.3783285577147364,-0.9241467807314468,1.0,0.0,0.0,0.0,11.806348526363516
0.30549713975833154,-0.8819945298590558,1.373648602675438,-1.1627441344396008,1.0,0.0,0.0,0.0,11.80932691294063
0.06127942277161441,-0.8869830926248036,1.3642886925968378,-0.8446143294953956,1.0,0.0,0.0,0.0,11.722383799419628
0.6102461117908132,-0.8869830926248036,1.3642886925968378,-0.5264845245511903,1.0,0.0,0.0,0.0,11.751162533892076
-0.5619780027773912,-0.8919716553905586,1.3642886925968378,0.3483724390453742,1.0,0.0,0.0,0.0,11.685205103383671
0.6204480087086388,-0.8869830926248036,1.3689686476361396,-1.0036792319674983,1.0,0.0,0.0,0.0,11.793590475326612
0.7386330606951413,-0.8919716553905586,1.3689686476361396,-0.9241467807314468,1.0,0.0,0.0,0.0,11.835016210489899
0.36895817032921563,-0.8969602181563135,1.3642886925968378,-0.6060169757872417,1.0,0.0,0.0,0.0,11.74006900564972
-1.071183452527116,-0.8919716553905586,1.3689686476361396,-0.6855494270232929,1.0,0.0,0.0,0.0,10.389026137075234
-0.934478033828253,-0.8969602181563135,1.3689686476361396,-0.12882226837093372,1.0,0.0,0.0,0.0,10.868587496017359
0.14320850263476775,-0.8620402787960431,1.345568872439641,-0.7650818782593443,1.0,0.0,0.0,0.0,11.967187086434018
0.18014460121930537,-0.8869830926248036,1.345568872439641,0.03024263410116893,1.0,0.0,0.0,0.0,11.968456114085114
0.25610949519203735,-0.9119259064535713,1.326849052282444,-1.958068646800114,1.0,0.0,0.0,0.0,11.779902152762993
0.35791919468992717,-0.9019487809220613,1.326849052282444,-1.958068646800114,1.0,0.0,0.0,0.0,11.890683588496984
0.8204575057181114,-0.9069373436878163,1.3081292321252473,-2.0376010980361654,1.0,0.0,0.0,0.0,12.378348075215978
0.26767164503223967,-0.8869830926248036,1.3221690972431457,-2.1171335492722165,1.0,0.0,0.0,0.0,11.88034943062464
0.9777759879329909,-0.8819945298590558,1.3128091871645455,-1.1627441344396008,1.0,0.0,0.0,0.0,12.392141339694389
0.6826534211973291,-0.8919716553905586,1.303449277085949,-1.7990037443280114,1.0,0.0,0.0,0.0,12.14632794896594
-0.16415634040228502,-0.8969602181563135,1.2987693220466472,-1.1627441344396008,1.0,0.0,0.0,0.0,11.741661349996177
-0.2867883730965575,-0.8969602181563135,1.303449277085949,-0.8446143294953956,1.0,0.0,0.0,0.0,11.420821140914589
0.4600951161284574,-0.9019487809220613,1.2987693220466472,-1.71947129309196,1.0,0.0,0.0,0.0,11.921060339411943
0.3001607629090073,-0.9019487809220613,1.2987693220466472,-1.4808739393838062,1.0,0.0,0.0,0.0,11.840075816082267
0.5267475093249177,-0.9019487809220613,1.2940893670073488,-1.0832116832035494,1.0,0.0,0.0,0.0,11.947308393235778
0.1562878576576208,-0.8919716553905586,1.2940893670073488,-0.8446143294953956,1.0,0.0,0.0,0.0,11.88034943062464
0.7159273003754679,-0.8919716553905586,1.2894094119680504,-1.4808739393838062,1.0,0.0,0.0,0.0,11.905649752427557
1.651310454189845,-0.7772347117782514,1.2800495018894502,-1.4808739393838062,1.0,0.0,0.0,0.0,12.392971211817235
0.007026258136818969,-0.8121546511385219,1.2753695468501518,-1.1627441344396008,1.0,0.0,0.0,0.0,12.076538965678628
0.4303788215165347,-0.8221317766700247,1.2940893670073488,-1.1627441344396008,1.0,0.0,0.0,0.0,12.272800954830618
0.34557228354835406,-0.8221317766700247,1.3081292321252473,-0.6855494270232929,1.0,0.0,0.0,0.0,12.298200494359103
0.340549811219578,-0.8570517160302952,1.2753695468501518,-0.9241467807314468,1.0,0.0,0.0,0.0,12.16369214550422
0.27960001681308194,-0.8470745904987853,1.2519697716536566,-0.9241467807314468,1.0,0.0,0.0,0.0,11.929007348474721
0.16800695975809746,-0.7622690234809937,1.2613296817322535,-1.1627441344396008,1.0,0.0,0.0,0.0,11.969090024509446
0.05468742784009638,-0.8121546511385219,1.237929906535758,-0.6855494270232929,1.0,0.0,0.0,0.0,11.984184555794167
0.28054173037472707,-0.8420860277330374,1.2332499514964597,-0.6855494270232929,1.0,0.0,0.0,0.0,11.88173350431221
0.4870909048956264,-0.8570517160302952,1.237929906535758,-1.4013414881477548,1.0,0.0,0.0,0.0,11.96209480994468
-0.3415647119322673,-0.8869830926248036,1.237929906535758,-0.9241467807314468,1.0,0.0,0.0,0.0,11.314486721293981
0.2900111834112731,-0.8770059670933008,1.237929906535758,-1.1627441344396008,1.0,0.0,0.0,0.0,12.04414765726144
-1.0085595006776942,-0.8670288415617979,1.237929906535758,-1.0036792319674983,1.0,0.0,0.0,0.0,11.953764151901414
-0.34595937521994596,-0.8620402787960431,1.2285699964571581,-0.7650818782593443,1.0,0.0,0.0,0.0,11.557908390796706
-1.0419903321161073,-0.8670288415617979,1.2285699964571581,-0.5264845245511903,1.0,0.0,0.0,0.0,11.388506711556236
0.12641461078542376,-0.8720174043275458,1.2285699964571581,-1.958068646800114,1.0,0.0,0.0,0.0,11.810070125585671
-0.6819941644670928,-0.8620402787960431,1.2238900414178597,-0.12882226837093372,1.0,0.0,0.0,0.0,11.363276304750233
0.0917281612648168,-0.9518344085795896,1.3221690972431457,-1.6399388418559087,1.0,0.0,0.0,0.0,11.705205603408396
-0.8067188939650222,-0.9219030319850741,1.326849052282444,-1.4013414881477548,1.0,0.0,0.0,0.0,11.49069008091951
0.09743076005478102,-0.926891594750829,1.3221690972431457,-0.8446143294953956,1.0,0.0,0.0,0.0,11.515930943990057
0.24784334281759382,-0.926891594750829,1.326849052282444,-0.6060169757872417,1.0,0.0,0.0,0.0,11.474195031610165
0.14828329238363464,-0.9318801575165769,1.326849052282444,-1.0036792319674983,1.0,0.0,0.0,0.0,11.47107168834584
-0.17273639729727677,-0.9318801575165769,1.3221690972431457,-1.4808739393838062,1.0,0.0,0.0,0.0,11.548302261270587
0.5625849420875358,-0.9318801575165769,1.3081292321252473,-2.0376010980361654,1.0,0.0,0.0,0.0,11.942764435686394
-0.4148614174803371,-0.9169144692193192,1.2660096367715552,-0.3674196220790877,1.0,0.0,0.0,0.0,11.998439434579149
0.3011547938907442,-0.9368687202823318,1.2800495018894502,0.2688399878093229,1.0,0.0,0.0,0.0,11.83138646878959
-0.9791047931662286,-0.9618115341110924,1.2660096367715552,0.5869697927535281,1.0,0.0,0.0,0.0,11.196857635323791
-0.471835087959886,-0.9917429107056079,1.2285699964571581,1.1436969514058875,1.0,0.0,0.0,0.0,11.82628259408539
-1.166924331294402,-0.9668000968768474,1.2285699964571581,1.8594890125303492,1.0,0.0,0.0,0.0,10.874285408908944
-0.7538782996726948,-0.9967314734713558,1.1958103111820626,0.5869697927535281,1.0,0.0,0.0,0.0,11.998439434579149
-0.28066723494586227,-1.0615827894261418,1.1536907158283705,-0.7650818782593443,1.0,0.0,0.0,0.0,11.404237196256764
1.0233967782527034,-0.8570517160302952,0.5920961111124511,-0.9241467807314468,1.0,0.0,0.0,0.0,12.832548365186273
0.07781172752050126,-0.8969602181563135,0.5874161560731528,-0.6060169757872417,1.0,0.0,0.0,0.0,12.590657946392092
0.4035923024297313,-0.9468458458138347,0.6014560211910512,-0.12882226837093372,1.0,0.0,0.0,0.0,12.490879338036375
-0.6300952837364111,-0.9767772224083502,0.5686963359159558,-0.446952073315139,1.0,0.0,0.0,0.0,12.17355461910053
-0.6546321537592839,-0.9668000968768474,0.5733762909552542,0.5869697927535281,1.0,0.0,0.0,0.0,12.25486757159303
0.4734883756718591,-1.0116971617686137,0.5827362010338544,-0.6060169757872417,0.0,0.0,0.0,0.0,12.394628892852941
0.1867889135709147,-0.9618115341110924,0.5499765157587589,-0.6855494270232929,1.0,0.0,0.0,0.0,12.80298697075161
-0.6249158591473611,-0.9219030319850741,0.5733762909552542,0.9846320489337848,1.0,0.0,0.0,0.0,12.323860125621126
-0.519182353142615,-0.9169144692193192,0.5686963359159558,-1.4013414881477548,1.0,0.0,0.0,0.0,11.890683588496984
-0.636425691567472,-0.9119259064535713,0.5686963359159558,1.7004241100582467,1.0,0.0,0.0,0.0,11.965916446305247
-0.4817753977772546,-0.9119259064535713,0.5640163808766575,1.8594890125303492,1.0,0.0,0.0,0.0,11.824087219587643
-0.41072834129311536,-0.9119259064535713,0.5640163808766575,0.9050995976977334,1.0,0.0,0.0,0.0,11.953120448266079
-1.0127448942850072,-0.9119259064535713,0.5733762909552542,0.5869697927535281,1.0,0.0,0.0,0.0,11.887250721636997
-0.07568758302770538,-0.9019487809220613,0.5686963359159558,-1.2422765856756521,1.0,0.0,0.0,0.0,12.167337014705433
0.16282753516904752,-0.9019487809220613,0.5640163808766575,-1.7990037443280114,1.0,0.0,0.0,0.0,12.2904183895416
-0.15950009001414917,-0.8969602181563135,0.5640163808766575,-1.4013414881477548,1.0,0.0,0.0,0.0,12.400820837540556
-0.12601694115564469,-0.9019487809220613,0.5640163808766575,-0.9241467807314468,1.0,0.0,0.0,0.0,12.306827069415759
0.46234476519238804,-0.8969602181563135,0.5593364258373558,-1.1627441344396008,1.0,0.0,0.0,0.0,12.283038316285214
-0.4233891569552374,-0.9119259064535713,0.5593364258373558,-1.4013414881477548,1.0,0.0,0.0,0.0,12.244817283839346
0.06734824350221838,-0.9318801575165769,0.5640163808766575,-1.71947129309196,1.0,0.0,0.0,0.0,12.102937429832547
-0.8181240915449501,-0.9219030319850741,0.5686963359159558,-1.71947129309196,1.0,0.0,0.0,0.0,12.048254415120404
-0.12711560697756435,-0.8720174043275458,0.5406166056801589,0.10977508533722025,1.0,0.0,0.0,0.0,12.218500103788143
0.633475046311401,-0.8919716553905586,0.5499765157587589,-1.71947129309196,1.0,0.0,0.0,0.0,12.57936229760897
0.14467339039732718,-0.8819945298590558,0.5265767405622604,-1.0832116832035494,1.0,0.0,0.0,0.0,12.727247530467041
-0.8700752896957233,-0.742314772417988,0.5078569204050636,-0.446952073315139,1.0,0.0,0.0,0.0,11.51293546492023
-0.3385303015669652,-0.6874405819947119,0.3908580444225806,1.8594890125303492,0.0,0.0,0.0,0.0,12.323860125621126
1.1784132939835608,0.908899503046057,-0.7604108952450519,-1.958068646800114,0.0,0.0,0.0,0.0,12.57625939252641
2.3882013161774,0.8939338147487993,-0.7791307154022488,-2.1171335492722165,0.0,0.0,0.0,0.0,13.122367377396328
0.9940467055814206,0.9238651913433148,-0.7697708053236487,-1.1627441344396008,1.0,0.0,0.0,0.0,12.239028583587523
1.4863013112215275,0.9039109402803022,-0.7744507603629505,-2.0376010980361654,0.0,0.0,0.0,0.0,12.585881426824553
0.9280221214260571,0.913888065811812,-0.7791307154022488,-1.958068646800114,0.0,0.0,0.0,0.0,12.448630513463613
-0.01322058343855792,0.9288537541090698,-0.7791307154022488,-1.4808739393838062,1.0,0.0,0.0,0.0,11.829202282877098
1.2230923707416277,0.9338423168748177,-0.802530490598744,-1.958068646800114,0.0,0.0,0.0,0.0,12.437981667612153
1.9397363911538057,0.908899503046057,-0.7884906254808456,-1.2422765856756521,0.0,0.0,0.0,0.0,12.964307415212271
0.6488563678182764,0.9039109402803022,-0.7931705805201473,0.9050995976977334,0.0,0.0,0.0,0.0,12.123782831670258
-0.6023147336678706,0.9388308796405725,-0.7229712549306548,-0.04928981713488239,1.0,0.0,0.0,0.0,11.850832386224807
-0.050261316863278574,0.9338423168748177,-0.7276512099699566,-1.4808739393838062,1.0,0.0,0.0,0.0,11.583393248239855
-0.13145795284515174,0.9338423168748177,-0.7229712549306548,-0.28788717084303633,1.0,0.0,0.0,0.0,11.710143844404854
-0.6691763965446967,0.9288537541090698,-0.7276512099699566,0.03024263410116893,1.0,0.0,0.0,0.0,11.807838828499989
0.3359981956716255,0.9388308796405725,-0.7276512099699566,0.10977508533722025,1.0,0.0,0.0,0.0,11.86710429621008
-0.0878775419090046,0.9388308796405725,-0.732331165009255,0.5074373415174769,1.0,0.0,0.0,0.0,11.782960235741939
-0.009244459511610488,0.9388308796405725,-0.732331165009255,0.42790489028142553,1.0,0.0,0.0,0.0,11.820417517632333
-0.33580979572221176,0.9388308796405725,-0.7276512099699566,-1.1627441344396008,1.0,0.0,0.0,0.0,11.761354623750297
-0.144537307868005,0.9288537541090698,-0.732331165009255,-0.3674196220790877,1.0,0.0,0.0,0.0,11.844392338493027
0.1404879967900141,0.9338423168748177,-0.7276512099699566,0.3483724390453742,1.0,0.0,0.0,0.0,11.829930875050733
-0.041524307708012485,0.9338423168748177,-0.732331165009255,0.3483724390453742,1.0,0.0,0.0,0.0,11.762913458369663
-0.5638091124805905,0.9388308796405725,-0.7370111200485534,0.03024263410116893,1.0,0.0,0.0,0.0,11.647465099148372
-0.6919867917045529,0.9388308796405725,-0.7370111200485534,-0.28788717084303633,1.0,0.0,0.0,0.0,11.87757552297847
-0.8221002154718975,0.9338423168748177,-0.7370111200485534,-0.28788717084303633,1.0,0.0,0.0,0.0,11.918397239722838
-0.5051612845581164,0.9338423168748177,-0.7370111200485534,-1.71947129309196,1.0,0.0,0.0,0.0,11.464795582766675
-0.6993635479374422,0.9438194424063204,-0.741691075087855,-0.28788717084303633,1.0,0.0,0.0,0.0,12.141539457711714
0.23549643167602025,0.9388308796405725,-0.741691075087855,-1.4808739393838062,1.0,0.0,0.0,0.0,11.766799946849087
0.4496316321101745,0.9338423168748177,-0.741691075087855,-0.3674196220790877,1.0,0.0,0.0,0.0,11.998439434579149
-0.6815756251063616,0.9288537541090698,-0.741691075087855,-0.6855494270232929,1.0,0.0,0.0,0.0,11.779136168550774
-0.5986001968413803,0.9238651913433148,-0.741691075087855,0.18930753657327157,1.0,0.0,0.0,0.0,11.55503622867061
0.09685526843377543,0.9238651913433148,-0.741691075087855,-1.6399388418559087,1.0,0.0,0.0,0.0,11.580593459194764
0.06975484482642334,0.9388308796405725,-0.7463710301271534,-1.8785361955640627,1.0,0.0,0.0,0.0,12.115058723579269
-0.14694390919220998,0.9338423168748177,-0.7463710301271534,-1.2422765856756521,1.0,0.0,0.0,0.0,12.001511614739405
0.3917162480689803,0.9288537541090698,-0.7463710301271534,-0.6855494270232929,1.0,0.0,0.0,0.0,12.310887512348744
-0.46832982081376134,0.9288537541090698,-0.7463710301271534,-0.9241467807314468,1.0,0.0,0.0,0.0,12.35363452394233
0.90332829914291,0.9238651913433148,-0.7510509851664519,-0.9241467807314468,1.0,0.0,0.0,0.0,11.994122464057146
1.4227879632305516,0.9238651913433148,-0.7557309402057503,-0.9241467807314468,1.0,0.0,0.0,0.0,12.374975404956045
0.13012914761191427,0.9188766285775599,-0.7604108952450519,0.5869697927535281,1.0,0.0,0.0,0.0,12.269052139516223
0.8402858079327572,0.9238651913433148,-0.7650908502843503,-1.0832116832035494,1.0,0.0,0.0,0.0,12.09904963758644
0.9718118020425697,0.9438194424063204,-0.7650908502843503,-1.8785361955640627,1.0,0.0,0.0,0.0,12.325636317135203
-0.6791690237821566,0.9388308796405725,-0.7650908502843503,-0.04928981713488239,1.0,0.0,0.0,0.0,11.622685289462678
0.9552271798735918,0.9338423168748177,-0.7650908502843503,-1.0832116832035494,1.0,0.0,0.0,0.0,12.1709686470671
-0.23520339688642422,0.9288537541090698,-0.7510509851664519,-1.4013414881477548,1.0,0.0,0.0,0.0,12.010063844310778
0.43388408866265915,0.9488080051720754,-0.7510509851664519,-0.6855494270232929,1.0,0.0,0.0,0.0,12.016732516077072
-0.4377241300602846,0.9438194424063204,-0.7510509851664519,-1.0036792319674983,1.0,0.0,0.0,0.0,11.730461322518734
-0.2395457427540114,0.9388308796405725,-0.7510509851664519,-0.6855494270232929,1.0,0.0,0.0,0.0,11.998439434579149
-0.3499878165669847,0.9438194424063204,-0.7604108952450519,-0.6855494270232929,1.0,0.0,0.0,0.0,11.724004532183379
-0.8246637690563768,0.9388308796405725,-0.7604108952450519,0.10977508533722025,1.0,0.0,0.0,0.0,11.467938559235831
0.15466601763478705,0.9438194424063204,-0.6948915246948613,-0.3674196220790877,1.0,0.0,0.0,0.0,12.271396795480596
2.4337697890770205,0.9537965679378304,-0.6948915246948613,-0.28788717084303633,1.0,0.0,0.0,0.0,12.794139826639498
1.3495958925226645,0.9637736934693332,-0.6948915246948613,-1.0036792319674983,1.0,0.0,0.0,0.0,12.881312950720202
1.5198367775001231,0.9438194424063204,-0.6948915246948613,-1.958068646800114,1.0,0.0,0.0,0.0,12.564798983919784
1.6097704226372624,0.9438194424063204,-0.6995714797341596,-1.958068646800114,1.0,0.0,0.0,0.0,12.531776395271262
1.6784108777971964,0.9537965679378304,-0.6995714797341596,-1.4013414881477548,1.0,0.0,0.0,0.0,12.691583538230217
1.6038062367468413,0.9537965679378304,-0.6995714797341596,-1.6399388418559087,1.0,0.0,0.0,0.0,12.6459424009624
2.162817870423592,0.9537965679378304,-0.6948915246948613,-0.6855494270232929,1.0,0.0,0.0,0.0,12.887908594631655
2.5013115784150344,0.9587851307035782,-0.6995714797341596,-1.0036792319674983,1.0,0.0,0.0,0.0,12.777055016970678
2.1379147784600785,0.9388308796405725,-0.704251434773458,-1.6399388418559087,1.0,0.0,0.0,0.0,12.752461339884503
2.012719192181327,0.9488080051720754,-0.704251434773458,-1.4808739393838062,1.0,0.0,0.0,0.0,12.625115162052026
1.3120843023171214,0.9537965679378304,-0.704251434773458,-0.9241467807314468,1.0,0.0,0.0,0.0,12.634931962691928
0.7723254792340114,0.9488080051720754,-0.7089313898127597,-1.0832116832035494,1.0,0.0,0.0,0.0,12.16369214550422
1.1503188393944719,0.9537965679378304,-0.704251434773458,-0.7650818782593443,1.0,0.0,0.0,0.0,12.445487104758993
2.5866412905841294,0.9537965679378304,-0.7089313898127597,-0.5264845245511903,1.0,0.0,0.0,0.0,12.875185809078062
2.4105931719765246,0.9587851307035782,-0.6995714797341596,-1.5604063906198575,1.0,0.0,0.0,0.0,12.915833550707145
1.0759234680244825,0.9587851307035782,-0.704251434773458,-0.3674196220790877,1.0,0.0,0.0,0.0,12.45254592991672
1.2200579603763257,0.9587851307035782,-0.7089313898127597,-0.9241467807314468,1.0,0.0,0.0,0.0,12.399585512019348
1.150737378755203,0.9687622562350882,-0.7089313898127597,-1.958068646800114,1.0,0.0,0.0,0.0,12.33182825999709
1.0277391241202907,0.9637736934693332,-0.7089313898127597,-0.8446143294953956,1.0,0.0,0.0,0.0,12.220473454337986
-0.1330797928679855,0.9587851307035782,-0.7136113448520581,0.03024263410116893,1.0,0.0,0.0,0.0,12.08164822965012
-0.6746174082342036,0.9637736934693332,-0.7136113448520581,-1.0036792319674983,1.0,0.0,0.0,0.0,11.897514169490739
0.22006279274905355,0.9687622562350882,-0.7136113448520581,0.10977508533722025,1.0,0.0,0.0,0.0,12.017336559562407
-0.6191086255172144,0.9388308796405725,-0.7136113448520581,-1.0036792319674983,1.0,0.0,0.0,0.0,11.68940499028055
0.9653244419512347,0.9438194424063204,-0.7089313898127597,-1.0036792319674983,1.0,0.0,0.0,0.0,12.466130405907165
0.8647703605355387,0.9438194424063204,-0.7136113448520581,-1.0036792319674983,1.0,0.0,0.0,0.0,12.248178615401173
1.173600091335151,0.9537965679378304,-0.7089313898127597,-1.0036792319674983,1.0,0.0,0.0,0.0,12.433610527614848
0.6235347364940323,0.9537965679378304,-0.7136113448520581,-0.7650818782593443,1.0,0.0,0.0,0.0,12.348010479804223
1.4033782003766375,0.9587851307035782,-0.7089313898127597,-0.12882226837093372,1.0,0.0,0.0,0.0,12.384223015005313
0.7641116442796596,0.9587851307035782,-0.7136113448520581,-0.04928981713488239,1.0,0.0,0.0,0.0,12.360941638737165
-0.6638400196953724,0.9388308796405725,-0.7182912998913565,-0.9241467807314468,1.0,0.0,0.0,0.0,11.83138646878959
-0.5460211896495101,0.9438194424063204,-0.7182912998913565,-1.4013414881477548,1.0,0.0,0.0,0.0,12.001511614739405
-0.0006644026166187388,0.9488080051720754,-0.7182912998913565,-0.04928981713488239,1.0,0.0,0.0,0.0,12.066816325306588
0.24459966277192632,0.9488080051720754,-0.7182912998913565,-0.7650818782593443,1.0,0.0,0.0,0.0,11.955692780409043
-0.144537307868005,0.9587851307035782,-0.7182912998913565,-0.7650818782593443,1.0,0.0,0.0,0.0,11.823354355742923
-0.21600290371287548,0.9537965679378304,-0.7182912998913565,0.6665022439895795,1.0,0.0,0.0,0.0,11.886562731847148
-0.8545370159285737,0.9537965679378304,-0.7182912998913565,-0.20835471960698504,1.0,0.0,0.0,0.0,11.918397239722838
-0.737450629763991,0.9587851307035782,-0.7182912998913565,0.10977508533722025,1.0,0.0,0.0,0.0,11.571203807011969
-0.4682775033936701,0.9438194424063204,-0.7229712549306548,-0.5264845245511903,1.0,0.0,0.0,0.0,11.910365121788654
-0.601477654946408,0.9488080051720754,-0.7229712549306548,-0.9241467807314468,1.0,0.0,0.0,0.0,11.522885696764481
-0.10964158866703241,0.9537965679378304,-0.7229712549306548,-0.20835471960698504,1.0,0.0,0.0,0.0,12.021554678392043
-0.33701309638431426,0.9537965679378304,-0.7229712549306548,-0.6855494270232929,1.0,0.0,0.0,0.0,11.998439434579149
-0.43976450944384987,0.9537965679378304,-0.7229712549306548,-0.446952073315139,1.0,0.0,0.0,0.0,11.928347504569842
0.2718047212194614,0.9587851307035782,-0.7229712549306548,0.3483724390453742,1.0,0.0,0.0,0.0,11.888625282853006
0.653878840147052,0.9737508190008359,-0.704251434773458,-0.6855494270232929,1.0,0.0,0.0,0.0,11.975407125004564
0.3073282494615309,0.9737508190008359,-0.7136113448520581,0.18930753657327157,1.0,0.0,0.0,0.0,12.169413847867123
-0.6372627702889347,0.9687622562350882,-0.7182912998913565,-1.0832116832035494,1.0,0.0,0.0,0.0,11.718320437984499
-0.6249158591473611,0.9687622562350882,-0.7229712549306548,-1.6399388418559087,1.0,0.0,0.0,0.0,11.644839300053654
-0.6110517428231367,0.9587851307035782,-0.7229712549306548,1.3822943051140413,1.0,0.0,0.0,0.0,11.663936936922068
-0.44358368111052293,0.9587851307035782,-0.7182912998913565,1.2232294026419388,1.0,0.0,0.0,0.0,11.659628479662329
-0.6070756188961892,0.9587851307035782,-0.7182912998913565,1.2232294026419388,1.0,0.0,0.0,0.0,11.844392338493027
-0.2762725716581836,0.9438194424063204,-0.7276512099699566,-0.6060169757872417,1.0,0.0,0.0,0.0,11.829930875050733
-0.40727539156708226,0.9438194424063204,-0.7276512099699566,-0.04928981713488239,1.0,0.0,0.0,0.0,11.829202282877098
-0.19497130083612738,0.9488080051720754,-0.732331165009255,0.03024263410116893,1.0,0.0,0.0,0.0,11.723194494148304
-1.096400449011177,0.9438194424063204,-0.732331165009255,-0.3674196220790877,1.0,0.0,0.0,0.0,11.813037464800539
0.08435140503192753,0.9438194424063204,-0.732331165009255,0.2688399878093229,1.0,0.0,0.0,0.0,11.706030338921243
0.4401621790736289,0.9587851307035782,-0.7276512099699566,0.5074373415174769,1.0,0.0,0.0,0.0,12.022155816966572
-0.2577522049458233,0.9587851307035782,-0.7276512099699566,0.7460346952256308,1.0,0.0,0.0,0.0,11.88380602959621
-0.48596079138456766,0.9537965679378304,-0.732331165009255,0.6665022439895795,1.0,0.0,0.0,0.0,11.846543632608535
-0.8642157386454851,0.9537965679378304,-0.7370111200485534,-0.3674196220790877,1.0,0.0,0.0,0.0,11.651826167019166
-0.5263498396951386,0.9537965679378304,-0.732331165009255,0.5869697927535281,1.0,0.0,0.0,0.0,11.827743504053695
-0.6745127733940207,0.9537965679378304,-0.732331165009255,0.3483724390453742,1.0,0.0,0.0,0.0,11.835740580500783
-0.2996061410189539,0.9537965679378304,-0.7276512099699566,0.5869697927535281,1.0,0.0,0.0,0.0,11.856522261533737
0.024291006766985285,0.9537965679378304,-0.7276512099699566,0.3483724390453742,1.0,0.0,0.0,0.0,11.965280520280166
-0.2513694796946709,0.9637736934693332,-0.7276512099699566,0.6665022439895795,1.0,0.0,0.0,0.0,11.778369597156942
-0.3494646423660706,0.9637736934693332,-0.732331165009255,1.1436969514058875,1.0,0.0,0.0,0.0,11.718320437984499
0.8332229562204162,0.9587851307035782,-0.7276512099699566,0.9050995976977334,1.0,0.0,0.0,0.0,11.971621655408228
-0.19947059896398886,0.9637736934693332,-0.7276512099699566,0.5074373415174769,1.0,0.0,0.0,0.0,11.678448377988165
-0.7480710660425477,0.9637736934693332,-0.7276512099699566,0.3483724390453742,1.0,0.0,0.0,0.0,11.716690459057835
-0.021329783552726887,0.9687622562350882,-0.7276512099699566,0.7460346952256308,1.0,0.0,0.0,0.0,11.623580937568695
-0.22657102257134096,0.9687622562350882,-0.732331165009255,0.8255671464616822,1.0,0.0,0.0,0.0,11.577785809317154
-0.25252046293668184,0.9737508190008359,-0.732331165009255,-1.0832116832035494,1.0,0.0,0.0,0.0,11.751950239425476
-0.37489090853049745,0.9737508190008359,-0.7276512099699566,0.10977508533722025,1.0,0.0,0.0,0.0,11.663936936922068
-0.5119625491700001,0.9687622562350882,-0.7229712549306548,-0.7650818782593443,1.0,0.0,0.0,0.0,11.745631152988125
0.07200449389035399,0.9737508190008359,-0.7229712549306548,-0.20835471960698504,1.0,0.0,0.0,0.0,11.790564777297387
-0.3930450533022178,0.9737508190008359,-0.7276512099699566,-0.5264845245511903,1.0,0.0,0.0,0.0,11.624475784206961
0.3234943322697776,0.9737508190008359,-0.7276512099699566,-0.3674196220790877,1.0,0.0,0.0,0.0,11.820417517632333
-0.44803066181829315,0.9787393817665909,-0.7276512099699566,-0.6855494270232929,1.0,0.0,0.0,0.0,11.766023856597407
0.3873739022013929,0.9787393817665909,-0.7229712549306548,-1.4013414881477548,1.0,0.0,0.0,0.0,11.87757552297847
0.4386449738909778,0.9787393817665909,-0.7276512099699566,-1.3218090369117035,1.0,0.0,0.0,0.0,11.974777207691876
0.5388851507861256,0.9837279445323459,-0.7276512099699566,-1.0832116832035494,1.0,0.0,0.0,0.0,11.98168457011701
-1.2712452669566798,0.9587851307035782,-0.732331165009255,0.5074373415174769,1.0,0.0,0.0,0.0,11.636920278634463
-1.021586538280456,0.9587851307035782,-0.732331165009255,1.8594890125303492,1.0,0.0,0.0,0.0,11.671645688511857
-0.9348965731889843,0.9587851307035782,-0.7370111200485534,0.9846320489337848,1.0,0.0,0.0,0.0,11.630717389475995
-0.6846100354716637,0.9737508190008359,-0.732331165009255,-1.0036792319674983,1.0,0.0,0.0,0.0,11.766799946849087
-0.8369583627778588,0.9637736934693332,-0.732331165009255,0.10977508533722025,1.0,0.0,0.0,0.0,11.493752839181418
-0.5437192231654877,0.9637736934693332,-0.732331165009255,0.7460346952256308,1.0,0.0,0.0,0.0,11.61909465356394
-0.6199457042386769,0.9637736934693332,-0.732331165009255,1.8594890125303492,1.0,0.0,0.0,0.0,11.592669666556795
-0.7418452930516697,0.9488080051720754,-0.7370111200485534,-0.20835471960698504,1.0,0.0,0.0,0.0,11.611874470755124
-1.186700316088956,0.9537965679378304,-0.7370111200485534,0.8255671464616822,1.0,0.0,0.0,0.0,11.427378469795439
-0.8508224791020833,0.9587851307035782,-0.7370111200485534,0.9846320489337848,1.0,0.0,0.0,0.0,11.413116179350727
-1.1232916029381632,0.9637736934693332,-0.7370111200485534,1.1436969514058875,1.0,0.0,0.0,0.0,11.279744203985432
-0.9994562695817882,0.9637736934693332,-0.7370111200485534,1.7004241100582467,1.0,0.0,0.0,0.0,11.358619773129229
-0.791389889878238,0.9687622562350882,-0.7370111200485534,0.8255671464616822,1.0,0.0,0.0,0.0,11.388506711556236
-0.6995728176178078,0.9537965679378304,-0.741691075087855,0.3483724390453742,1.0,0.0,0.0,0.0,11.595435894542709
0.4080916005575926,0.9488080051720754,-0.7463710301271534,-1.0036792319674983,1.0,0.0,0.0,0.0,11.995357787034976
0.47657510345725274,0.9537965679378304,-0.7463710301271534,-1.0036792319674983,1.0,0.0,0.0,0.0,11.902267966193309
-0.12010507268531506,0.9537965679378304,-0.741691075087855,-1.1627441344396008,1.0,0.0,0.0,0.0,11.901590234400047
0.02999360555694951,0.9587851307035782,-0.7463710301271534,-1.0832116832035494,1.0,0.0,0.0,0.0,11.92504173829169
0.1721923533654105,0.9537965679378304,-0.7463710301271534,-1.4808739393838062,1.0,0.0,0.0,0.0,11.982310152711182
0.7213683120649748,0.9488080051720754,-0.7463710301271534,-1.2422765856756521,1.0,0.0,0.0,0.0,12.177163782032679
-0.4271560112018192,0.9488080051720754,-0.7463710301271534,-1.2422765856756521,1.0,0.0,0.0,0.0,11.5099309859899
0.018012916356015693,0.9438194424063204,-0.7463710301271534,-0.12882226837093372,1.0,0.0,0.0,0.0,12.136191879981927
0.5306713158317738,0.9488080051720754,-0.7557309402057503,-1.0036792319674983,1.0,0.0,0.0,0.0,12.092349482427034
1.5057633914955333,0.9537965679378304,-0.7557309402057503,-1.4013414881477548,1.0,0.0,0.0,0.0,12.244817283839346
-0.22353661220603907,0.9587851307035782,-0.7510509851664519,-1.0832116832035494,1.0,0.0,0.0,0.0,11.912379207638454
-0.7175176927091625,0.9587851307035782,-0.7463710301271534,-0.04928981713488239,1.0,0.0,0.0,0.0,11.51293546492023
-0.4554597354712737,0.9637736934693332,-0.741691075087855,0.2688399878093229,1.0,0.0,0.0,0.0,11.481445117743048
-0.8799109646729092,0.9637736934693332,-0.741691075087855,-0.12882226837093372,1.0,0.0,0.0,0.0,11.468984026707245
0.49797292827464057,0.9637736934693332,-0.7510509851664519,-1.4013414881477548,1.0,0.0,0.0,0.0,11.827743504053695
0.15780506284027196,0.9637736934693332,-0.7510509851664519,-1.4808739393838062,1.0,0.0,0.0,0.0,11.977294499661248
0.09669831617350108,0.9637736934693332,-0.7557309402057503,-1.4808739393838062,1.0,0.0,0.0,0.0,11.970356641102999
0.9106004205356163,0.9687622562350882,-0.7557309402057503,-1.2422765856756521,1.0,0.0,0.0,0.0,12.074830060158243
0.8825582833666191,0.9737508190008359,-0.7557309402057503,-1.5604063906198575,1.0,0.0,0.0,0.0,12.181272652174695
0.499542450877383,0.9737508190008359,-0.7510509851664519,-1.0832116832035494,1.0,0.0,0.0,0.0,12.07824495582233
0.6104553814711788,0.9737508190008359,-0.7557309402057503,-1.0036792319674983,1.0,0.0,0.0,0.0,12.008237370904832
-0.033362790173751995,0.9787393817665909,-0.7557309402057503,-1.0832116832035494,1.0,0.0,0.0,0.0,12.045322738624144
0.7369589032522162,0.9837279445323459,-0.7557309402057503,-1.0036792319674983,1.0,0.0,0.0,0.0,11.985432208809083
0.8849125672707328,0.9837279445323459,-0.7510509851664519,-1.0036792319674983,1.0,0.0,0.0,0.0,12.074830060158243
-0.5483754735536236,0.9737508190008359,-0.741691075087855,0.3483724390453742,1.0,0.0,0.0,0.0,11.548302261270587
-0.3709671020236415,0.9787393817665909,-0.7463710301271534,-1.6399388418559087,1.0,0.0,0.0,0.0,11.919729676079623
0.8717285774076967,0.9537965679378304,-0.7557309402057503,-1.3218090369117035,1.0,0.0,0.0,0.0,12.217511966297351
-0.9162192542163499,0.9637736934693332,-0.7557309402057503,-1.7990037443280114,1.0,0.0,0.0,0.0,12.940124217215681
0.048827876789858046,0.9787393817665909,-0.7604108952450519,-0.28788717084303633,1.0,0.0,0.0,0.0,13.122365377402328
2.0107834476379445,0.9787393817665909,-0.7557309402057503,-1.6399388418559087,1.0,0.0,0.0,0.0,12.524530013005734
-0.7527273164306836,0.9637736934693332,-0.7697708053236487,0.03024263410116893,1.0,0.0,0.0,0.0,12.107913912447533
0.8029311699874879,0.9537965679378304,-0.7650908502843503,-1.8785361955640627,1.0,0.0,0.0,0.0,12.211562548398803
-0.6005359413847625,0.9837279445323459,-0.7744507603629505,-0.20835471960698504,1.0,0.0,0.0,0.0,12.323860125621126
0.1996066814933108,0.9687622562350882,-0.7931705805201473,0.5869697927535281,1.0,0.0,0.0,0.0,12.118884889350285
0.06666811704103019,0.9937050700638487,-0.7650908502843503,-2.1171335492722165,1.0,0.0,0.0,0.0,12.409833561339303
0.841646060855134,0.9986936328296037,-0.6948915246948613,-2.0376010980361654,1.0,0.0,0.0,0.0,12.74578014344445
1.07806848224823,0.9986936328296037,-0.704251434773458,-1.8785361955640627,1.0,0.0,0.0,0.0,12.32474861573515
0.6576456943936337,1.0136593211268543,-0.7089313898127597,-1.958068646800114,1.0,0.0,0.0,0.0,12.110667961260443
0.025023450648265222,1.0136593211268543,-0.7136113448520581,-1.0036792319674983,1.0,0.0,0.0,0.0,11.78676973513378
0.40149960562607456,1.028625009424112,-0.6995714797341596,-0.6060169757872417,1.0,0.0,0.0,0.0,12.16369214550422
0.7370112206723075,1.033613572189867,-0.7089313898127597,-2.1171335492722165,1.0,0.0,0.0,0.0,12.16369214550422
0.11704979258906079,1.028625009424112,-0.6902115696555629,-2.1171335492722165,1.0,0.0,0.0,0.0,12.660331092405906
0.7782373477043413,1.0086707583611065,-0.6995714797341596,-2.0376010980361654,1.0,0.0,0.0,0.0,12.237091546357338
2.0659783258343856,0.9887165072980938,-0.6902115696555629,-1.4808739393838062,1.0,0.0,0.0,0.0,12.797743424153593
0.7803300445079976,0.9937050700638487,-0.6995714797341596,-1.71947129309196,1.0,0.0,0.0,0.0,12.35320302633692
0.8598525230469457,0.9787393817665909,-0.6995714797341596,-1.1627441344396008,1.0,0.0,0.0,0.0,12.411463546908074
0.3059679965391541,0.9787393817665909,-0.704251434773458,-0.6060169757872417,1.0,0.0,0.0,0.0,12.011279642540796
0.43079736087726594,0.9787393817665909,-0.7089313898127597,-0.9241467807314468,1.0,0.0,0.0,0.0,11.963370312187111
-0.013482170539015074,0.9887165072980938,-0.704251434773458,-1.4808739393838062,1.0,0.0,0.0,0.0,12.041203898548972
0.44105157521518273,1.0036821955953514,-0.7089313898127597,-1.958068646800114,1.0,0.0,0.0,0.0,12.093469297102763
-0.041315038027646855,1.0036821955953514,-0.7089313898127597,-1.958068646800114,1.0,0.0,0.0,0.0,12.107913912447533
-0.14281083300498845,0.9787393817665909,-0.7182912998913565,-1.5604063906198575,1.0,0.0,0.0,0.0,11.795099898183592
-0.7931163647412546,0.9887165072980938,-0.7182912998913565,-0.9241467807314468,1.0,0.0,0.0,0.0,11.844392338493027
-0.1871236878224153,0.9937050700638487,-0.7182912998913565,-1.958068646800114,1.0,0.0,0.0,0.0,11.758229645621093
-1.0061528993534892,0.9937050700638487,-0.7229712549306548,-0.12882226837093372,1.0,0.0,0.0,0.0,11.520903555205116
0.05191460457525143,0.9887165072980938,-0.7229712549306548,-1.0036792319674983,1.0,0.0,0.0,0.0,11.698583117470207
-0.3821630299232039,0.9986936328296037,-0.732331165009255,-1.958068646800114,1.0,0.0,0.0,0.0,11.685205103383671
0.6281386694620767,0.9887165072980938,-0.7510509851664519,-1.0036792319674983,1.0,0.0,0.0,0.0,11.991647230585656
0.4757903421558815,0.9887165072980938,-0.7557309402057503,-1.1627441344396008,1.0,0.0,0.0,0.0,11.934926432385152
0.728745068297864,0.9937050700638487,-0.7557309402057503,-1.958068646800114,1.0,0.0,0.0,0.0,12.071403463011007
0.41667165745258433,0.9986936328296037,-0.7557309402057503,-1.8785361955640627,1.0,0.0,0.0,0.0,11.97603664577121
-0.49056472435261195,1.0186478838926092,-0.7370111200485534,-0.8446143294953956,1.0,0.0,0.0,0.0,11.664796405307863
-0.0442448135527659,1.0186478838926092,-0.7182912998913565,-1.8785361955640627,1.0,0.0,0.0,0.0,11.542493975902508
0.49807756311482315,1.0735220743158853,-0.704251434773458,-1.958068646800114,1.0,0.0,0.0,0.0,11.862884910339652
-0.3508772127085387,1.0685335115501304,-0.7089313898127597,-1.71947129309196,1.0,0.0,0.0,0.0,11.806348526363516
-0.12272094368988566,1.0585563860186276,-0.704251434773458,-1.0036792319674983,1.0,0.0,0.0,0.0,11.686887175419702
-1.5609791394229262,1.0535678232528798,-0.6995714797341596,-1.4808739393838062,1.0,0.0,0.0,0.0,11.662215780913316
0.15874677640191753,1.048579260487125,-0.7089313898127597,-1.7990037443280114,1.0,0.0,0.0,0.0,11.856522261533737
-0.6764485179374031,1.0535678232528798,-0.7182912998913565,0.5074373415174769,1.0,0.0,0.0,0.0,11.445727410406752
-1.0034323935087357,1.0535678232528798,-0.7182912998913565,-1.71947129309196,1.0,0.0,0.0,0.0,11.597275804538212
-0.17132382695480863,1.0535678232528798,-0.7229712549306548,-1.6399388418559087,1.0,0.0,0.0,0.0,11.528808656597766
-0.36228241028846675,1.0435906977213698,-0.7229712549306548,0.2688399878093229,1.0,0.0,0.0,0.0,11.498836682527127
-0.11304222097297424,1.0535678232528798,-0.7276512099699566,-0.8446143294953956,1.0,0.0,0.0,0.0,11.701071692055445
-0.4598543987589524,1.0535678232528798,-0.732331165009255,-0.7650818782593443,1.0,0.0,0.0,0.0,11.638685488579059
0.020262565419946563,1.0435906977213698,-0.7276512099699566,-0.04928981713488239,1.0,0.0,0.0,0.0,11.67335070422742
-0.40465952056251164,1.0435906977213698,-0.7276512099699566,-0.9241467807314468,1.0,0.0,0.0,0.0,11.574970254341755
-1.1923505974588289,1.048579260487125,-0.732331165009255,-0.3674196220790877,1.0,0.0,0.0,0.0,11.630717389475995
-0.5051612845581164,1.0735220743158853,-0.7370111200485534,-0.12882226837093372,1.0,0.0,0.0,0.0,11.871305953640322
-0.5853638895582527,1.048579260487125,-0.7370111200485534,0.3483724390453742,1.0,0.0,0.0,0.0,11.736077016252437
0.03669023532865036,1.038602134955622,-0.741691075087855,-0.6855494270232929,1.0,0.0,0.0,0.0,12.243854824489109
0.6740733643023373,1.033613572189867,-0.7463710301271534,-1.8785361955640627,1.0,0.0,0.0,0.0,11.949249500664376
0.5970621219277772,1.033613572189867,-0.7463710301271534,-1.958068646800114,1.0,0.0,0.0,0.0,11.87340018062404
0.15759579315990632,1.038602134955622,-0.7463710301271534,-1.958068646800114,1.0,0.0,0.0,0.0,11.875490030985144
0.19181138589969027,1.0535678232528798,-0.7463710301271534,-2.0376010980361654,1.0,0.0,0.0,0.0,11.900233391293936
0.7166074268366566,1.0934763253788982,-0.6995714797341596,-1.4013414881477548,1.0,0.0,0.0,0.0,11.991647230585656
0.47851084800063465,1.0834991998473882,-0.6948915246948613,-1.958068646800114,1.0,0.0,0.0,0.0,11.913049669142206
0.7799638225673576,1.0834991998473882,-0.6808516595769627,-1.0036792319674983,1.0,0.0,0.0,0.0,12.110667961260443
-0.061980418963755,1.0934763253788982,-0.6714917494983627,-1.0036792319674983,1.0,0.0,0.0,0.0,11.83138646878959
-0.5048996974576592,1.0585563860186276,-0.7136113448520581,-1.71947129309196,1.0,0.0,0.0,0.0,11.70932249586873
-0.5721275822751251,1.0585563860186276,-0.7182912998913565,-1.5604063906198575,1.0,0.0,0.0,0.0,11.569315250157509
-0.965502263942461,1.0585563860186276,-0.7182912998913565,-1.7990037443280114,1.0,0.0,0.0,0.0,11.419724060136211
-0.2513694796946709,1.0735220743158853,-0.7136113448520581,-0.28788717084303633,1.0,0.0,0.0,0.0,11.625369830810577
0.1379244432055348,1.0735220743158853,-0.7182912998913565,-0.8446143294953956,1.0,0.0,0.0,0.0,11.656168298529856
-0.0916443961555864,1.0685335115501304,-0.7182912998913565,0.42790489028142553,1.0,0.0,0.0,0.0,11.507922973347437
-0.7338930451977748,1.0685335115501304,-0.7182912998913565,1.1436969514058875,1.0,0.0,0.0,0.0,11.40646434386837
-0.9423779642620563,1.0635449487843827,-0.7182912998913565,1.1436969514058875,1.0,0.0,0.0,0.0,11.462694763725304
-0.788983288554033,1.0635449487843827,-0.7229712549306548,-0.3674196220790877,1.0,0.0,0.0,0.0,11.486591756518374
-0.7854257039878169,1.0635449487843827,-0.7229712549306548,-1.3218090369117035,1.0,0.0,0.0,0.0,11.642206587981981
0.13666882512334103,1.0735220743158853,-0.7229712549306548,-0.04928981713488239,1.0,0.0,0.0,0.0,11.762134344805622
-0.20501624549367875,1.0735220743158853,-0.7276512099699566,-0.04928981713488239,1.0,0.0,0.0,0.0,11.757446872843532
0.20232718733806446,1.0685335115501304,-0.7276512099699566,0.18930753657327157,1.0,0.0,0.0,0.0,11.755094871382958
-0.5925313761107763,1.0685335115501304,-0.7229712549306548,-0.8446143294953956,1.0,0.0,0.0,0.0,11.696920620516192
-0.919410616841926,1.0685335115501304,-0.7276512099699566,-1.2422765856756521,1.0,0.0,0.0,0.0,11.70932249586873
-0.2725580348316931,1.0585563860186276,-0.732331165009255,-0.6060169757872417,1.0,0.0,0.0,0.0,11.63956692643747
-0.7844839904261716,1.0685335115501304,-0.732331165009255,-0.8446143294953956,1.0,0.0,0.0,0.0,11.464795582766675
-0.7105594758370045,1.0785106370816404,-0.7136113448520581,-1.3218090369117035,1.0,0.0,0.0,0.0,11.566475710526321
-0.7057985906086859,1.0785106370816404,-0.7182912998913565,-1.8785361955640627,1.0,0.0,0.0,0.0,11.429554725537322
-0.16258681779954257,1.0785106370816404,-0.7276512099699566,0.7460346952256308,1.0,0.0,0.0,0.0,11.467938559235831
-0.12015739010540659,1.0785106370816404,-0.7229712549306548,-0.6060169757872417,1.0,0.0,0.0,0.0,11.779902152762993
-0.3911093087588356,1.0785106370816404,-0.7182912998913565,0.03024263410116893,1.0,0.0,0.0,0.0,11.532737896139919
-0.17169004889544862,1.0785106370816404,-0.7136113448520581,0.03024263410116893,1.0,0.0,0.0,0.0,11.566475710526321
0.1756976205115354,1.0834991998473882,-0.7136113448520581,-1.1627441344396008,1.0,0.0,0.0,0.0,11.760574294255605
0.5297819196902196,1.088487762613143,-0.7136113448520581,-1.8785361955640627,1.0,0.0,0.0,0.0,11.841516728140565
0.558818087840954,1.088487762613143,-0.7136113448520581,-1.0036792319674983,1.0,0.0,0.0,0.0,11.795853756086931
-0.29803661841621143,1.0934763253788982,-0.7136113448520581,0.5869697927535281,1.0,0.0,0.0,0.0,11.475233981948293
-0.38650537579079103,1.0934763253788982,-0.7136113448520581,0.2688399878093229,1.0,0.0,0.0,0.0,11.524863917209606
-0.7466061782799883,1.088487762613143,-0.7182912998913565,-1.3218090369117035,1.0,0.0,0.0,0.0,11.550230883578887
-0.770881461202404,1.088487762613143,-0.7182912998913565,-0.7650818782593443,1.0,0.0,0.0,0.0,11.630717389475995
0.15011440208683402,1.088487762613143,-0.704251434773458,-1.5604063906198575,1.0,0.0,0.0,0.0,11.693587311874056
-0.08186103859849192,1.0934763253788982,-0.704251434773458,-1.2422765856756521,1.0,0.0,0.0,0.0,11.634266607494453
-0.0006644026166187388,1.098464888144646,-0.704251434773458,-0.9241467807314468,1.0,0.0,0.0,0.0,11.682676678340282
-0.8845148976409535,1.0934763253788982,-0.704251434773458,-0.446952073315139,1.0,0.0,0.0,0.0,11.588042213851855
-0.8008070254946923,1.098464888144646,-0.704251434773458,-1.3218090369117035,1.0,0.0,0.0,0.0,11.855102824953585
-0.7695735257001186,1.0934763253788982,-0.7089313898127597,-0.9241467807314468,1.0,0.0,0.0,0.0,11.56362808494399
0.5458433676582836,1.088487762613143,-0.7089313898127597,-1.71947129309196,1.0,0.0,0.0,0.0,11.852969885168331
-0.27857453814220573,1.0934763253788982,-0.7229712549306548,-1.6399388418559087,1.0,0.0,0.0,0.0,11.756663486852712
-0.3078199759733056,1.1034534509104008,-0.7229712549306548,0.2688399878093229,1.0,0.0,0.0,0.0,11.466891997618188
-0.4817753977772546,1.098464888144646,-0.7276512099699566,-0.9241467807314468,1.0,0.0,0.0,0.0,11.652696102959753
-0.0987595652880185,1.0934763253788982,-0.7276512099699566,-1.4013414881477548,1.0,0.0,0.0,0.0,11.631605875642963
0.540350038548685,1.0934763253788982,-0.732331165009255,-1.7990037443280114,1.0,0.0,0.0,0.0,11.715057818961629
-0.07401342558478011,1.1034534509104008,-0.7276512099699566,-1.958068646800114,1.0,0.0,0.0,0.0,11.74245657234248
0.2757808451464089,1.0834991998473882,-0.7229712549306548,-1.8785361955640627,1.0,0.0,0.0,0.0,11.799614544567753
0.2718047212194614,1.088487762613143,-0.7229712549306548,-1.4808739393838062,1.0,0.0,0.0,0.0,11.780667550692455
-0.4438975856310714,1.088487762613143,-0.732331165009255,-0.20835471960698504,1.0,0.0,0.0,0.0,11.480412603789821
-0.9470865320702837,1.0834991998473882,-0.732331165009255,-0.04928981713488239,1.0,0.0,0.0,0.0,11.386239162597649
-0.7781535825951104,1.098464888144646,-0.7182912998913565,1.2232294026419388,1.0,0.0,0.0,0.0,11.363276304750233
-1.1397715902669585,1.098464888144646,-0.7182912998913565,-1.4808739393838062,1.0,0.0,0.0,0.0,11.421917019425596
0.14744621366217212,1.108442013676156,-0.7089313898127597,-0.5264845245511903,1.0,0.0,0.0,0.0,11.748005492256807
-0.3276482781879513,1.1034534509104008,-0.7136113448520581,0.5074373415174769,1.0,0.0,0.0,0.0,11.581527593460411
0.08011369400452319,1.098464888144646,-0.704251434773458,-0.8446143294953956,1.0,0.0,0.0,0.0,11.799614544567753
-0.0772571056304476,1.108442013676156,-0.704251434773458,-0.20835471960698504,1.0,0.0,0.0,0.0,11.790564777297387
-0.8139386979376371,1.1034534509104008,-0.7182912998913565,0.03024263410116893,1.0,0.0,0.0,0.0,11.38054769238444
-0.7944243002435398,1.1034534509104008,-0.7182912998913565,0.18930753657327157,1.0,0.0,0.0,0.0,11.391898423211194
-0.13266125350725425,1.1034534509104008,-0.7182912998913565,0.3483724390453742,1.0,0.0,0.0,0.0,11.438212694578302
-0.27161632127004776,1.0934763253788982,-0.7370111200485534,-0.9241467807314468,1.0,0.0,0.0,0.0,11.62893804540639
0.022407579643694383,1.0834991998473882,-0.7370111200485534,-0.9241467807314468,1.0,0.0,0.0,0.0,11.528808656597766
-0.527396188096967,1.088487762613143,-0.7463710301271534,-0.12882226837093372,1.0,0.0,0.0,0.0,11.476271853988816
-0.1895826065667118,1.108442013676156,-0.7463710301271534,-1.1627441344396008,1.0,0.0,0.0,0.0,11.896833207128452
-0.46660334595074476,1.108442013676156,-0.6855316146162611,-0.04928981713488239,1.0,0.0,0.0,0.0,11.279744203985432
-0.8803818214537319,1.1134305764419037,-0.6902115696555629,0.18930753657327157,1.0,0.0,0.0,0.0,11.194110418585193
-1.1389345115454959,1.1184191392076586,-0.6948915246948613,-0.04928981713488239,1.0,0.0,0.0,0.0,11.124332223082254
-1.0633358395134036,1.1234077019734137,-0.6995714797341596,0.2688399878093229,1.0,0.0,0.0,0.0,11.106474871430772
-1.0118031807233618,1.1184191392076586,-0.6995714797341596,0.03024263410116893,1.0,0.0,0.0,0.0,11.151969943847991
-0.8639018341249366,1.1134305764419037,-0.6995714797341596,0.6665022439895795,1.0,0.0,0.0,0.0,11.309596795779068
-0.8260240219787535,1.108442013676156,-0.6948915246948613,0.2688399878093229,1.0,0.0,0.0,0.0,11.344518647594766
-0.7491174144443761,1.108442013676156,-0.6902115696555629,0.5869697927535281,1.0,0.0,0.0,0.0,11.203692838488003
-0.7449320208370631,1.1234077019734137,-0.704251434773458,0.9846320489337848,1.0,0.0,0.0,0.0,11.161962746590705
-0.7980865196499388,1.1234077019734137,-0.7089313898127597,0.6665022439895795,1.0,0.0,0.0,0.0,11.163382173096926
-1.2920676001530622,1.1234077019734137,-0.7089313898127597,0.8255671464616822,1.0,0.0,0.0,0.0,11.103467395592086
-0.8534906675267455,1.1184191392076586,-0.704251434773458,0.10977508533722025,1.0,0.0,0.0,0.0,11.442513730229855
-1.1712666771619893,1.1184191392076586,-0.704251434773458,-0.8446143294953956,1.0,0.0,0.0,0.0,11.189975390433117
-0.9162192542163499,1.1134305764419037,-0.704251434773458,0.03024263410116893,1.0,0.0,0.0,0.0,11.16479958768697
-1.6581325885326805,1.1134305764419037,-0.704251434773458,0.03024263410116893,1.0,0.0,0.0,0.0,11.160541302448653
-0.8453814674125762,1.1234077019734137,-0.7136113448520581,0.7460346952256308,1.0,0.0,0.0,0.0,11.128747176317603
-1.2489057285776464,1.1234077019734137,-0.7136113448520581,0.9846320489337848,1.0,0.0,0.0,0.0,11.116930374363438
-0.9611599180748739,1.1184191392076586,-0.7089313898127597,0.7460346952256308,1.0,0.0,0.0,0.0,11.161962746590705
-0.2744937793750755,1.1134305764419037,-0.7089313898127597,-0.20835471960698504,1.0,0.0,0.0,0.0,11.567423119906431
-0.3194867606536908,1.1134305764419037,-0.7136113448520581,0.03024263410116893,1.0,0.0,0.0,0.0,11.41422052949775
-0.4148614174803371,1.108442013676156,-0.7136113448520581,0.42790489028142553,1.0,0.0,0.0,0.0,11.389638560778947
-0.7264116541247028,1.1134305764419037,-0.7182912998913565,-1.1627441344396008,1.0,0.0,0.0,0.0,11.550230883578887
-0.6728386159510957,1.108442013676156,-0.7229712549306548,-1.1627441344396008,1.0,0.0,0.0,0.0,11.621788838451959
0.2932025460368493,1.108442013676156,-0.6714917494983627,-1.8785361955640627,1.0,0.0,0.0,0.0,11.799614544567753
0.9869838538690799,1.0934763253788982,-0.6621318394197658,-1.0036792319674983,1.0,0.0,0.0,0.0,12.307279044781756
0.6963082678411882,1.0785106370816404,-0.6527719293411658,-0.6855494270232929,1.0,0.0,0.0,0.0,12.009455390434104
1.185685415376267,1.0785106370816404,-0.6574518843804675,-0.9241467807314468,1.0,0.0,0.0,0.0,11.951186847493476
-0.367618787137791,1.1433619530364192,-0.6855316146162611,-0.20835471960698504,1.0,0.0,0.0,0.0,11.713422508992204
-1.1147115460431716,1.1433619530364192,-0.6855316146162611,-0.20835471960698504,1.0,0.0,0.0,0.0,11.371373421319406
-0.3416693467724501,1.1383733902706643,-0.6855316146162611,0.5074373415174769,1.0,0.0,0.0,0.0,11.388506711556236
-1.047012804444883,1.1333848275049165,-0.6855316146162611,0.10977508533722025,1.0,0.0,0.0,0.0,11.404237196256764
-0.4543610696493541,1.1283962647391614,-0.6855316146162611,-0.28788717084303633,1.0,0.0,0.0,0.0,11.374823643830945
-0.1255984017949134,1.1234077019734137,-0.6855316146162611,-1.7990037443280114,1.0,0.0,0.0,0.0,11.575909653758895
0.8566088430012783,1.1333848275049165,-0.6808516595769627,-0.7650818782593443,1.0,0.0,0.0,0.0,11.82847315946983
0.4425687803978339,1.1234077019734137,-0.6761717045376644,-1.7990037443280114,1.0,0.0,0.0,0.0,11.599112335481124
0.3949599281146478,1.1134305764419037,-0.6808516595769627,-1.71947129309196,1.0,0.0,0.0,0.0,11.735276702486741
-0.46487687108772824,1.1184191392076586,-0.6855316146162611,-1.8785361955640627,1.0,0.0,0.0,0.0,11.694421681264394
-0.042570656109840635,1.1184191392076586,-0.6855316146162611,-1.2422765856756521,1.0,0.0,0.0,0.0,11.574029971623514
0.07289389003190826,1.1234077019734137,-0.6902115696555629,-1.5604063906198575,1.0,0.0,0.0,0.0,11.782960235741939
-0.2867883730965575,1.1283962647391614,-0.6948915246948613,-1.71947129309196,1.0,0.0,0.0,0.0,11.713422508992204
0.24459966277192632,1.1333848275049165,-0.6948915246948613,0.3483724390453742,1.0,0.0,0.0,0.0,11.652696102959753
-0.9502255772757684,1.1333848275049165,-0.6948915246948613,0.9050995976977334,1.0,0.0,0.0,0.0,11.356283350762888
-1.0113323239425391,1.1333848275049165,-0.6995714797341596,0.8255671464616822,1.0,0.0,0.0,0.0,11.39640288460621
-0.3385303015669652,1.1283962647391614,-0.6995714797341596,1.2232294026419388,1.0,0.0,0.0,0.0,11.363276304750233
-1.0520352767736587,1.1283962647391614,-0.6995714797341596,0.7460346952256308,1.0,0.0,0.0,0.0,11.400887146781374
0.024500276447350915,1.1283962647391614,-0.6948915246948613,0.42790489028142553,1.0,0.0,0.0,0.0,11.472113887062386
-0.8317266207687174,1.1283962647391614,-0.704251434773458,0.7460346952256308,1.0,0.0,0.0,0.0,11.089820688682373
-0.9511149734173224,1.1333848275049165,-0.7089313898127597,0.42790489028142553,1.0,0.0,0.0,0.0,11.079076314320059
-1.4175770909523626,1.1283962647391614,-0.7089313898127597,0.6665022439895795,1.0,0.0,0.0,0.0,11.16903981679311
-1.0189706672758854,1.1283962647391614,-0.704251434773458,0.5074373415174769,1.0,0.0,0.0,0.0,11.134603622683905
-0.6516500608140733,1.1283962647391614,-0.704251434773458,0.5869697927535281,1.0,0.0,0.0,0.0,11.103467395592086
-0.6273747778916576,1.1333848275049165,-0.7136113448520581,1.064164500169836,1.0,0.0,0.0,0.0,11.112462823634855
-1.0143144168877496,1.1283962647391614,-0.7136113448520581,0.9846320489337848,1.0,0.0,0.0,0.0,11.068215243411098
-1.0993302245362961,1.1333848275049165,-0.7182912998913565,1.2232294026419388,1.0,0.0,0.0,0.0,11.05723491317159
-1.2323211064086685,1.1283962647391614,-0.7182912998913565,-0.04928981713488239,1.0,0.0,0.0,0.0,11.149096419938578
-0.3949807978456,1.1234077019734137,-0.7182912998913565,-0.12882226837093372,1.0,0.0,0.0,0.0,11.274680966120778
-1.0506227064311904,1.1234077019734137,-0.7182912998913565,1.064164500169836,1.0,0.0,0.0,0.0,10.997104049659168
-0.8852473415222332,1.1333848275049165,-0.7229712549306548,0.9050995976977334,1.0,0.0,0.0,0.0,11.227919807721856
-1.186700316088956,1.1283962647391614,-0.7229712549306548,0.42790489028142553,1.0,0.0,0.0,0.0,11.207771646606407
1.228062525650312,1.1483505158021743,-0.6902115696555629,0.2688399878093229,1.0,0.0,0.0,0.0,11.981058595924264
-0.024625781018485903,1.1433619530364192,-0.6948915246948613,0.5869697927535281,1.0,0.0,0.0,0.0,11.713422508992204
-0.033362790173751995,1.1433619530364192,-0.6948915246948613,0.7460346952256308,1.0,0.0,0.0,0.0,11.486591756518374
-0.47586352930692494,1.1383733902706643,-0.6948915246948613,1.064164500169836,1.0,0.0,0.0,0.0,11.48247656671073
-0.5238386035307508,1.1383733902706643,-0.6902115696555629,0.7460346952256308,1.0,0.0,0.0,0.0,11.503894811084523
-0.9904053559059738,1.1433619530364192,-0.6902115696555629,-0.20835471960698504,1.0,0.0,0.0,0.0,11.712603850073448
-0.7839608162252572,1.1433619530364192,-0.6902115696555629,0.5074373415174769,1.0,0.0,0.0,0.0,11.415323661400773
-0.36610158195514003,1.1433619530364192,-0.6948915246948613,0.2688399878093229,1.0,0.0,0.0,0.0,11.813037464800539
-0.20177256544801103,1.1433619530364192,-0.6995714797341596,0.9050995976977334,1.0,0.0,0.0,0.0,11.443586104891608
-0.3027451862244385,1.1383733902706643,-0.6948915246948613,1.6208916588221953,1.0,0.0,0.0,0.0,11.538602958260002
-0.7751191722298085,1.1433619530364192,-0.6995714797341596,0.9050995976977334,1.0,0.0,0.0,0.0,11.313266479778829
-0.3930450533022178,1.1383733902706643,-0.6995714797341596,1.541359207586144,1.0,0.0,0.0,0.0,11.488643018250334
-0.7592669939421103,1.1383733902706643,-0.6995714797341596,0.8255671464616822,1.0,0.0,0.0,0.0,11.407576060361786
-0.8017487390563378,1.1333848275049165,-0.6995714797341596,0.6665022439895795,1.0,0.0,0.0,0.0,11.386239162597649
-1.065533171157243,1.1433619530364192,-0.704251434773458,1.2232294026419388,1.0,0.0,0.0,0.0,11.252871529635922
-1.0715496744677557,1.1433619530364192,-0.704251434773458,0.03024263410116893,1.0,0.0,0.0,0.0,11.248972939884327
-1.398376597778814,1.1333848275049165,-0.704251434773458,1.8594890125303492,1.0,0.0,0.0,0.0,11.283524879179666
-1.2528818525045937,1.1383733902706643,-0.704251434773458,1.8594890125303492,1.0,0.0,0.0,0.0,11.263194068746921
-1.3179647230983118,1.1433619530364192,-0.7089313898127597,0.5869697927535281,1.0,0.0,0.0,0.0,11.16479958768697
-1.4550363637378145,1.1383733902706643,-0.7089313898127597,0.9050995976977334,1.0,0.0,0.0,0.0,11.094390314766315
-1.235041612253422,1.1383733902706643,-0.704251434773458,1.2232294026419388,1.0,0.0,0.0,0.0,11.235866764155578
-1.2677399998105552,1.1333848275049165,-0.704251434773458,1.064164500169836,1.0,0.0,0.0,0.0,11.177466714598282
-0.667711508782137,1.1333848275049165,-0.7089313898127597,1.1436969514058875,1.0,0.0,0.0,0.0,11.110969193687714
-1.2969331202215637,1.1433619530364192,-0.7089313898127597,1.4618267563500926,1.0,0.0,0.0,0.0,11.098939154318382
-1.3965454880756145,1.1383733902706643,-0.7089313898127597,1.4618267563500926,1.0,0.0,0.0,0.0,11.130214506480655
-1.0633358395134036,1.1383733902706643,-0.7089313898127597,1.30276185387799,1.0,0.0,0.0,0.0,11.185823192802378
-0.875987158166053,1.1333848275049165,-0.7089313898127597,1.7004241100582467,1.0,0.0,0.0,0.0,11.05881093278828
-1.4165307425505345,1.1383733902706643,-0.7136113448520581,1.541359207586144,1.0,0.0,0.0,0.0,11.167628403875849
-1.2138530571163995,1.1383733902706643,-0.7136113448520581,0.5074373415174769,1.0,0.0,0.0,0.0,11.127277689932466
-1.2486441414771894,1.1433619530364192,-0.7136113448520581,0.8255671464616822,1.0,0.0,0.0,0.0,11.149096419938578
-1.4103049695596561,1.1383733902706643,-0.7229712549306548,-0.3674196220790877,1.0,0.0,0.0,0.0,11.131679686740132
-0.6873305413164171,1.1333848275049165,-0.7182912998913565,1.6208916588221953,1.0,0.0,0.0,0.0,11.225256725762893
-0.829006114923964,1.1433619530364192,-0.7229712549306548,1.2232294026419388,1.0,0.0,0.0,0.0,11.416425577744599
-1.0872449004951794,1.1333848275049165,-0.732331165009255,0.42790489028142553,1.0,0.0,0.0,0.0,11.202329530346486
0.2406235388449789,1.158327641333677,-0.6902115696555629,0.18930753657327157,1.0,0.0,0.0,0.0,11.979178318844294
-0.08238421279940623,1.158327641333677,-0.6902115696555629,0.6665022439895795,1.0,0.0,0.0,0.0,11.666513129191083
0.013356665967880084,1.158327641333677,-0.6902115696555629,0.5074373415174769,1.0,0.0,0.0,0.0,11.424105180165641
-0.30148956814224476,1.158327641333677,-0.6948915246948613,0.10977508533722025,1.0,0.0,0.0,0.0,11.488643018250334
-0.14568829111001622,1.153339078567922,-0.6948915246948613,0.3483724390453742,1.0,0.0,0.0,0.0,11.388506711556236
0.007497114917641752,1.153339078567922,-0.6855316146162611,0.10977508533722025,1.0,0.0,0.0,0.0,11.725622642422277
0.3917162480689803,1.1483505158021743,-0.6855316146162611,-1.0036792319674983,1.0,0.0,0.0,0.0,12.429220196836383
-0.904971008896696,1.158327641333677,-0.6948915246948613,-0.5264845245511903,1.0,0.0,0.0,0.0,11.394153190178114
-0.8517641926637287,1.158327641333677,-0.6995714797341596,-0.7650818782593443,1.0,0.0,0.0,0.0,11.648338835562747
0.11704979258906079,1.1483505158021743,-0.6995714797341596,0.5869697927535281,1.0,0.0,0.0,0.0,11.476271853988816
0.29676013060306544,1.1483505158021743,-0.6995714797341596,0.5074373415174769,1.0,0.0,0.0,0.0,11.488643018250334
-0.26926203736593407,1.1483505158021743,-0.6948915246948613,0.5074373415174769,1.0,0.0,0.0,0.0,11.464795582766675
-0.09975359626975536,1.158327641333677,-0.704251434773458,0.3483724390453742,1.0,0.0,0.0,0.0,11.407576060361786
-0.4584418284164843,1.158327641333677,-0.704251434773458,0.6665022439895795,1.0,0.0,0.0,0.0,11.331415578682627
-0.9816160293306163,1.153339078567922,-0.704251434773458,0.6665022439895795,1.0,0.0,0.0,0.0,11.185823192802378
-0.9096795767049232,1.153339078567922,-0.704251434773458,0.8255671464616822,1.0,0.0,0.0,0.0,11.37940550085183
-1.126273695883374,1.1483505158021743,-0.7089313898127597,0.18930753657327157,1.0,0.0,0.0,0.0,11.274680966120778
-0.42072096853057545,1.1483505158021743,-0.704251434773458,0.9050995976977334,1.0,0.0,0.0,0.0,11.336200219573199
-0.47790390869049,1.1483505158021743,-0.704251434773458,0.5869697927535281,1.0,0.0,0.0,0.0,11.382828169079987
-0.7077866525721596,1.158327641333677,-0.704251434773458,0.5074373415174769,1.0,0.0,0.0,0.0,11.38737357979909
-1.0620279040111185,1.158327641333677,-0.7089313898127597,-0.9241467807314468,1.0,0.0,0.0,0.0,11.192733974822708
-0.5906479489874854,1.158327641333677,-0.7136113448520581,0.2688399878093229,1.0,0.0,0.0,0.0,11.167628403875849
-1.2630837494224194,1.1483505158021743,-0.7089313898127597,-0.12882226837093372,1.0,0.0,0.0,0.0,11.159117834926688
-1.5750002080074248,1.1483505158021743,-0.7089313898127597,1.8594890125303492,1.0,0.0,0.0,0.0,11.37940550085183
-1.2913874736918738,1.158327641333677,-0.7136113448520581,0.10977508533722025,1.0,0.0,0.0,0.0,11.12285622984002
-1.0715496744677557,1.1483505158021743,-0.7136113448520581,1.2232294026419388,1.0,0.0,0.0,0.0,11.049317340813348
-1.0850998862714316,1.1483505158021743,-0.7182912998913565,-1.5604063906198575,1.0,0.0,0.0,0.0,11.264476926102367
-0.4954825618412049,1.1184191392076586,-0.7229712549306548,0.03024263410116893,1.0,0.0,0.0,0.0,11.344518647594766
-0.36432278967203197,1.1184191392076586,-0.7276512099699566,0.5074373415174769,1.0,0.0,0.0,0.0,11.370220696727491
-0.06606117773088525,1.1184191392076586,-0.7276512099699566,0.6665022439895795,1.0,0.0,0.0,0.0,11.46374572492597
-0.707577382891794,1.1184191392076586,-0.732331165009255,0.2688399878093229,1.0,0.0,0.0,0.0,11.398647529267592
-0.3365422396034915,1.1134305764419037,-0.7276512099699566,0.3483724390453742,1.0,0.0,0.0,0.0,11.506917452956234
-0.7854257039878169,1.1234077019734137,-0.7229712549306548,0.7460346952256308,1.0,0.0,0.0,0.0,11.229248693912288
-0.7766886948325508,1.1234077019734137,-0.7229712549306548,0.10977508533722025,1.0,0.0,0.0,0.0,11.272139700982676
-0.7091469054945364,1.1234077019734137,-0.7276512099699566,0.9846320489337848,1.0,0.0,0.0,0.0,11.356283350762888
-0.36034666574508456,1.1234077019734137,-0.7276512099699566,1.3822943051140413,1.0,0.0,0.0,0.0,11.338583982516495
-0.9835517738739987,1.1234077019734137,-0.732331165009255,1.8594890125303492,1.0,0.0,0.0,0.0,11.250274159310356
-0.8983790139651779,1.1234077019734137,-0.7370111200485534,1.8594890125303492,1.0,0.0,0.0,0.0,11.05881093278828
-1.2967238505411982,1.1184191392076586,-0.741691075087855,-0.20835471960698504,1.0,0.0,0.0,0.0,11.199597325534862
-1.4802533602218757,1.1184191392076586,-0.7370111200485534,1.064164500169836,1.0,0.0,0.0,0.0,11.112462823634855
-0.6848193051520293,1.1184191392076586,-0.7370111200485534,1.541359207586144,1.0,0.0,0.0,0.0,11.130214506480655
-1.2687863482123836,1.1234077019734137,-0.7370111200485534,1.3822943051140413,1.0,0.0,0.0,0.0,11.199597325534862
-1.0216911731206388,1.1283962647391614,-0.7276512099699566,1.1436969514058875,1.0,0.0,0.0,0.0,11.219909190927746
-1.0143144168877496,1.1283962647391614,-0.7276512099699566,0.9050995976977334,1.0,0.0,0.0,0.0,11.154835234271214
-0.9220264878464967,1.1283962647391614,-0.732331165009255,0.9050995976977334,1.0,0.0,0.0,0.0,11.16903981679311
-0.9227589317277766,1.1234077019734137,-0.732331165009255,-0.20835471960698504,1.0,0.0,0.0,0.0,11.338583982516495
-0.985487518417381,1.1283962647391614,-0.7276512099699566,0.6665022439895795,1.0,0.0,0.0,0.0,11.308370569092329
-0.615289453850541,1.1283962647391614,-0.741691075087855,-1.7990037443280114,1.0,0.0,0.0,0.0,11.388506711556236
-0.710245571316456,1.1184191392076586,-0.7463710301271534,-0.8446143294953956,1.0,0.0,0.0,0.0,11.667370387218226
-0.5483754735536236,1.1184191392076586,-0.7510509851664519,-1.1627441344396008,1.0,0.0,0.0,0.0,11.574029971623514
0.44895150564898634,1.1283962647391614,-0.7463710301271534,0.03024263410116893,1.0,0.0,0.0,0.0,11.810070125585671
-0.2544038900599727,1.1283962647391614,-0.7463710301271534,-1.8785361955640627,1.0,0.0,0.0,0.0,11.915058360753719
-1.1555714511345654,1.1333848275049165,-0.741691075087855,-1.7990037443280114,1.0,0.0,0.0,0.0,11.470028402317833
-0.23724377626998921,1.1333848275049165,-0.741691075087855,-1.71947129309196,1.0,0.0,0.0,0.0,11.658764556186767
0.3297724226807469,1.1383733902706643,-0.7370111200485534,-1.71947129309196,1.0,0.0,0.0,0.0,11.621788838451959
0.6593198518365588,1.1433619530364192,-0.7370111200485534,-2.1171335492722165,1.0,0.0,0.0,0.0,11.825551337974238
0.4156776264708475,1.1234077019734137,-0.7557309402057503,-0.9241467807314468,1.0,0.0,0.0,0.0,11.720760435616398
0.013670570488428527,1.1234077019734137,-0.7510509851664519,-1.2422765856756521,1.0,0.0,0.0,0.0,11.715057818961629
0.6045435130008491,1.1283962647391614,-0.7510509851664519,-0.3674196220790877,1.0,0.0,0.0,0.0,11.80932691294063
0.9746892601475977,1.1283962647391614,-0.7510509851664519,-1.5604063906198575,1.0,0.0,0.0,0.0,11.929007348474721
0.6998135349873126,1.1283962647391614,-0.7557309402057503,-0.8446143294953956,1.0,0.0,0.0,0.0,11.769898298682092
0.15194551179003338,1.1383733902706643,-0.7510509851664519,-1.5604063906198575,1.0,0.0,0.0,0.0,12.194511067314858
-1.5132656522995573,1.1483505158021743,-0.7229712549306548,0.5869697927535281,1.0,0.0,0.0,0.0,11.281006017883909
-1.2809239896735916,1.1483505158021743,-0.7276512099699566,0.7460346952256308,1.0,0.0,0.0,0.0,11.19822841866684
-0.7461876389192569,1.158327641333677,-0.7276512099699566,0.10977508533722025,1.0,0.0,0.0,0.0,11.359785940419789
-0.749745223485473,1.158327641333677,-0.732331165009255,-0.6060169757872417,1.0,0.0,0.0,0.0,11.274680966120778
0.2986958751464474,1.158327641333677,-0.7463710301271534,-0.8446143294953956,1.0,0.0,0.0,0.0,11.989786776470444
-0.37436773432958337,1.1483505158021743,-0.741691075087855,0.42790489028142553,1.0,0.0,0.0,0.0,11.836464426179543
-0.9685366743077631,1.1483505158021743,-0.7370111200485534,-0.6855494270232929,1.0,0.0,0.0,0.0,11.358619773129229
-0.9909808475269793,1.158327641333677,-0.7370111200485534,-0.446952073315139,1.0,0.0,0.0,0.0,11.440365524765756
-0.45624449677264495,1.158327641333677,-0.7370111200485534,-0.8446143294953956,1.0,0.0,0.0,0.0,11.575909653758895
2.145919343734065,1.163316204099432,-0.7463710301271534,-1.8785361955640627,1.0,0.0,0.0,0.0,12.318959268856462
0.7640070094394766,1.163316204099432,-0.7463710301271534,-1.958068646800114,1.0,0.0,0.0,0.0,12.014312686825066
-0.3222072664984442,1.163316204099432,-0.7370111200485534,-1.5604063906198575,1.0,0.0,0.0,0.0,11.443586104891608
0.40191814498680584,1.1683047668651798,-0.6948915246948613,-0.9241467807314468,1.0,0.0,0.0,0.0,11.829202282877098
-0.4500710412018582,1.163316204099432,-0.6995714797341596,-1.7990037443280114,1.0,0.0,0.0,0.0,11.58525542883217
0.3844441266762741,1.163316204099432,-0.6948915246948613,-0.446952073315139,1.0,0.0,0.0,0.0,11.762913458369663
1.111080774325912,1.163316204099432,-0.6948915246948613,-0.20835471960698504,1.0,0.0,0.0,0.0,11.850832386224807
0.7234610088686315,1.1782818923966898,-0.6995714797341596,-1.0036792319674983,1.0,0.0,0.0,0.0,11.854392350397763
1.2427114032759075,1.1732933296309347,-0.6948915246948613,-1.5604063906198575,1.0,0.0,0.0,0.0,11.978550773342342
2.0172184903091885,1.1832704551624376,-0.6948915246948613,-0.8446143294953956,1.0,0.0,0.0,0.0,12.062208048765859
-0.3792855718181761,1.1832704551624376,-0.6995714797341596,-1.1627441344396008,1.0,0.0,0.0,0.0,11.982935344196433
0.6710912713571268,1.1832704551624376,-0.6995714797341596,-0.8446143294953956,1.0,0.0,0.0,0.0,11.883115664987255
-0.27355206581342995,1.163316204099432,-0.704251434773458,-0.20835471960698504,1.0,0.0,0.0,0.0,11.501874628783144
-0.7802985968188585,1.1683047668651798,-0.7089313898127597,-1.7990037443280114,1.0,0.0,0.0,0.0,11.309596795779068
-1.1673428706551332,1.1683047668651798,-0.704251434773458,-1.4808739393838062,1.0,0.0,0.0,0.0,11.13751903414526
-0.6148185970697184,1.1732933296309347,-0.704251434773458,-1.4808739393838062,1.0,0.0,0.0,0.0,11.610061250069942
-0.5583681007910835,1.1732933296309347,-0.7089313898127597,0.42790489028142553,1.0,0.0,0.0,0.0,11.320565693461432
-0.2782083162015658,1.1782818923966898,-0.704251434773458,0.18930753657327157,1.0,0.0,0.0,0.0,11.439289689006644
-0.19685472795941827,1.1832704551624376,-0.7089313898127597,-0.3674196220790877,1.0,0.0,0.0,0.0,11.643084929027989
-0.8998439017277375,1.163316204099432,-0.7089313898127597,0.03024263410116893,1.0,0.0,0.0,0.0,11.18859323930985
-0.8712785903578258,1.163316204099432,-0.7136113448520581,-0.446952073315139,1.0,0.0,0.0,0.0,11.200964361058276
-0.6742511862935638,1.1683047668651798,-0.7136113448520581,-0.5264845245511903,1.0,0.0,0.0,0.0,11.305913595583258
-0.9255840724127128,1.1683047668651798,-0.7089313898127597,-0.8446143294953956,1.0,0.0,0.0,0.0,11.205054290550551
-0.9746578124584584,1.1683047668651798,-0.7136113448520581,0.3483724390453742,1.0,0.0,0.0,0.0,11.268315653289422
-0.7867336394901021,1.1732933296309347,-0.7089313898127597,0.10977508533722025,1.0,0.0,0.0,0.0,11.25416768929685
-0.961316870335148,1.1732933296309347,-0.7136113448520581,-0.20835471960698504,1.0,0.0,0.0,0.0,11.294781892900653
-0.0999105485300297,1.1782818923966898,-0.7089313898127597,0.2688399878093229,1.0,0.0,0.0,0.0,11.417526281205168
-0.34459912229756917,1.1782818923966898,-0.7136113448520581,-0.12882226837093372,1.0,0.0,0.0,0.0,11.400887146781374
-0.24378345378141597,1.1782818923966898,-0.7136113448520581,-0.20835471960698504,1.0,0.0,0.0,0.0,11.417526281205168
0.07069655838806892,1.1882590179281924,-0.7182912998913565,-1.8785361955640627,1.0,0.0,0.0,0.0,11.489667073393028
-0.42773150282282474,1.1782818923966898,-0.7276512099699566,-1.8785361955640627,1.0,0.0,0.0,0.0,11.871305953640322
-0.33455417764001777,1.1732933296309347,-0.732331165009255,-1.6399388418559087,1.0,0.0,0.0,0.0,11.769124610238766
0.8043960577500477,1.1982361434596953,-0.7089313898127597,-2.1171335492722165,1.0,0.0,0.0,0.0,12.010063844310778
1.2250281152850102,1.1982361434596953,-0.7089313898127597,-2.0376010980361654,1.0,0.0,0.0,0.0,12.066241450757124
-0.3483136591240594,1.1932475806939404,-0.7276512099699566,-0.04928981713488239,1.0,0.0,0.0,0.0,11.410903813540878
-0.6396693716131396,1.1882590179281924,-0.7276512099699566,-0.5264845245511903,1.0,0.0,0.0,0.0,11.346882686945893
0.37539321300045936,1.1882590179281924,-0.7276512099699566,-1.8785361955640627,1.0,0.0,0.0,0.0,11.748005492256807
-0.25314827197777895,1.1932475806939404,-0.732331165009255,-1.1627441344396008,1.0,0.0,0.0,0.0,11.486591756518374
-0.9212417265451255,1.1932475806939404,-0.732331165009255,-0.04928981713488239,1.0,0.0,0.0,0.0,11.229248693912288
-0.48538529976356204,1.1932475806939404,-0.732331165009255,-1.71947129309196,1.0,0.0,0.0,0.0,11.630717389475995
-1.3224640212261733,1.1932475806939404,-0.7370111200485534,-0.20835471960698504,1.0,0.0,0.0,0.0,11.35159406537374
-0.8835208666592166,1.1932475806939404,-0.7370111200485534,-0.04928981713488239,1.0,0.0,0.0,0.0,11.313266479778829
-1.2704081882352174,1.1882590179281924,-0.7370111200485534,0.6665022439895795,1.0,0.0,0.0,0.0,11.195484970354173
-0.8827361053578454,1.1882590179281924,-0.732331165009255,0.9050995976977334,1.0,0.0,0.0,0.0,11.19135563385109
-1.3467393041485893,1.1932475806939404,-0.7370111200485534,1.8594890125303492,1.0,0.0,0.0,0.0,11.51293546492023
-0.7230110218187609,1.1932475806939404,-0.741691075087855,0.03024263410116893,1.0,0.0,0.0,0.0,11.714240498256716
0.5421288308317931,1.1932475806939404,-0.7463710301271534,0.9846320489337848,1.0,0.0,0.0,0.0,11.854392350397763
-0.6609625615903449,1.1932475806939404,-0.741691075087855,1.8594890125303492,1.0,0.0,0.0,0.0,11.827743504053695
-0.7125475378004783,1.1882590179281924,-0.741691075087855,1.8594890125303492,1.0,0.0,0.0,0.0,11.67505281781187
-0.3439713132564723,1.1882590179281924,-0.741691075087855,0.3483724390453742,1.0,0.0,0.0,0.0,11.676752039127939
0.0027885471094146173,1.1882590179281924,-0.741691075087855,0.3483724390453742,1.0,0.0,0.0,0.0,11.810070125585671
1.1484877296912726,1.1832704551624376,-0.7463710301271534,-0.3674196220790877,1.0,0.0,0.0,0.0,12.063362110324636
1.1066337936181418,1.1832704551624376,-0.7463710301271534,-0.446952073315139,1.0,0.0,0.0,0.0,11.939506063682469
1.263690688732564,1.1782818923966898,-0.7463710301271534,-1.1627441344396008,1.0,0.0,0.0,0.0,12.3225259085418
-0.34695340620168286,1.1782818923966898,-0.741691075087855,-1.958068646800114,1.0,0.0,0.0,0.0,11.83138646878959
-0.0987595652880185,1.1932475806939404,-0.7463710301271534,0.7460346952256308,1.0,0.0,0.0,0.0,11.93689170019576
0.4208047336398061,1.1882590179281924,-0.7510509851664519,0.5869697927535281,1.0,0.0,0.0,0.0,11.934270483892945
1.3706798128195041,1.1882590179281924,-0.7510509851664519,-0.28788717084303633,1.0,0.0,0.0,0.0,12.113962839063479
3.6554861830517016,1.1882590179281924,-0.7510509851664519,-0.6855494270232929,1.0,0.0,0.0,0.0,12.852654809442695
0.33155121496385503,1.2032247062254502,-0.7276512099699566,-1.5604063906198575,1.0,0.0,0.0,0.0,11.81894585784987
-0.4243831879369742,1.1982361434596953,-0.732331165009255,-0.3674196220790877,1.0,0.0,0.0,0.0,11.58989576532275
0.5225097982975133,1.1982361434596953,-0.7276512099699566,-1.8785361955640627,1.0,0.0,0.0,0.0,11.835740580500783
0.8952714164488326,1.213201831756953,-0.732331165009255,-2.0376010980361654,1.0,0.0,0.0,0.0,11.995357787034976
0.05118216069397173,1.213201831756953,-0.7370111200485534,-1.0832116832035494,1.0,0.0,0.0,0.0,11.85723122498801
0.09915723491779782,1.2082132689911982,-0.7370111200485534,-0.28788717084303633,1.0,0.0,0.0,0.0,11.755094871382958
1.5013687282078547,1.213201831756953,-0.741691075087855,-1.8785361955640627,1.0,0.0,0.0,0.0,12.226370248344972
0.17245394046586743,1.1982361434596953,-0.741691075087855,-0.3674196220790877,1.0,0.0,0.0,0.0,11.707677772181546
1.9388469950122518,1.2082132689911982,-0.7463710301271534,-1.1627441344396008,1.0,0.0,0.0,0.0,12.553559003414486
-0.556536991087884,1.2032247062254502,-0.7370111200485534,0.3483724390453742,1.0,0.0,0.0,0.0,11.671645688511857
-1.078298621659548,1.2032247062254502,-0.7370111200485534,-0.9241467807314468,1.0,0.0,0.0,0.0,11.454247073019193
1.789742347751724,1.213201831756953,-0.7604108952450519,-0.20835471960698504,1.0,0.0,0.0,0.0,12.504698367212223
1.4065695630022137,1.2082132689911982,-0.7510509851664519,0.2688399878093229,1.0,0.0,0.0,0.0,12.376663161948423
1.1875165250794664,1.2082132689911982,-0.7510509851664519,-0.20835471960698504,1.0,0.0,0.0,0.0,12.288117962028046
1.2841467999883067,1.1982361434596953,-0.7510509851664519,0.3483724390453742,1.0,0.0,0.0,0.0,12.348444223321136
0.09382085806847357,1.2381446455857137,-0.7604108952450519,0.6665022439895795,1.0,0.0,0.0,0.0,11.785247676408115
-0.7118674113392899,1.2381446455857137,-0.732331165009255,-0.3674196220790877,1.0,0.0,0.0,0.0,11.542493975902508
-1.3004383873676884,1.223178957288456,-0.7370111200485534,0.7460346952256308,1.0,0.0,0.0,0.0,11.701899842594283
0.5715835383432588,1.2181903945227082,-0.7370111200485534,-1.958068646800114,1.0,0.0,0.0,0.0,12.002737848944351
-0.5614548285764768,1.2181903945227082,-0.732331165009255,0.42790489028142553,1.0,0.0,0.0,0.0,11.372524818667134
-0.42574344085935106,1.2431332083514686,-0.7276512099699566,0.42790489028142553,1.0,0.0,0.0,0.0,13.122367377396328
0.4923226469047681,1.223178957288456,-0.7463710301271534,-0.28788717084303633,1.0,0.0,0.0,0.0,11.895469889693825
0.1867889135709147,1.2680760221802292,-0.732331165009255,-1.0036792319674983,1.0,0.0,0.0,0.0,12.302750072044772
0.18825380133347458,1.273064584945984,-0.7510509851664519,-0.7650818782593443,1.0,0.0,0.0,0.0,12.163170363711957
0.1359363812420611,1.2680760221802292,-0.7557309402057503,-0.20835471960698504,1.0,0.0,0.0,0.0,11.703554089007538
0.44105157521518273,1.278053147711732,-0.7604108952450519,-1.0832116832035494,1.0,0.0,0.0,0.0,11.814517839013352
1.7759305488475912,1.2930188360089898,-0.741691075087855,-1.7990037443280114,1.0,0.0,0.0,0.0,12.665713390084107
-0.8298955110655181,1.2580988966487263,-0.7463710301271534,-0.446952073315139,1.0,0.0,0.0,0.0,11.624475784206961
-0.7110303326178273,1.233156082819966,-0.7510509851664519,-0.3674196220790877,1.0,0.0,0.0,0.0,11.472113887062386
-0.377873001475708,1.2431332083514686,-0.7510509851664519,-0.446952073315139,1.0,0.0,0.0,0.0,11.658764556186767
-0.28239370980887885,1.2431332083514686,-0.7557309402057503,-0.6855494270232929,1.0,0.0,0.0,0.0,11.718320437984499
-0.6219337662021506,1.2531103338829714,-0.7557309402057503,-0.3674196220790877,1.0,0.0,0.0,0.0,11.663936936922068
-0.6687578571839654,1.2580988966487263,-0.7557309402057503,-0.6060169757872417,1.0,0.0,0.0,0.0,11.577785809317154
-0.8808003608144632,1.2580988966487263,-0.7604108952450519,-0.12882226837093372,1.0,0.0,0.0,0.0,11.667370387218226
-1.2736518682808848,1.2630874594144743,-0.7557309402057503,-0.3674196220790877,1.0,0.0,0.0,0.0,11.547336553476635
-1.2958867718197356,1.2580988966487263,-0.7510509851664519,-0.04928981713488239,1.0,0.0,0.0,0.0,11.557908390796706
-1.2325826935091253,1.2531103338829714,-0.7510509851664519,-0.12882226837093372,1.0,0.0,0.0,0.0,11.745631152988125
-0.43735790811964487,1.2680760221802292,-0.7510509851664519,-0.20835471960698504,1.0,0.0,0.0,0.0,11.63956692643747
-0.6139292009281644,1.2630874594144743,-0.7510509851664519,0.03024263410116893,1.0,0.0,0.0,0.0,11.429554725537322
-0.6748789953346607,1.2630874594144743,-0.7463710301271534,0.10977508533722025,1.0,0.0,0.0,0.0,11.495789479023493
-0.7811356755403209,1.098464888144646,-0.488973502965689,0.8255671464616822,1.0,0.0,0.0,0.0,10.463131911491967
-0.21281154108729927,1.0036821955953514,-0.5685327386337782,-1.7990037443280114,1.0,0.0,0.0,0.0,11.840796531639839
-0.0733332991235917,1.028625009424112,-0.5732126936730799,-1.8785361955640627,1.0,0.0,0.0,0.0,11.691916481667727
-0.18811771880415218,1.0635449487843827,-0.5544928735158797,-1.7990037443280114,1.0,0.0,0.0,0.0,11.782196591288216
-0.3393150628683364,1.0136593211268543,-0.5451329634372829,-1.958068646800114,1.0,0.0,0.0,0.0,11.748005492256807
-0.9719896240337962,1.033613572189867,-0.45621381769059693,-0.6855494270232929,1.0,0.0,0.0,0.0,11.349241150793087
-1.1089043124130247,1.0735220743158853,-0.488973502965689,-1.6399388418559087,1.0,0.0,0.0,0.0,11.149096419938578
-1.1470437116596648,1.0785106370816404,-0.4936534580049907,-1.1627441344396008,1.0,0.0,0.0,0.0,10.96648993456911
-1.2852663355411786,1.0834991998473882,-0.4936534580049907,-0.8446143294953956,1.0,0.0,0.0,0.0,11.07753193632009
-1.1884267909519728,1.0785106370816404,-0.4936534580049907,-1.4808739393838062,1.0,0.0,0.0,0.0,11.203692838488003
-0.4856992042841105,1.0136593211268543,-0.5076933231228892,-1.8785361955640627,1.0,0.0,0.0,0.0,11.330215832884798
-0.43976450944384987,1.1034534509104008,-0.5123732781621876,-1.71947129309196,1.0,0.0,0.0,0.0,11.421917019425596
-0.07903589791355568,0.9687622562350882,-0.5919325138302768,-0.6855494270232929,1.0,0.0,0.0,0.0,12.026353699006034
0.515865485945904,0.9787393817665909,-0.6059723789481719,-0.8446143294953956,1.0,0.0,0.0,0.0,12.083345533043149
0.12139213845664819,1.0186478838926092,-0.6340521091839689,0.5074373415174769,1.0,0.0,0.0,0.0,11.58989576532275
0.35509405400499094,1.0086707583611065,-0.6480919743018674,0.8255671464616822,1.0,0.0,0.0,0.0,11.938853113303086
-0.5499973135764573,1.2680760221802292,-0.339214941708114,-0.12882226837093372,1.0,0.0,0.0,0.0,11.246365410473757
-0.8206353277093379,1.278053147711732,-0.3438948967474124,0.5869697927535281,1.0,0.0,0.0,0.0,10.92415631759022
-1.1639422383491913,1.273064584945984,-0.3438948967474124,0.6665022439895795,1.0,0.0,0.0,0.0,11.028433383156079
-1.2788836102900263,1.2531103338829714,-0.3438948967474124,0.5869697927535281,1.0,0.0,0.0,0.0,10.995427631436174
-0.9263688337140841,1.278053147711732,-0.3438948967474124,0.42790489028142553,1.0,0.0,0.0,0.0,11.184435286790631
-0.605035239512624,1.278053147711732,-0.34857485178671077,-0.20835471960698504,1.0,0.0,0.0,0.0,11.161962746590705
-0.5483754735536236,1.273064584945984,-0.34857485178671077,0.03024263410116893,1.0,0.0,0.0,0.0,11.146214615088313
-0.36688634325651126,1.2630874594144743,-0.34857485178671077,0.6665022439895795,1.0,0.0,0.0,0.0,11.109473329472568
-0.08881925547064992,1.2580988966487263,-0.34857485178671077,0.5869697927535281,1.0,0.0,0.0,0.0,11.034905792929415
-0.6375766748094831,1.1732933296309347,-0.5591728285551815,-1.8785361955640627,1.0,0.0,0.0,0.0,11.49782197939291
-0.31226695668107585,1.1832704551624376,-0.5498129184765813,-1.71947129309196,1.0,0.0,0.0,0.0,11.434974734252892
-0.6244450023665383,1.223178957288456,-0.5498129184765813,-0.9241467807314468,1.0,0.0,0.0,0.0,11.611874470755124
-0.5619780027773912,1.2281675200542108,-0.5638527835944798,-1.1627441344396008,1.0,0.0,0.0,0.0,11.61909465356394
-0.2395980601741029,1.2181903945227082,-0.5825726037516766,0.03024263410116893,1.0,0.0,0.0,0.0,11.553116860704856
0.6460835445534314,1.158327641333677,-0.5357730533586829,-1.958068646800114,1.0,0.0,0.0,0.0,12.048839720461636
0.8076920552158066,1.1683047668651798,-0.5357730533586829,-1.5604063906198575,1.0,0.0,0.0,0.0,12.04708277568725
-0.12711560697756435,1.1782818923966898,-0.5357730533586829,-1.1627441344396008,1.0,0.0,0.0,0.0,11.663076729214897
-0.8884387041478093,1.1832704551624376,-0.5310930983193844,-1.4808739393838062,1.0,0.0,0.0,0.0,11.431726255472853
-0.9745008601981843,1.1982361434596953,-0.5357730533586829,-1.2422765856756521,1.0,0.0,0.0,0.0,11.452123952509567
-0.9162192542163499,1.2082132689911982,-0.5404530083979845,0.18930753657327157,1.0,0.0,0.0,0.0,11.079076314320059
-0.5746911358596044,1.1932475806939404,-0.5404530083979845,-1.6399388418559087,1.0,0.0,0.0,0.0,11.372524818667134
-0.3511911172290872,1.1832704551624376,-0.5404530083979845,-1.71947129309196,1.0,0.0,0.0,0.0,11.531757032705352
-0.11074025448895208,1.1732933296309347,-0.5404530083979845,-1.71947129309196,1.0,0.0,0.0,0.0,11.60733523953139
-0.42129646015158084,1.153339078567922,-0.517053233201486,-1.4808739393838062,1.0,0.0,0.0,0.0,11.929007348474721
0.4264550150096786,1.158327641333677,-0.526413143280086,-1.71947129309196,1.0,0.0,0.0,0.0,11.864996828675356
0.8952714164488326,1.1683047668651798,-0.526413143280086,-1.5604063906198575,1.0,0.0,0.0,0.0,12.030534032473051
0.6328995546903954,1.1782818923966898,-0.526413143280086,-0.9241467807314468,1.0,0.0,0.0,0.0,11.907673348237187
0.13447149347950169,1.158327641333677,-0.517053233201486,-1.2422765856756521,1.0,0.0,0.0,0.0,11.971621655408228
-0.5069923942613157,1.1732933296309347,-0.5123732781621876,-1.6399388418559087,1.0,0.0,0.0,0.0,11.688566422839942
0.025494307429087773,1.1832704551624376,-0.5217331882407843,-1.3218090369117035,1.0,0.0,0.0,0.0,11.682676678340282
-0.203394405470845,1.1982361434596953,-0.526413143280086,-1.0832116832035494,1.0,0.0,0.0,0.0,11.416425577744599
-0.02975288818744453,1.1932475806939404,-0.5123732781621876,-1.8785361955640627,1.0,0.0,0.0,0.0,11.49782197939291
-1.3857680995367834,1.1333848275049165,-0.517053233201486,0.7460346952256308,1.0,0.0,0.0,0.0,11.068215243411098
-1.4733997781899004,1.1333848275049165,-0.5123732781621876,0.18930753657327157,1.0,0.0,0.0,0.0,10.942013616092948
-0.3226258058591757,1.1333848275049165,-0.5123732781621876,-0.28788717084303633,1.0,0.0,0.0,0.0,11.355113089309977
-0.6611718312707106,1.1283962647391614,-0.517053233201486,-0.20835471960698504,1.0,0.0,0.0,0.0,11.288543647320601
-1.5965549850850873,1.1234077019734137,-0.5076933231228892,-0.8446143294953956,1.0,0.0,0.0,0.0,11.426288563310505
-0.3930450533022178,1.1234077019734137,-0.5123732781621876,-1.5604063906198575,1.0,0.0,0.0,0.0,11.438212694578302
-0.7923839208599749,1.1134305764419037,-0.526413143280086,-1.7990037443280114,1.0,0.0,0.0,0.0,11.54346436927906
-0.2622515030736848,1.108442013676156,-0.5310930983193844,-1.4808739393838062,1.0,0.0,0.0,0.0,11.49273296168228
-0.3045762959276382,1.1134305764419037,-0.5357730533586829,-1.5604063906198575,1.0,0.0,0.0,0.0,11.495789479023493
0.05385034911863386,1.1034534509104008,-0.5404530083979845,-2.0376010980361654,1.0,0.0,0.0,0.0,11.712603850073448
-0.3729028465670237,1.1333848275049165,-0.5217331882407843,0.42790489028142553,1.0,0.0,0.0,0.0,11.215879689565481
-0.5144737853343878,1.1234077019734137,-0.526413143280086,-1.0036792319674983,1.0,0.0,0.0,0.0,11.65789988570203
-0.9689028962484029,1.1283962647391614,-0.526413143280086,-0.8446143294953956,1.0,0.0,0.0,0.0,11.31813853725963
-0.4489723753799385,1.1433619530364192,-0.526413143280086,-1.4808739393838062,1.0,0.0,0.0,0.0,11.516927446349527
-0.9234913756090563,1.1283962647391614,-0.5310930983193844,-1.1627441344396008,1.0,0.0,0.0,0.0,11.667370387218226
-1.1787480682350613,1.1234077019734137,-0.5357730533586829,-1.71947129309196,1.0,0.0,0.0,0.0,11.444657330797734
-0.2559210952426237,1.1383733902706643,-0.5357730533586829,-2.0376010980361654,1.0,0.0,0.0,0.0,11.624475784206961
-0.447769074717836,1.1234077019734137,-0.5404530083979845,-1.6399388418559087,1.0,0.0,0.0,0.0,11.441440204346033
1.1265667306729703,1.1483505158021743,-0.5310930983193844,-1.71947129309196,1.0,0.0,0.0,0.0,12.176133921127343
0.4498409017905406,1.1483505158021743,-0.5357730533586829,-1.71947129309196,1.0,0.0,0.0,0.0,12.069685751267224
-0.1121005074113289,1.1483505158021743,-0.5404530083979845,-1.6399388418559087,1.0,0.0,0.0,0.0,12.015523333397592
0.1658619455343494,1.153339078567922,-0.5404530083979845,-1.7990037443280114,1.0,0.0,0.0,0.0,12.002124919798158
0.7832075026130255,1.1483505158021743,-0.5310930983193844,-1.6399388418559087,1.0,0.0,0.0,0.0,12.620170385023595
-0.8835208666592166,1.158327641333677,-0.5732126936730799,-1.2422765856756521,1.0,0.0,0.0,0.0,11.692752245730048
-0.46189477814251767,1.1433619530364192,-0.5732126936730799,-1.1627441344396008,1.0,0.0,0.0,0.0,11.680141844155234
-1.2035465253583912,1.1383733902706643,-0.5732126936730799,-1.4013414881477548,1.0,0.0,0.0,0.0,11.592669666556795
-0.11236209451178583,1.1333848275049165,-0.5825726037516766,-1.4013414881477548,1.0,0.0,0.0,0.0,11.562677071567636
0.18108631478095094,1.1483505158021743,-0.5825726037516766,-1.7990037443280114,1.0,0.0,0.0,0.0,11.741661349996177
0.5982654225898797,1.1283962647391614,-0.6012924239088735,-1.5604063906198575,1.0,0.0,0.0,0.0,11.930984271840668
-1.2281357128013555,1.1283962647391614,-0.5732126936730799,-1.1627441344396008,1.0,0.0,0.0,0.0,11.546369912189585
0.21598203398192353,1.1234077019734137,-0.5732126936730799,-1.2422765856756521,1.0,0.0,0.0,0.0,11.696088334428081
-0.06721216097289644,1.1184191392076586,-0.5732126936730799,-1.2422765856756521,1.0,0.0,0.0,0.0,11.63956692643747
-0.2471840860873578,1.1134305764419037,-0.5825726037516766,-1.6399388418559087,1.0,0.0,0.0,0.0,11.51792295668052
-0.0442448135527659,1.1283962647391614,-0.5825726037516766,-1.0832116832035494,1.0,0.0,0.0,0.0,11.723194494148304
-0.16044180357579474,1.088487762613143,-0.587252558790975,-1.958068646800114,1.0,0.0,0.0,0.0,11.772987080375044
-0.567419014466898,1.1333848275049165,-0.5498129184765813,-1.6399388418559087,1.0,0.0,0.0,0.0,11.494771677590096
-0.14417108592736527,1.1283962647391614,-0.5591728285551815,-1.4808739393838062,1.0,0.0,0.0,0.0,11.552155793461898
-1.1498688523446012,1.1283962647391614,-0.5638527835944798,-1.0036792319674983,1.0,0.0,0.0,0.0,11.183045451818261
-0.3631718064300208,1.108442013676156,-0.5591728285551815,-1.5604063906198575,1.0,0.0,0.0,0.0,11.467938559235831
0.19102662459831904,1.0934763253788982,-0.5591728285551815,-1.958068646800114,1.0,0.0,0.0,0.0,11.7068543948059
-0.2822367575486045,1.153339078567922,-0.5638527835944798,-1.4013414881477548,1.0,0.0,0.0,0.0,11.505910920476012
-0.3425587429140041,1.1483505158021743,-0.5544928735158797,-1.6399388418559087,1.0,0.0,0.0,0.0,11.597275804538212
-0.5320001210650113,1.4227214679185547,-0.34857485178671077,-1.1627441344396008,1.0,0.0,0.0,0.0,11.310821520675269
-0.24770726028827186,1.8168179264129902,-0.03969781919295742,-0.8446143294953956,1.0,0.0,0.0,0.0,11.119897691565697
-0.7026072279831097,1.9066120561965367,-0.18945638045053573,-1.8785361955640627,1.0,0.0,0.0,0.0,11.225256725762893
-0.6995728176178078,2.016360437043089,-0.339214941708114,-1.3218090369117035,1.0,0.0,0.0,0.0,10.596659732783579
-0.9816160293306163,1.5274812859993518,-0.3672946719439077,-1.0832116832035494,1.0,0.0,0.0,0.0,11.07753193632009
-0.6081742847181089,1.4975499094048434,-0.09585727966454805,-1.6399388418559087,1.0,0.0,0.0,0.0,10.021315031649332
-0.844962928051845,1.712058108332193,-0.5544928735158797,-1.3218090369117035,1.0,0.0,0.0,0.0,11.83138646878959
-0.6353793431656438,1.6222639785486535,-0.7182912998913565,-1.4808739393838062,1.0,0.0,0.0,0.0,11.302216779257382
-0.07694320110989916,1.647206792377414,-0.704251434773458,0.6665022439895795,1.0,0.0,0.0,0.0,11.094390314766315
-1.1875897122305101,1.6272525413144014,-0.704251434773458,-0.6855494270232929,1.0,0.0,0.0,0.0,10.922352923113982
-1.2175152765227988,1.6072982902513957,-0.704251434773458,-1.5604063906198575,1.0,0.0,0.0,0.0,11.03973275601109
-1.1438000316139973,1.6222639785486535,-0.6995714797341596,-0.8446143294953956,1.0,0.0,0.0,0.0,10.900454637442037
-1.2176199113629813,1.6172754157828986,-0.6948915246948613,-1.2422765856756521,1.0,0.0,0.0,0.0,10.957817003758691
-1.183770540563837,1.472607095576076,-0.6574518843804675,-1.1627441344396008,1.0,0.0,0.0,0.0,11.118415133585586
-1.4750739356328257,1.4177329051527998,-0.5217331882407843,-1.0036792319674983,1.0,0.0,0.0,0.0,11.225256725762893
-1.3054085422763728,1.5274812859993518,-0.5544928735158797,-0.6060169757872417,1.0,0.0,0.0,0.0,10.84546552414626
-0.6988403737365279,1.5025384721705914,-0.7370111200485534,-1.0832116832035494,1.0,0.0,0.0,0.0,11.150534214035387
-0.5144737853343878,1.5624012253596224,-0.6902115696555629,-0.7650818782593443,1.0,0.0,0.0,0.0,11.493752839181418
-0.9463540881890038,1.592332601954138,-0.6714917494983627,-1.1627441344396008,1.0,0.0,0.0,0.0,11.082157933374816
-0.9931781791708187,1.587344039188383,-0.6948915246948613,-1.0832116832035494,1.0,0.0,0.0,0.0,11.202329530346486
-1.2001458930524493,1.5624012253596224,-0.7089313898127597,-0.8446143294953956,1.0,0.0,0.0,0.0,11.189975390433117
-1.0143144168877496,1.5474355370623647,-0.732331165009255,-0.5264845245511903,1.0,0.0,0.0,0.0,11.086762629082946
-0.7290275251292734,1.5673897881253702,-0.7182912998913565,-0.9241467807314468,1.0,0.0,0.0,0.0,11.338583982516495
-0.31598149350756616,1.582355476422628,-0.7229712549306548,-1.5604063906198575,1.0,0.0,0.0,0.0,11.49069008091951
-0.6290489353345827,1.582355476422628,-0.7089313898127597,-1.0036792319674983,1.0,0.0,0.0,0.0,11.264476926102367
0.14101117099092841,1.592332601954138,-0.7182912998913565,-1.7990037443280114,1.0,0.0,0.0,0.0,11.663936936922068
-0.8726388432802027,1.6721496062061747,-0.6668117944590642,-0.446952073315139,1.0,0.0,0.0,0.0,10.657282884047461
-1.047012804444883,1.712058108332193,-0.6621318394197658,0.2688399878093229,1.0,0.0,0.0,0.0,10.774801838762809
-1.3284282071165945,1.7519666104582112,-0.6714917494983627,0.03024263410116893,1.0,0.0,0.0,0.0,11.110969193687714
-0.8526012713851915,1.7519666104582112,-0.6948915246948613,-1.0832116832035494,1.0,0.0,0.0,0.0,11.109473329472568
-0.6619042751519902,1.7370009221609535,-0.6948915246948613,-1.2422765856756521,1.0,0.0,0.0,0.0,11.091346218718432
-0.45116970702377784,1.707069545566438,-0.6995714797341596,-0.8446143294953956,1.0,0.0,0.0,0.0,11.321777065973317
-0.3930450533022178,1.7569551732239663,-0.7089313898127597,-0.7650818782593443,1.0,0.0,0.0,0.0,11.091346218718432
-1.3179647230983118,1.8567264285390157,-0.6714917494983627,0.42790489028142553,1.0,0.0,0.0,0.0,10.62135173563291
-1.3304162690800683,2.021348999808844,-0.6621318394197658,0.10977508533722025,1.0,0.0,0.0,0.0,10.657282884047461
-0.9162192542163499,1.7818979870527267,-0.7089313898127597,0.2688399878093229,1.0,0.0,0.0,0.0,10.96302978336854
-1.1778063546734159,2.310685640222482,-0.5076933231228892,-0.6855494270232929,1.0,0.0,0.0,0.0,10.819798284210286
-1.0757873854951603,2.5451480902128445,-0.5778926487123783,-0.7650818782593443,1.0,0.0,0.0,0.0,11.291043617373028
-1.2465514446735326,2.6249650944648812,-0.6761717045376644,-1.0832116832035494,1.0,0.0,0.0,0.0,11.110969193687714
-1.1342259437372688,2.4852853370238135,-0.3766545820225078,0.9846320489337848,1.0,0.0,0.0,0.0,10.789339695269716
-1.1390391463856786,2.455353960429298,-0.34857485178671077,-0.9241467807314468,1.0,0.0,0.0,0.0,11.143324481431074
-0.8817943917962,2.4802967742580653,-0.3766545820225078,1.3822943051140413,1.0,0.0,0.0,0.0,10.781058245898533
-0.8994253623670063,2.4753082114923104,-0.37197462698320605,1.541359207586144,1.0,0.0,0.0,0.0,10.791399385808587
-0.3475288978226882,2.4753082114923104,-0.3766545820225078,0.18930753657327157,1.0,0.0,0.0,0.0,11.161962746590705
-1.1353246095591885,2.460342523195053,-0.3766545820225078,-1.4808739393838062,1.0,0.0,0.0,0.0,11.371373421319406
0.18956173683575964,1.1034534509104008,-0.6340521091839689,-0.8446143294953956,1.0,0.0,0.0,0.0,11.965280520280166
-0.26633226184081504,1.1433619530364192,-0.643412019262569,-0.8446143294953956,1.0,0.0,0.0,0.0,11.80261302508661
-0.5807076391701168,1.1283962647391614,-0.6480919743018674,0.03024263410116893,1.0,0.0,0.0,0.0,11.49171204297103
-1.020069333097805,1.1234077019734137,-0.6527719293411658,0.03024263410116893,1.0,0.0,0.0,0.0,11.545402335602985
-0.16415634040228502,1.1333848275049165,-0.6527719293411658,0.7460346952256308,1.0,0.0,0.0,0.0,11.477308649967686
0.7022201363115176,1.1433619530364192,-0.6527719293411658,-1.0036792319674983,1.0,0.0,0.0,0.0,11.76446986680519
0.3543616101237114,1.153339078567922,-0.6527719293411658,-1.4808739393838062,1.0,0.0,0.0,0.0,11.793590475326612
-0.05517915435187134,1.1483505158021743,-0.6574518843804675,-0.20835471960698504,1.0,0.0,0.0,0.0,11.611874470755124
-0.69669535951278,1.2032247062254502,-0.643412019262569,-0.12882226837093372,1.0,0.0,0.0,0.0,11.814517839013352
-1.047012804444883,1.1932475806939404,-0.6246921991053721,0.3483724390453742,1.0,0.0,0.0,0.0,11.174665631549477
1.7387328631625962,1.1982361434596953,-0.6340521091839689,-1.2422765856756521,1.0,0.0,0.0,0.0,12.444305774364985
0.7001797569279525,1.1882590179281924,-0.6387320642232673,-1.0036792319674983,1.0,0.0,0.0,0.0,12.449806748940393
0.9761541479101571,1.1782818923966898,-0.6340521091839689,-1.0036792319674983,1.0,0.0,0.0,0.0,12.029341433599432
1.2279055733900377,1.1832704551624376,-0.643412019262569,-0.9241467807314468,1.0,0.0,0.0,0.0,12.349744326212377
0.5730484261058183,1.1732933296309347,-0.643412019262569,-1.0036792319674983,1.0,0.0,0.0,0.0,11.998439434579149
-0.4357360680968109,1.1832704551624376,-0.6527719293411658,-0.5264845245511903,1.0,0.0,0.0,0.0,11.829202282877098
-0.16415634040228502,1.1982361434596953,-0.6480919743018674,-1.0832116832035494,1.0,0.0,0.0,0.0,12.016732516077072
0.5879065734117799,1.1782818923966898,-0.6621318394197658,0.18930753657327157,1.0,0.0,0.0,0.0,11.989786776470444
0.032033984940514515,1.2481217711172237,-0.6527719293411658,-0.6060169757872417,1.0,0.0,0.0,0.0,11.652696102959753
0.7219961211060721,1.2181903945227082,-0.6527719293411658,-0.9241467807314468,1.0,0.0,0.0,0.0,11.878269721588795
1.7582995782767845,1.2082132689911982,-0.6621318394197658,-1.4808739393838062,1.0,0.0,0.0,0.0,12.05467400868968
0.3771720052835674,1.223178957288456,-0.6668117944590642,-0.7650818782593443,1.0,0.0,0.0,0.0,11.727238138609684
0.3403405415392124,1.233156082819966,-0.6668117944590642,-0.5264845245511903,1.0,0.0,0.0,0.0,11.593592593037384
0.06473237249764777,1.2381446455857137,-0.6621318394197658,-1.0036792319674983,1.0,0.0,0.0,0.0,11.37940550085183
-0.6091159982797543,1.2531103338829714,-0.6855316146162611,-0.6060169757872417,1.0,0.0,0.0,0.0,11.39640288460621
0.8893595479785028,1.2181903945227082,-0.6855316146162611,-0.9241467807314468,1.0,0.0,0.0,0.0,11.918397239722838
-0.9826623777324446,1.3129730870720024,-0.6527719293411658,-0.12882226837093372,1.0,0.0,0.0,0.0,11.941462360646149
-1.1733070565455543,1.3279387753692602,-0.6527719293411658,-0.446952073315139,1.0,0.0,0.0,0.0,11.732069026983156
-0.18178731097309128,1.3329273381350082,-0.6480919743018674,-1.0036792319674983,1.0,0.0,0.0,0.0,12.153204427390497
0.3992499565621439,1.342904463666518,-0.6527719293411658,-1.2422765856756521,1.0,0.0,0.0,0.0,12.330504638906516
0.5692292544391452,1.342904463666518,-0.6480919743018674,-1.4013414881477548,1.0,0.0,0.0,0.0,12.07824495582233
0.048409337429126786,1.347893026432266,-0.6527719293411658,-1.0832116832035494,1.0,0.0,0.0,0.0,12.116153408446742
-0.3891735642154532,1.3528815891980208,-0.6527719293411658,-0.7650818782593443,1.0,0.0,0.0,0.0,11.790564777297387
0.8295084193939262,1.3528815891980208,-0.6574518843804675,-1.2422765856756521,1.0,0.0,0.0,0.0,11.903622053373214
-0.1914137162699112,1.2880302732432418,-0.6246921991053721,0.03024263410116893,1.0,0.0,0.0,0.0,11.964644189595829
0.2772980503290596,1.337915900900763,-0.6387320642232673,-1.2422765856756521,1.0,0.0,0.0,0.0,11.93558195089097
0.09382085806847357,1.3528815891980208,-0.6200122440660704,-0.7650818782593443,1.0,0.0,0.0,0.0,11.798111925972618
-0.7562325835768082,1.3578701519637757,-0.643412019262569,-0.8446143294953956,1.0,0.0,0.0,0.0,11.41422052949775
-0.6627936712935443,1.3578701519637757,-0.643412019262569,-0.7650818782593443,1.0,0.0,0.0,0.0,11.433893080082035
-0.5957750561564441,1.3678472774952786,-0.6480919743018674,-1.0832116832035494,1.0,0.0,0.0,0.0,11.416425577744599
-0.7123382681201126,1.3728358402610334,-0.6527719293411658,-1.4013414881477548,1.0,0.0,0.0,0.0,11.346882686945893
-0.5518807406997482,1.402767216855542,-0.6293721541446705,-1.1627441344396008,1.0,0.0,0.0,0.0,11.620891583095712
-0.6639969719556468,1.402767216855542,-0.6574518843804675,-1.4808739393838062,1.0,0.0,0.0,0.0,11.39640288460621
0.0821540733880882,1.2930188360089898,-0.704251434773458,-1.0036792319674983,1.0,0.0,0.0,0.0,11.804855999911272
0.013879840168794157,1.342904463666518,-0.7276512099699566,1.8594890125303492,1.0,0.0,0.0,0.0,11.76446986680519
-1.7475430594689056,1.402767216855542,-0.6995714797341596,-1.958068646800114,1.0,0.0,0.0,0.0,10.657282884047461
-1.1451079671162827,1.342904463666518,-0.6761717045376644,0.7460346952256308,1.0,0.0,0.0,0.0,12.323860125621126
-0.2014586609274626,1.0535678232528798,-0.3672946719439077,-1.71947129309196,1.0,0.0,0.0,0.0,11.968456114085114
-0.6427560993985331,1.1433619530364192,-0.23625593084352625,0.2688399878093229,1.0,0.0,0.0,0.0,10.883710371704016
-0.6370011831884775,1.3578701519637757,-0.3064552564330187,-0.20835471960698504,1.0,0.0,0.0,0.0,10.957817003758691
-1.0779847171389996,1.213201831756953,-0.4140942223369015,0.3483724390453742,1.0,0.0,0.0,0.0,11.51293546492023
-0.14521743432919343,1.2531103338829714,-0.35793476186531087,-1.1627441344396008,1.0,0.0,0.0,0.0,11.423011698301428
-0.9019889159514854,1.1882590179281924,-0.32517507659021555,0.18930753657327157,1.0,0.0,0.0,0.0,11.015361515187424
-0.5994372755628428,1.2032247062254502,-0.3438948967474124,-1.0036792319674983,1.0,0.0,0.0,0.0,11.209127560632263
-0.12659243277665028,1.2431332083514686,-0.31581516651161545,-0.04928981713488239,1.0,0.0,0.0,0.0,11.287291314687705
0.06127942277161441,1.3029959615404998,-0.32517507659021555,-0.6855494270232929,1.0,0.0,0.0,0.0,11.390769130367211
-0.2104572571831856,1.2880302732432418,-0.34857485178671077,-0.3674196220790877,1.0,0.0,0.0,0.0,11.163382173096926
-0.3785008105168049,1.2880302732432418,-0.3532548068260092,-0.446952073315139,1.0,0.0,0.0,0.0,11.141876276228
-0.13977642263968634,1.283041710477487,-0.35793476186531087,-1.0036792319674983,1.0,0.0,0.0,0.0,11.375971077721223
-0.442066475927872,1.273064584945984,-0.3532548068260092,-0.8446143294953956,1.0,0.0,0.0,0.0,11.289794413577894
0.03669023532865036,1.2680760221802292,-0.35793476186531087,-1.71947129309196,1.0,0.0,0.0,0.0,11.527823929632195
-1.1559899904952966,1.3029959615404998,-0.3766545820225078,0.10977508533722025,1.0,0.0,0.0,0.0,10.707751151716078
-1.766429648121906,1.3329273381350082,-0.4421739525726985,-1.4808739393838062,1.0,0.0,0.0,0.0,10.915106645867503
-0.1703297959730718,1.163316204099432,-0.488973502965689,-1.958068646800114,1.0,0.0,0.0,0.0,12.134044816071038
-0.35814933410124516,1.233156082819966,-0.4983334130442891,-1.7990037443280114,1.0,0.0,0.0,0.0,11.633380483255026
-1.2955205498790956,1.3329273381350082,-0.5217331882407843,-0.6855494270232929,1.0,0.0,0.0,0.0,11.260623406285792
-0.911563003828214,1.3129730870720024,-0.5778926487123783,-0.6855494270232929,1.0,0.0,0.0,0.0,11.270866642542865
0.45167201149374,1.1932475806939404,-1.3454052751574666,1.8594890125303492,0.0,0.0,0.0,1.0,12.998388461562133
2.4729032193053975,1.1932475806939404,-1.350085230196765,1.8594890125303492,0.0,0.0,0.0,1.0,13.038114000759418
1.1795642772255717,1.1882590179281924,-1.350085230196765,1.8594890125303492,0.0,0.0,0.0,1.0,12.927809712482325
1.001946636015224,1.1882590179281924,-1.3454052751574666,1.8594890125303492,0.0,0.0,0.0,1.0,13.122367377396328
-0.11628590101864197,1.1982361434596953,-1.350085230196765,0.7460346952256308,0.0,0.0,0.0,1.0,12.425212191503038
-0.7049615118872233,1.1932475806939404,-1.3547651852360634,0.8255671464616822,0.0,0.0,0.0,1.0,12.520887034998584
-0.6037796214304302,1.1932475806939404,-1.350085230196765,0.5869697927535281,0.0,0.0,0.0,1.0,12.559194785729225
-0.4204593814301183,1.1982361434596953,-1.350085230196765,1.8594890125303492,0.0,0.0,0.0,1.0,12.57625939252641
-0.47387546734345126,1.2032247062254502,-1.350085230196765,-0.446952073315139,0.0,0.0,0.0,1.0,12.411056299528171
-1.0006072528237993,1.2032247062254502,-1.350085230196765,1.6208916588221953,0.0,0.0,0.0,1.0,11.83138646878959
-0.6655141771382977,1.2032247062254502,-1.3547651852360634,1.8594890125303492,0.0,0.0,0.0,1.0,12.323860125621126
-0.42705137636163637,1.2032247062254502,-1.3547651852360634,-0.6060169757872417,0.0,0.0,0.0,1.0,12.40410759774362
-0.35794006442087956,1.2032247062254502,-1.3547651852360634,-0.12882226837093372,0.0,0.0,0.0,1.0,12.474193386571581
-0.9014657417505714,1.1982361434596953,-1.350085230196765,-0.04928981713488239,0.0,0.0,0.0,1.0,12.388398368982115
-0.5048996974576592,1.2032247062254502,-1.350085230196765,-0.7650818782593443,0.0,0.0,0.0,1.0,12.201567512641383
-0.8410391215449892,1.2032247062254502,-1.350085230196765,0.42790489028142553,0.0,0.0,0.0,1.0,12.206077645517674
-0.2389179337129145,1.2082132689911982,-1.3454052751574666,1.1436969514058875,0.0,0.0,0.0,1.0,12.618847637882144
-0.640611085174785,1.2082132689911982,-1.3454052751574666,0.9050995976977334,0.0,0.0,0.0,1.0,12.099605962739451
-0.5892353786450173,1.2082132689911982,-1.3454052751574666,0.6665022439895795,0.0,0.0,0.0,1.0,12.07254696717504
-0.738340025905545,1.2082132689911982,-1.350085230196765,0.9050995976977334,0.0,0.0,0.0,1.0,12.199556461239876
-0.6582420557455912,1.2082132689911982,-1.350085230196765,-1.5604063906198575,0.0,0.0,0.0,1.0,12.226860081860359
-0.6288919830743086,1.2082132689911982,-1.350085230196765,-0.12882226837093372,0.0,0.0,0.0,1.0,12.051761119434515
-0.8467417203349531,1.2082132689911982,-1.3547651852360634,1.1436969514058875,0.0,0.0,0.0,1.0,12.48219187523
-0.44489161661280824,1.2082132689911982,-1.3547651852360634,-0.20835471960698504,0.0,0.0,0.0,1.0,12.262930180777365
-0.6249158591473611,1.213201831756953,-1.350085230196765,0.5074373415174769,0.0,0.0,0.0,1.0,11.979178318844294
-0.3930450533022178,1.213201831756953,-1.3547651852360634,1.4618267563500926,0.0,0.0,0.0,1.0,12.059317054505962
-0.6910973955629989,1.213201831756953,-1.3547651852360634,-1.0036792319674983,0.0,0.0,0.0,1.0,12.090106084085123
-0.8344471266134711,1.213201831756953,-1.350085230196765,0.03024263410116893,0.0,0.0,0.0,1.0,11.679295469550114
-0.7290275251292734,1.213201831756953,-1.350085230196765,-0.28788717084303633,0.0,0.0,0.0,1.0,11.80036500801413
-0.5708196467728398,1.213201831756953,-1.350085230196765,0.6665022439895795,0.0,0.0,0.0,1.0,11.769124610238766
-1.4863221809524796,1.213201831756953,-1.350085230196765,-0.7650818782593443,0.0,0.0,0.0,1.0,11.918397239722838
-0.8802771866135489,1.213201831756953,-1.350085230196765,-0.6855494270232929,0.0,0.0,0.0,1.0,11.998439434579149
-0.7636093398096975,1.213201831756953,-1.350085230196765,-0.12882226837093372,0.0,0.0,0.0,1.0,11.785247676408115
-0.6270608733711089,1.213201831756953,-1.3454052751574666,0.5074373415174769,0.0,0.0,0.0,1.0,11.894104711087113
-0.8912638448327458,1.213201831756953,-1.3454052751574666,0.2688399878093229,0.0,0.0,0.0,1.0,11.8879382384223
-0.940180632618217,1.213201831756953,-1.3454052751574666,0.5074373415174769,0.0,0.0,0.0,1.0,11.982935344196433
-0.5483754735536236,1.2181903945227082,-1.340725320118165,0.10977508533722025,0.0,0.0,0.0,1.0,12.05350987098043
-0.9243807717506104,1.2181903945227082,-1.3454052751574666,0.03024263410116893,0.0,0.0,0.0,1.0,11.998439434579149
-0.7854257039878169,1.2181903945227082,-1.3454052751574666,0.9846320489337848,0.0,0.0,0.0,1.0,11.947308393235778
-1.0134250207461957,1.2181903945227082,-1.3454052751574666,-0.12882226837093372,0.0,0.0,0.0,1.0,11.869907361794104
-0.6502898078916964,1.2181903945227082,-1.3454052751574666,0.3483724390453742,0.0,0.0,0.0,1.0,11.849404844423074
-0.8998439017277375,1.2181903945227082,-1.3454052751574666,-0.5264845245511903,0.0,0.0,0.0,1.0,11.752737324967208
-0.9150159535542474,1.213201831756953,-1.3454052751574666,-0.3674196220790877,0.0,0.0,0.0,1.0,11.86569981146014
-0.8631693902436569,1.2181903945227082,-1.350085230196765,-0.3674196220790877,0.0,0.0,0.0,1.0,11.630717389475995
-1.007774739376323,1.2181903945227082,-1.350085230196765,-0.04928981713488239,0.0,0.0,0.0,1.0,11.918397239722838
-0.9140219225725105,1.2181903945227082,-1.350085230196765,-0.446952073315139,0.0,0.0,0.0,1.0,11.813037464800539
-0.674408138553838,1.2181903945227082,-1.350085230196765,0.18930753657327157,0.0,0.0,0.0,1.0,11.779902152762993
-0.4584418284164843,1.2181903945227082,-1.350085230196765,1.7004241100582467,0.0,0.0,0.0,1.0,12.036475785297062
-0.099962865950121,1.2181903945227082,-1.3547651852360634,1.8594890125303492,0.0,0.0,0.0,1.0,12.129736808912964
-0.6190563080971229,1.2181903945227082,-1.350085230196765,0.6665022439895795,0.0,0.0,0.0,1.0,12.067390869565173
-0.7517332854489467,1.223178957288456,-1.350085230196765,0.6665022439895795,0.0,0.0,0.0,1.0,11.680987503016127
-0.3167662548089374,1.223178957288456,-1.3547651852360634,1.3822943051140413,0.0,0.0,0.0,1.0,11.952476330009466
-0.04513420969431994,1.223178957288456,-1.3547651852360634,1.8594890125303492,0.0,0.0,0.0,1.0,12.003962581340353
-0.8456430545130335,1.2181903945227082,-1.350085230196765,-0.6855494270232929,0.0,0.0,0.0,1.0,11.967821801563451
-0.9086855457231863,1.223178957288456,-1.350085230196765,-1.0832116832035494,0.0,0.0,0.0,1.0,11.577785809317154
-0.9875802152210376,1.223178957288456,-1.350085230196765,-0.9241467807314468,0.0,0.0,0.0,1.0,11.688566422839942
-0.811008922412518,1.223178957288456,-1.350085230196765,-0.6855494270232929,0.0,0.0,0.0,1.0,11.649211809228195
-0.8980651094446295,1.223178957288456,-1.3454052751574666,-0.446952073315139,0.0,0.0,0.0,1.0,11.662215780913316
-0.7568080751978138,1.223178957288456,-1.3454052751574666,0.3483724390453742,0.0,0.0,0.0,1.0,11.842236406331555
-0.7293937470699133,1.223178957288456,-1.3454052751574666,-0.20835471960698504,0.0,0.0,0.0,1.0,11.724813914587886
-0.855583364330402,1.2281675200542108,-1.3454052751574666,0.03024263410116893,0.0,0.0,0.0,1.0,11.645715332733134
-1.0259812015681347,1.223178957288456,-1.3454052751574666,-0.04928981713488239,0.0,0.0,0.0,1.0,11.760574294255605
-0.9464064056090953,1.223178957288456,-1.3454052751574666,-0.12882226837093372,0.0,0.0,0.0,1.0,11.685205103383671
-0.6681823655629598,1.223178957288456,-1.3454052751574666,-0.04928981713488239,0.0,0.0,0.0,1.0,11.901590234400047
-0.9743439079379099,1.223178957288456,-1.3454052751574666,-0.9241467807314468,0.0,0.0,0.0,1.0,11.918397239722838
-0.8845148976409535,1.223178957288456,-1.3454052751574666,0.9846320489337848,0.0,0.0,0.0,1.0,11.699413330633599
-0.6702227449465249,1.2281675200542108,-1.340725320118165,1.541359207586144,0.0,0.0,0.0,1.0,12.15636230813118
-0.1076535267035587,1.2281675200542108,-1.340725320118165,1.7004241100582467,0.0,0.0,0.0,1.0,12.025755079404917
-0.5668435228458923,1.223178957288456,-1.340725320118165,1.541359207586144,0.0,0.0,0.0,1.0,12.07254696717504
-0.3930450533022178,1.223178957288456,-1.340725320118165,1.1436969514058875,0.0,0.0,0.0,1.0,12.166296978418426
1.4277581181392358,1.2281675200542108,-1.340725320118165,1.8594890125303492,0.0,0.0,0.0,1.0,12.711084401471556
0.26746237535187406,1.2281675200542108,-1.340725320118165,1.8594890125303492,0.0,0.0,0.0,1.0,12.611541086966115
0.9943082926818775,1.233156082819966,-1.340725320118165,1.6208916588221953,0.0,0.0,0.0,1.0,12.548246454396082
0.21190127521479307,1.233156082819966,-1.3454052751574666,1.8594890125303492,0.0,0.0,0.0,1.0,12.509139512775626
-0.3930450533022178,1.2381446455857137,-1.340725320118165,0.7460346952256308,0.0,0.0,0.0,1.0,12.285350445351659
-0.16917881273106058,1.2381446455857137,-1.3454052751574666,1.1436969514058875,0.0,0.0,0.0,1.0,12.314931534737134
-0.2568104913841777,1.2281675200542108,-1.3454052751574666,0.18930753657327157,0.0,0.0,0.0,1.0,12.227839029667624
-0.5238386035307508,1.233156082819966,-1.3454052751574666,0.10977508533722025,0.0,0.0,0.0,1.0,11.846543632608535
-0.9921318307689905,1.2281675200542108,-1.3454052751574666,-0.04928981713488239,0.0,0.0,0.0,1.0,11.717505780625043
-0.8453814674125762,1.2281675200542108,-1.3454052751574666,-0.6060169757872417,0.0,0.0,0.0,1.0,11.746423225963612
-0.9370415874127324,1.2281675200542108,-1.3454052751574666,-0.7650818782593443,0.0,0.0,0.0,1.0,11.647465099148372
-1.2759015173448156,1.233156082819966,-1.350085230196765,-0.9241467807314468,0.0,0.0,0.0,1.0,11.476271853988816
-1.3243997657695559,1.233156082819966,-1.350085230196765,-1.4013414881477548,0.0,0.0,0.0,1.0,11.421917019425596
-0.9554573192849098,1.2281675200542108,-1.350085230196765,-1.4013414881477548,0.0,0.0,0.0,1.0,11.51293546492023
-1.144009301294363,1.2281675200542108,-1.350085230196765,-0.6060169757872417,0.0,0.0,0.0,1.0,11.51293546492023
-1.1021553652212324,1.2281675200542108,-1.350085230196765,-0.8446143294953956,0.0,0.0,0.0,1.0,11.54346436927906
-0.8619660895815544,1.2381446455857137,-1.3454052751574666,0.03024263410116893,0.0,0.0,0.0,1.0,11.849404844423074
-1.216155023600422,1.2381446455857137,-1.3454052751574666,0.18930753657327157,0.0,0.0,0.0,1.0,11.715874472198905
-0.4957964663617534,1.233156082819966,-1.3454052751574666,0.18930753657327157,0.0,0.0,0.0,1.0,11.930325731537252
-1.1676567751756817,1.233156082819966,-1.350085230196765,-1.0036792319674983,0.0,0.0,0.0,1.0,11.546369912189585
-1.2522017260434057,1.233156082819966,-1.350085230196765,-0.6060169757872417,0.0,0.0,0.0,1.0,11.459535236710686
-0.9797326022073255,1.233156082819966,-1.350085230196765,-0.6855494270232929,0.0,0.0,0.0,1.0,11.504903373867316
-1.4725103820483465,1.233156082819966,-1.350085230196765,-1.0832116832035494,0.0,0.0,0.0,1.0,11.433893080082035
-1.1152347202440858,1.233156082819966,-1.350085230196765,-0.446952073315139,0.0,0.0,0.0,1.0,11.352768449837729
-0.7608888339649441,1.2281675200542108,-1.350085230196765,1.3822943051140413,0.0,0.0,0.0,1.0,11.41422052949775
-0.9348965731889843,1.2281675200542108,-1.350085230196765,-0.6855494270232929,0.0,0.0,0.0,1.0,11.52387529615648
-0.9224973446273195,1.2281675200542108,-1.350085230196765,0.42790489028142553,0.0,0.0,0.0,1.0,11.533717798424087
-0.8891711480290893,1.223178957288456,-1.350085230196765,-1.2422765856756521,0.0,0.0,0.0,1.0,11.530775206233024
-1.1855493328469449,1.233156082819966,-1.3547651852360634,-1.1627441344396008,0.0,0.0,0.0,1.0,11.444657330797734
-0.8769811891477899,1.2281675200542108,-1.3547651852360634,-0.28788717084303633,0.0,0.0,0.0,1.0,11.499850357082506
-0.7449320208370631,1.2281675200542108,-1.3547651852360634,-0.28788717084303633,0.0,0.0,0.0,1.0,11.410903813540878
-0.33172903695508155,1.2281675200542108,-1.3547651852360634,0.3483724390453742,0.0,0.0,0.0,1.0,11.720760435616398
-0.8105903830517865,1.2281675200542108,-1.3594451402753651,0.5074373415174769,0.0,0.0,0.0,1.0,11.485564545613576
-0.8573621566135101,1.233156082819966,-1.3594451402753651,-0.3674196220790877,0.0,0.0,0.0,1.0,11.541522639947903
-0.021329783552726887,1.2281675200542108,-1.3594451402753651,0.42790489028142553,0.0,0.0,0.0,1.0,11.749585258937909
0.005299783273802407,1.2281675200542108,-1.3594451402753651,-0.12882226837093372,0.0,0.0,0.0,1.0,11.795099898183592
-1.189106917413161,1.2381446455857137,-1.350085230196765,0.10977508533722025,0.0,0.0,0.0,1.0,11.34333452885509
-0.8142002850380942,1.2381446455857137,-1.3547651852360634,-0.446952073315139,0.0,0.0,0.0,1.0,11.442513730229855
-1.1518045968879835,1.233156082819966,-1.3547651852360634,-0.6855494270232929,0.0,0.0,0.0,1.0,11.51293546492023
-1.2416859246050316,1.2431332083514686,-1.350085230196765,-0.6855494270232929,0.0,0.0,0.0,1.0,11.51293546492023
-1.3820012452902017,1.2431332083514686,-1.350085230196765,-1.0036792319674983,0.0,0.0,0.0,1.0,11.760574294255605
-0.7147448694443176,1.2431332083514686,-1.350085230196765,-1.0832116832035494,0.0,0.0,0.0,1.0,11.464795582766675
-1.047012804444883,1.2381446455857137,-1.350085230196765,-0.3674196220790877,0.0,0.0,0.0,1.0,11.461642696843066
-1.385192607915778,1.2381446455857137,-1.350085230196765,-0.04928981713488239,0.0,0.0,0.0,1.0,11.561725152903833
-1.1496072652441442,1.2381446455857137,-1.350085230196765,-0.6855494270232929,0.0,0.0,0.0,1.0,11.466891997618188
-1.2323211064086685,1.2381446455857137,-1.3454052751574666,-1.4808739393838062,0.0,0.0,0.0,1.0,11.685205103383671
-1.1181121783491135,1.2431332083514686,-1.3454052751574666,-0.8446143294953956,0.0,0.0,0.0,1.0,11.736077016252437
-0.7783105348553847,1.2481217711172237,-1.3454052751574666,-1.1627441344396008,0.0,0.0,0.0,1.0,11.835740580500783
-0.8169207908828476,1.2481217711172237,-1.350085230196765,0.6665022439895795,0.0,0.0,0.0,1.0,11.946012225174645
-0.7815542149010523,1.2481217711172237,-1.350085230196765,-1.1627441344396008,0.0,0.0,0.0,1.0,11.88242482344573
-0.30012931521986796,1.2481217711172237,-1.350085230196765,-1.5604063906198575,0.0,0.0,0.0,1.0,11.687727151613768
-0.4475598050374704,1.2531103338829714,-1.350085230196765,0.42790489028142553,0.0,0.0,0.0,1.0,11.769124610238766
-0.36850818327934504,1.2580988966487263,-1.3547651852360634,0.42790489028142553,0.0,0.0,0.0,1.0,11.655301379246426
-0.6348038515446381,1.2481217711172237,-1.3547651852360634,0.6665022439895795,0.0,0.0,0.0,1.0,11.669082701743504
-0.6895278729602564,1.2481217711172237,-1.350085230196765,0.18930753657327157,0.0,0.0,0.0,1.0,11.701071692055445
-0.9775875879835777,1.2431332083514686,-1.350085230196765,-0.6855494270232929,0.0,0.0,0.0,1.0,11.680987503016127
-1.080862175244027,1.2431332083514686,-1.3547651852360634,-0.20835471960698504,0.0,0.0,0.0,1.0,11.733674150882164
-1.1742487701072,1.2381446455857137,-1.350085230196765,-0.7650818782593443,0.0,0.0,0.0,1.0,11.675902789388996
-0.8896943222300033,1.2381446455857137,-1.3547651852360634,1.064164500169836,0.0,0.0,0.0,1.0,11.609153405321658
-0.192773969192288,1.2431332083514686,-1.3547651852360634,0.3483724390453742,0.0,0.0,0.0,1.0,11.748005492256807
-0.09358014069896858,1.2431332083514686,-1.3594451402753651,0.5869697927535281,0.0,0.0,0.0,1.0,11.711784520403112
-0.5808122740102999,1.2481217711172237,-1.3547651852360634,0.7460346952256308,0.0,0.0,0.0,1.0,11.643084929027989
-0.7821820239421491,1.2431332083514686,-1.3547651852360634,0.5074373415174769,0.0,0.0,0.0,1.0,11.813777925845397
-0.1379976303565785,1.2431332083514686,-1.3594451402753651,0.5869697927535281,0.0,0.0,0.0,1.0,11.715874472198905
-1.2822319251758765,1.2431332083514686,-1.3594451402753651,-0.7650818782593443,0.0,0.0,0.0,1.0,11.61999352194924
-0.6440640349008183,1.2481217711172237,-1.3594451402753651,-0.8446143294953956,0.0,0.0,0.0,1.0,11.946012225174645
-1.1482470123217674,1.2481217711172237,-1.3360453650788666,-0.5264845245511903,0.0,0.0,0.0,1.0,12.295917919903431
-0.4126640858364978,1.2381446455857137,-1.340725320118165,0.18930753657327157,0.0,0.0,0.0,1.0,12.582798715298532
1.1962535342347325,1.2431332083514686,-1.340725320118165,0.18930753657327157,0.0,0.0,0.0,1.0,12.297744396089387
-0.173521158598648,1.2481217711172237,-1.340725320118165,0.42790489028142553,0.0,0.0,0.0,1.0,12.130815551850676
0.24936054800024499,1.2481217711172237,-1.340725320118165,0.7460346952256308,0.0,0.0,0.0,1.0,12.122696471358964
-0.7134892513621236,1.2481217711172237,-1.3454052751574666,1.064164500169836,0.0,0.0,0.0,1.0,12.08164822965012
-0.5746911358596044,1.2431332083514686,-1.340725320118165,-0.28788717084303633,0.0,0.0,0.0,1.0,12.123239799036943
-0.4148614174803371,1.2431332083514686,-1.3454052751574666,-0.12882226837093372,0.0,0.0,0.0,1.0,11.953764151901414
-0.6724723940104558,1.2381446455857137,-1.3454052751574666,0.18930753657327157,0.0,0.0,0.0,1.0,11.977294499661248
-1.099696446476936,1.2431332083514686,-1.3454052751574666,-0.6855494270232929,0.0,0.0,0.0,1.0,11.8515453936489
-0.5721798996952167,1.2630874594144743,-1.340725320118165,-0.6060169757872417,0.0,0.0,0.0,0.0,11.876185678347824
-1.0392175088512623,1.2580988966487263,-1.340725320118165,-0.446952073315139,0.0,0.0,0.0,1.0,11.902945238977257
-1.088814423097922,1.2531103338829714,-1.340725320118165,-0.8446143294953956,0.0,0.0,0.0,1.0,11.994122464057146
-0.9667578820246551,1.2531103338829714,-1.340725320118165,0.42790489028142553,0.0,0.0,0.0,1.0,11.994122464057146
-0.6415527987364306,1.2481217711172237,-1.340725320118165,0.7460346952256308,0.0,0.0,0.0,1.0,12.029341433599432
-0.4189421762474674,1.2531103338829714,-1.340725320118165,0.2688399878093229,0.0,0.0,0.0,1.0,12.02455676409265
-0.5580018788504437,1.2580988966487263,-1.340725320118165,0.3483724390453742,0.0,0.0,0.0,1.0,11.972253562968545
-0.8238790077550057,1.2531103338829714,-1.3454052751574666,0.5869697927535281,0.0,0.0,0.0,1.0,11.962732764429129
-0.3276482781879513,1.2580988966487263,-1.3454052751574666,1.3822943051140413,0.0,0.0,0.0,1.0,11.980432229642377
-0.47675292544847897,1.2531103338829714,-1.3454052751574666,0.6665022439895795,0.0,0.0,0.0,1.0,11.955692780409043
-1.114920815723537,1.2531103338829714,-1.3454052751574666,-0.3674196220790877,0.0,0.0,0.0,1.0,11.962732764429129
-0.027712508803879293,1.2580988966487263,-1.350085230196765,0.5869697927535281,0.0,0.0,0.0,1.0,11.847975261832087
-0.8608674237596348,1.2531103338829714,-1.350085230196765,0.42790489028142553,0.0,0.0,0.0,1.0,11.74325116281265
-0.4093680883707388,1.2580988966487263,-1.350085230196765,0.5074373415174769,0.0,0.0,0.0,1.0,11.829930875050733
0.4244146356261136,1.2481217711172237,-1.3641250953146635,-0.8446143294953956,0.0,0.0,0.0,1.0,11.862179945241476
-0.43510825905571404,1.2431332083514686,-1.3641250953146635,0.2688399878093229,0.0,0.0,0.0,1.0,11.531757032705352
-0.6843484483712065,1.2481217711172237,-1.368805050353962,0.5869697927535281,0.0,0.0,0.0,1.0,11.600029337681997
-0.04560506647514273,1.2531103338829714,-1.3594451402753651,0.3483724390453742,0.0,0.0,0.0,1.0,11.749585258937909
-0.35783542958069675,1.2531103338829714,-1.3641250953146635,0.18930753657327157,0.0,0.0,0.0,1.0,11.669082701743504
-0.24357418410105033,1.2580988966487263,-1.3641250953146635,0.5074373415174769,0.0,0.0,0.0,1.0,11.669937760751914
-0.5126426756311885,1.2531103338829714,-1.368805050353962,-0.28788717084303633,0.0,0.0,0.0,1.0,11.55503622867061
-0.8532290804262883,1.2481217711172237,-1.368805050353962,0.8255671464616822,0.0,0.0,0.0,1.0,11.403121759615027
-0.3650029161332204,1.2431332083514686,-1.3734850053932603,0.5074373415174769,0.0,0.0,0.0,1.0,11.518917476956224
-0.5238386035307508,1.2431332083514686,-1.3734850053932603,0.6665022439895795,0.0,0.0,0.0,1.0,11.501874628783144
-0.7652834972526228,1.2431332083514686,-1.3734850053932603,0.5869697927535281,0.0,0.0,0.0,1.0,11.48247656671073
-0.02975288818744453,1.2531103338829714,-1.368805050353962,-0.6060169757872417,0.0,0.0,0.0,1.0,11.741661349996177
-0.003960400082377757,1.2531103338829714,-1.368805050353962,-1.4013414881477548,0.0,0.0,0.0,1.0,11.885874268401459
-1.2525679479840455,1.2431332083514686,-1.368805050353962,-0.12882226837093372,0.0,0.0,0.0,1.0,11.364437057512568
-0.543614588325305,1.2481217711172237,-1.368805050353962,-0.20835471960698504,0.0,0.0,0.0,1.0,11.723194494148304
0.15079452854802267,1.2481217711172237,-1.3734850053932603,-1.1627441344396008,0.0,0.0,0.0,1.0,11.870606902224587
0.11291671640183949,1.2481217711172237,-1.378164960432562,-0.6855494270232929,0.0,0.0,0.0,1.0,11.813037464800539
0.12332788300003061,1.2531103338829714,-1.3734850053932603,-1.3218090369117035,0.0,0.0,0.0,1.0,11.859355104555387
-0.1602325338954291,1.2630874594144743,-1.368805050353962,-0.04928981713488239,0.0,0.0,0.0,1.0,11.606424915484219
-0.3022220120235245,1.2580988966487263,-1.368805050353962,-0.28788717084303633,0.0,0.0,0.0,1.0,11.688566422839942
-0.3226258058591757,1.2680760221802292,-1.368805050353962,0.3483724390453742,0.0,0.0,0.0,1.0,11.542493975902508
-0.3276482781879513,1.2680760221802292,-1.368805050353962,0.42790489028142553,0.0,0.0,0.0,1.0,11.50892748368293
-0.07307171202313455,1.273064584945984,-1.368805050353962,-0.6855494270232929,0.0,0.0,0.0,1.0,11.710143844404854
0.16083947320557382,1.273064584945984,-1.3734850053932603,-0.5264845245511903,0.0,0.0,0.0,1.0,11.73927188163082
0.6804560895534897,1.273064584945984,-1.3734850053932603,-0.8446143294953956,0.0,0.0,0.0,1.0,11.798111925972618
-0.17655556896394986,1.273064584945984,-1.368805050353962,0.10977508533722025,0.0,0.0,0.0,1.0,11.682676678340282
-0.17901448770824635,1.278053147711732,-1.3734850053932603,-0.28788717084303633,0.0,0.0,0.0,1.0,11.701899842594283
0.7923630511290224,1.2580988966487263,-1.378164960432562,-1.6399388418559087,0.0,0.0,0.0,1.0,12.016732516077072
0.5290494758089401,1.2531103338829714,-1.378164960432562,-1.5604063906198575,0.0,0.0,0.0,1.0,11.968456114085114
0.29362108539758053,1.2531103338829714,-1.378164960432562,-1.2422765856756521,0.0,0.0,0.0,1.0,11.950541482162043
0.6561808066310739,1.2531103338829714,-1.378164960432562,-1.5604063906198575,0.0,0.0,0.0,1.0,11.97603664577121
-0.8316743033486261,1.2680760221802292,-1.3734850053932603,-0.7650818782593443,0.0,0.0,0.0,1.0,11.60733523953139
-0.17399201537947076,1.2630874594144743,-1.378164960432562,-0.12882226837093372,0.0,0.0,0.0,1.0,11.659628479662329
0.2839423626806689,1.2630874594144743,-1.3734850053932603,-1.71947129309196,0.0,0.0,0.0,1.0,11.963370312187111
-0.536917958553604,1.2531103338829714,-1.3828449154718603,0.7460346952256308,0.0,0.0,0.0,1.0,11.74245657234248
-0.9314436234629512,1.2531103338829714,-1.3828449154718603,0.5869697927535281,0.0,0.0,0.0,1.0,11.736077016252437
0.09115266964381166,1.2531103338829714,-1.3875248705111587,0.03024263410116893,0.0,0.0,0.0,1.0,11.736077016252437
0.06065161373051752,1.2580988966487263,-1.3828449154718603,0.5074373415174769,0.0,0.0,0.0,1.0,11.773757787382696
-0.16211596101872,1.2580988966487263,-1.3828449154718603,-0.7650818782593443,0.0,0.0,0.0,1.0,11.921060339411943
0.8423261873163223,1.2580988966487263,-1.3875248705111587,-1.0036792319674983,0.0,0.0,0.0,1.0,11.943414837983129
0.9483212804215255,1.2531103338829714,-1.3922048255504604,0.3483724390453742,0.0,0.0,0.0,1.0,12.365641477767022
-0.19340177823338492,1.2531103338829714,-1.3922048255504604,-0.3674196220790877,0.0,0.0,0.0,1.0,11.801114908687438
0.14017409226946545,1.2630874594144743,-1.3922048255504604,-0.5264845245511903,0.0,0.0,0.0,1.0,12.624457269455574
0.7712791308321832,1.2680760221802292,-1.3875248705111587,-1.0832116832035494,0.0,0.0,0.0,1.0,12.493508437657445
0.9641734587092236,1.273064584945984,-1.3828449154718603,-1.1627441344396008,0.0,0.0,0.0,1.0,12.496504683358769
-0.3747339562702231,1.2580988966487263,-1.378164960432562,-1.1627441344396008,0.0,0.0,0.0,1.0,11.876185678347824
-0.344703757137752,1.2580988966487263,-1.3828449154718603,-1.0832116832035494,0.0,0.0,0.0,1.0,12.014312686825066
0.06473237249764777,1.2630874594144743,-1.3828449154718603,-1.2422765856756521,0.0,0.0,0.0,1.0,11.399767965010177
0.637451170238348,1.2630874594144743,-1.3828449154718603,-1.1627441344396008,0.0,0.0,0.0,1.0,11.936237039973754
0.09968040911871166,1.2630874594144743,-1.3875248705111587,-1.1627441344396008,0.0,0.0,0.0,1.0,11.83138646878959
-0.05298182270803199,1.2630874594144743,-1.3828449154718603,-1.5604063906198575,0.0,0.0,0.0,1.0,11.736077016252437
0.2609226978404473,1.2630874594144743,-1.3828449154718603,-1.4013414881477548,0.0,0.0,0.0,1.0,11.652696102959753
-0.2725580348316931,1.278053147711732,-1.3734850053932603,-1.71947129309196,0.0,0.0,0.0,1.0,11.792078770667635
0.6312777146675616,1.2680760221802292,-1.378164960432562,-1.8785361955640627,0.0,0.0,0.0,1.0,12.097378802727306
0.4125385812653626,1.2680760221802292,-1.378164960432562,-1.4808739393838062,0.0,0.0,0.0,1.0,11.958258512632908
0.3609536050552295,1.2680760221802292,-1.378164960432562,-1.6399388418559087,0.0,0.0,0.0,1.0,12.075400019877522
-1.2432031297876824,1.2381446455857137,-1.368805050353962,-1.3218090369117035,0.0,0.0,0.0,1.0,11.574029971623514
-1.2650194939658017,1.2381446455857137,-1.3734850053932603,-1.0832116832035494,0.0,0.0,0.0,1.0,11.340962076644454
-1.2908642994909598,1.2381446455857137,-1.3734850053932603,-0.5264845245511903,0.0,0.0,0.0,1.0,11.45318607621936
-1.333764583965919,1.2381446455857137,-1.378164960432562,-0.8446143294953956,0.0,0.0,0.0,1.0,11.58989576532275
-0.3625439973889239,1.2381446455857137,-1.378164960432562,-0.6855494270232929,0.0,0.0,0.0,1.0,11.592669666556795
-1.3785482955641681,1.233156082819966,-1.378164960432562,-1.4013414881477548,0.0,0.0,0.0,1.0,11.32781201446548
-0.14233997622416567,1.233156082819966,-1.3734850053932603,-0.04928981713488239,0.0,0.0,0.0,1.0,11.467938559235831
-1.2402210368424718,1.233156082819966,-1.3734850053932603,1.064164500169836,0.0,0.0,0.0,1.0,11.3655964644899
-0.9371462222529151,1.233156082819966,-1.368805050353962,-1.5604063906198575,0.0,0.0,0.0,1.0,11.43605521971203
-0.5137936588731994,1.2381446455857137,-1.3594451402753651,-0.20835471960698504,0.0,0.0,0.0,1.0,11.72885102917796
-0.8757255710655961,1.233156082819966,-1.3641250953146635,-1.8785361955640627,0.0,0.0,0.0,1.0,11.829202282877098
-0.9325422892848708,1.2381446455857137,-1.3641250953146635,0.8255671464616822,0.0,0.0,0.0,1.0,11.537627833610571
-1.141498065129975,1.2381446455857137,-1.3641250953146635,0.3483724390453742,0.0,0.0,0.0,1.0,11.624475784206961
-0.15557628350729327,1.2381446455857137,-1.3594451402753651,-0.04928981713488239,0.0,0.0,0.0,1.0,11.697752214480175
-0.6907834910424504,1.2381446455857137,-1.368805050353962,0.03024263410116893,0.0,0.0,0.0,1.0,11.480412603789821
-1.134644483098,1.233156082819966,-1.368805050353962,0.03024263410116893,0.0,0.0,0.0,1.0,11.372524818667134
-1.1124095795591493,1.233156082819966,-1.368805050353962,-0.28788717084303633,0.0,0.0,0.0,1.0,11.383966460172834
-1.0034323935087357,1.2281675200542108,-1.3641250953146635,-0.28788717084303633,0.0,0.0,0.0,1.0,11.391898423211194
-1.1385682896048561,1.2281675200542108,-1.368805050353962,0.10977508533722025,0.0,0.0,0.0,1.0,11.360950749348124
-1.1175366867281078,1.2281675200542108,-1.3734850053932603,0.42790489028142553,0.0,0.0,0.0,1.0,11.282266241614355
-1.0797111920020162,1.2281675200542108,-1.3734850053932603,0.6665022439895795,0.0,0.0,0.0,1.0,11.330215832884798
-1.2507368382808457,1.2281675200542108,-1.3734850053932603,0.3483724390453742,0.0,0.0,0.0,1.0,11.366754528799243
-1.3376883904727748,1.223178957288456,-1.3734850053932603,-1.1627441344396008,0.0,0.0,0.0,1.0,11.413116179350727
-1.0764675119563485,1.223178957288456,-1.3734850053932603,0.5869697927535281,0.0,0.0,0.0,1.0,11.339773736496767
-0.8716448122984658,1.233156082819966,-1.378164960432562,0.6665022439895795,0.0,0.0,0.0,1.0,11.375971077721223
-0.9529984005406134,1.233156082819966,-1.378164960432562,0.5074373415174769,0.0,0.0,0.0,1.0,11.49273296168228
-1.011698545883179,1.2281675200542108,-1.378164960432562,0.5869697927535281,0.0,0.0,0.0,1.0,11.444657330797734
-0.9345303512483446,1.2281675200542108,-1.378164960432562,0.42790489028142553,0.0,0.0,0.0,1.0,11.427378469795439
-1.194390976842394,1.2281675200542108,-1.378164960432562,0.6665022439895795,0.0,0.0,0.0,1.0,11.3655964644899
-0.6023147336678706,1.2281675200542108,-1.378164960432562,0.8255671464616822,0.0,0.0,0.0,1.0,11.367911253546788
-1.4703653678245987,1.223178957288456,-1.378164960432562,1.3822943051140413,0.0,0.0,0.0,1.0,11.448930795918299
-0.9464064056090953,1.223178957288456,-1.378164960432562,0.6665022439895795,0.0,0.0,0.0,1.0,11.390769130367211
-1.477009680176208,1.223178957288456,-1.3734850053932603,0.7460346952256308,0.0,0.0,0.0,1.0,11.092869425057021
-1.416844647071083,1.223178957288456,-1.3734850053932603,0.6665022439895795,0.0,0.0,0.0,1.0,11.265758139843117
-1.482293739605441,1.2181903945227082,-1.378164960432562,0.5869697927535281,0.0,0.0,0.0,1.0,11.408686542313973
-1.047012804444883,1.2181903945227082,-1.3734850053932603,1.541359207586144,0.0,0.0,0.0,1.0,11.233224789593368
-1.5575785071169843,1.2181903945227082,-1.3734850053932603,1.064164500169836,0.0,0.0,0.0,1.0,11.275949181024878
-1.2624559403813225,1.2181903945227082,-1.3734850053932603,0.7460346952256308,0.0,0.0,0.0,1.0,11.2922912626048
-1.0189706672758854,1.223178957288456,-1.368805050353962,0.3483724390453742,0.0,0.0,0.0,1.0,11.270866642542865
-1.4230181026418693,1.2181903945227082,-1.368805050353962,0.7460346952256308,0.0,0.0,0.0,1.0,11.322986972837104
-1.3680324941257942,1.2181903945227082,-1.368805050353962,1.064164500169836,0.0,0.0,0.0,1.0,11.37940550085183
-1.2184046726643525,1.2181903945227082,-1.368805050353962,1.2232294026419388,0.0,0.0,0.0,1.0,11.330215832884798
-1.0334102752211154,1.2181903945227082,-1.3641250953146635,0.2688399878093229,0.0,0.0,0.0,1.0,11.697752214480175
-1.6914064677108194,1.223178957288456,-1.368805050353962,-0.3674196220790877,0.0,0.0,0.0,1.0,11.61999352194924
-1.0706079609061103,1.2181903945227082,-1.3641250953146635,-1.5604063906198575,0.0,0.0,0.0,1.0,11.83138646878959
-0.9946953843534696,1.2181903945227082,-1.3641250953146635,-0.7650818782593443,0.0,0.0,0.0,1.0,11.6776005682537
-0.2648673740782554,1.223178957288456,-1.3641250953146635,0.5869697927535281,0.0,0.0,0.0,1.0,11.977294499661248
-0.18869321042515777,1.223178957288456,-1.3594451402753651,1.7004241100582467,0.0,0.0,0.0,1.0,12.036475785297062
-0.2412722176170282,1.223178957288456,-1.3594451402753651,1.8594890125303492,0.0,0.0,0.0,1.0,12.074830060158243
-0.14150289750270315,1.2181903945227082,-1.3594451402753651,1.8594890125303492,0.0,0.0,0.0,1.0,12.269521510708264
-0.6546321537592839,1.2181903945227082,-1.3547651852360634,1.7004241100582467,0.0,0.0,0.0,1.0,12.221950915934197
-0.9024597727323082,1.2181903945227082,-1.3594451402753651,1.1436969514058875,0.0,0.0,0.0,1.0,11.884495917930655
-0.7293937470699133,1.2181903945227082,-1.3641250953146635,1.1436969514058875,0.0,0.0,0.0,1.0,11.853681370708943
-0.6110517428231367,1.2181903945227082,-1.3641250953146635,1.8594890125303492,0.0,0.0,0.0,1.0,12.201567512641383
-0.8545370159285737,1.2181903945227082,-1.3594451402753651,1.8594890125303492,0.0,0.0,0.0,1.0,12.306374889675654
-0.8349179833942937,1.213201831756953,-1.3641250953146635,1.064164500169836,0.0,0.0,0.0,1.0,11.842955566958302
-0.9207185523442114,1.213201831756953,-1.368805050353962,0.42790489028142553,0.0,0.0,0.0,1.0,11.845109950883979
-1.0623941259517584,1.213201831756953,-1.368805050353962,0.2688399878093229,0.0,0.0,0.0,1.0,11.54346436927906
-0.9539401141022587,1.213201831756953,-1.3641250953146635,1.1436969514058875,0.0,0.0,0.0,1.0,12.036475785297062
-1.1827241921620086,1.213201831756953,-1.3641250953146635,1.30276185387799,0.0,0.0,0.0,1.0,11.959538914341756
-0.918887442641012,1.213201831756953,-1.3641250953146635,0.42790489028142553,0.0,0.0,0.0,1.0,11.985432208809083
-1.1903102180752636,1.213201831756953,-1.368805050353962,1.8594890125303492,0.0,0.0,0.0,1.0,11.574029971623514
-1.380536357527642,1.213201831756953,-1.368805050353962,1.8594890125303492,0.0,0.0,0.0,1.0,11.51293546492023
-1.212126582253383,1.213201831756953,-1.368805050353962,1.8594890125303492,0.0,0.0,0.0,1.0,11.37940550085183
-1.0498379451298194,1.213201831756953,-1.368805050353962,1.8594890125303492,0.0,0.0,0.0,1.0,11.419724060136211
-1.0731715144905896,1.2181903945227082,-1.368805050353962,0.6665022439895795,0.0,0.0,0.0,1.0,11.308370569092329
-1.1410272083491524,1.2181903945227082,-1.368805050353962,0.5074373415174769,0.0,0.0,0.0,1.0,11.305913595583258
-1.3561564397650434,1.213201831756953,-1.368805050353962,1.1436969514058875,0.0,0.0,0.0,1.0,11.184435286790631
-1.1049805059061686,1.213201831756953,-1.368805050353962,0.8255671464616822,0.0,0.0,0.0,1.0,11.325402403776808
-1.1896824090341667,1.213201831756953,-1.3734850053932603,0.2688399878093229,0.0,0.0,0.0,1.0,11.255462171102444
-0.6892662858597993,1.2181903945227082,-1.3734850053932603,0.5074373415174769,0.0,0.0,0.0,1.0,11.274680966120778
-0.8835208666592166,1.213201831756953,-1.3734850053932603,1.1436969514058875,0.0,0.0,0.0,1.0,11.373674891823535
-1.3903197150847362,1.213201831756953,-1.3734850053932603,0.9050995976977334,0.0,0.0,0.0,1.0,11.434974734252892
-1.205063730541042,1.213201831756953,-1.3734850053932603,0.5869697927535281,0.0,0.0,0.0,1.0,11.322986972837104
-1.0858323301527113,1.213201831756953,-1.3734850053932603,1.541359207586144,0.0,0.0,0.0,1.0,11.367911253546788
-1.5262926899023193,1.213201831756953,-1.3734850053932603,1.4618267563500926,0.0,0.0,0.0,1.0,11.407576060361786
-1.3134654249704505,1.2082132689911982,-1.3734850053932603,1.7004241100582467,0.0,0.0,0.0,1.0,11.998439434579149
-1.3412982924590822,1.2082132689911982,-1.368805050353962,1.8594890125303492,0.0,0.0,0.0,1.0,11.37940550085183
-1.3550054565230323,1.2082132689911982,-1.3734850053932603,1.8594890125303492,0.0,0.0,0.0,1.0,11.3655964644899
-1.1591290357007815,1.2082132689911982,-1.368805050353962,1.8594890125303492,0.0,0.0,0.0,1.0,11.83138646878959
-1.3848787033952292,1.2082132689911982,-1.3641250953146635,1.8594890125303492,0.0,0.0,0.0,1.0,11.83138646878959
-1.5496785766831809,1.2032247062254502,-1.3641250953146635,1.8594890125303492,0.0,0.0,0.0,1.0,11.998439434579149
-1.4567628386008311,1.2032247062254502,-1.368805050353962,1.8594890125303492,0.0,0.0,0.0,1.0,10.021315031649332
-1.3430247673220987,1.2032247062254502,-1.368805050353962,-1.8785361955640627,0.0,0.0,0.0,1.0,12.691583538230217
0.18898624521475405,1.1982361434596953,-1.368805050353962,-1.71947129309196,0.0,0.0,0.0,1.0,12.230770136157428
-1.62590505775637,1.1982361434596953,-1.368805050353962,0.8255671464616822,0.0,0.0,0.0,1.0,12.141539457711714
-1.3441234331440186,1.2082132689911982,-1.3641250953146635,1.779956561294298,0.0,0.0,0.0,1.0,12.429220196836383
-1.484334118989006,1.2032247062254502,-1.3641250953146635,-0.3674196220790877,0.0,0.0,0.0,1.0,11.998439434579149
-1.0026999496274558,1.2032247062254502,-1.3594451402753651,1.8594890125303492,0.0,0.0,0.0,1.0,12.206077645517674
-1.365207353440858,1.2032247062254502,-1.3641250953146635,-0.12882226837093372,0.0,0.0,0.0,1.0,12.323860125621126
-1.0784032564997308,1.1982361434596953,-1.3594451402753651,1.8594890125303492,0.0,0.0,0.0,1.0,11.667370387218226
-0.9307634970017628,1.2032247062254502,-1.3594451402753651,1.8594890125303492,0.0,0.0,0.0,1.0,11.630717389475995
-1.0233130131434727,1.2032247062254502,-1.3594451402753651,1.8594890125303492,0.0,0.0,0.0,1.0,12.184854116317803
-0.7687364469786562,1.1982361434596953,-1.3594451402753651,1.8594890125303492,0.0,0.0,0.0,1.0,12.278397958261774
-0.4285685815442873,1.2032247062254502,-1.3547651852360634,1.6208916588221953,0.0,0.0,0.0,1.0,12.945151145750263
-0.35490565405557745,1.2032247062254502,-1.3547651852360634,1.1436969514058875,0.0,0.0,0.0,1.0,13.053444074639703
-0.09017950839302676,1.1982361434596953,-1.3547651852360634,0.8255671464616822,0.0,0.0,0.0,1.0,12.79802008682886
-0.4886812972293211,1.1982361434596953,-1.3547651852360634,0.7460346952256308,0.0,0.0,0.0,1.0,12.575568548598568
-1.159966114422244,1.1982361434596953,-1.3594451402753651,1.8594890125303492,0.0,0.0,0.0,1.0,11.630717389475995
-0.7723463489649636,1.1832704551624376,-1.3454052751574666,0.9050995976977334,0.0,0.0,0.0,1.0,12.449022745701502
-0.6738849643529239,1.1882590179281924,-1.350085230196765,0.3483724390453742,0.0,0.0,0.0,1.0,12.461880850543723
-0.36688634325651126,1.1932475806939404,-1.3547651852360634,-0.6855494270232929,0.0,0.0,0.0,1.0,12.16369214550422
-1.7475430594689056,1.1882590179281924,-1.350085230196765,1.8594890125303492,0.0,0.0,0.0,1.0,11.998439434579149
-1.4727719691488037,1.1782818923966898,-1.350085230196765,-1.0832116832035494,0.0,0.0,0.0,1.0,12.611541086966115
-0.8256054826180221,1.1782818923966898,-1.3547651852360634,1.30276185387799,0.0,0.0,0.0,1.0,11.37940550085183
-0.56082701953538,1.1782818923966898,-1.350085230196765,-0.12882226837093372,0.0,0.0,0.0,1.0,12.476485204641877
-0.4723059447407088,1.1732933296309347,-1.350085230196765,-0.3674196220790877,0.0,0.0,0.0,1.0,12.323860125621126
-0.6613811009510762,1.1732933296309347,-1.350085230196765,-0.20835471960698504,0.0,0.0,0.0,1.0,11.736077016252437
-0.38577293190951134,1.1683047668651798,-1.350085230196765,-0.446952073315139,0.0,0.0,0.0,1.0,11.530775206233024
-0.03801904056188784,1.1732933296309347,-1.350085230196765,-0.20835471960698504,0.0,0.0,0.0,1.0,11.995357787034976
-0.2776328245805602,1.1683047668651798,-1.350085230196765,-1.4013414881477548,0.0,0.0,0.0,1.0,11.98168457011701
1.5987837644180658,1.1782818923966898,-1.3547651852360634,1.8594890125303492,0.0,0.0,0.0,1.0,12.720395148082574
1.8450418607883476,1.1732933296309347,-1.3547651852360634,1.8594890125303492,0.0,0.0,0.0,1.0,12.753329518587048
1.7785464198521617,1.1732933296309347,-1.3547651852360634,1.8594890125303492,0.0,0.0,0.0,1.0,12.751882135058594
-0.7715092702435008,1.1732933296309347,-1.3547651852360634,0.9846320489337848,0.0,0.0,0.0,1.0,12.568981617474362
0.37225416779497444,1.1732933296309347,-1.350085230196765,0.42790489028142553,0.0,0.0,0.0,1.0,12.581081982573842
-0.018504642867790654,1.1732933296309347,-1.3594451402753651,0.7460346952256308,0.0,0.0,0.0,1.0,12.582455604446345
-0.7064787170698743,1.1683047668651798,-1.3594451402753651,0.5074373415174769,0.0,0.0,0.0,1.0,12.38923135181669
-0.8960770474811558,1.1683047668651798,-1.3641250953146635,1.1436969514058875,0.0,0.0,0.0,1.0,12.405746935654452
0.15921763318274007,1.1683047668651798,-1.3547651852360634,1.2232294026419388,0.0,0.0,0.0,1.0,12.482950310008736
0.8646134082752643,1.163316204099432,-1.3547651852360634,1.1436969514058875,0.0,0.0,0.0,1.0,12.603844906084555
1.0646752227048282,1.163316204099432,-1.3594451402753651,0.6665022439895795,0.0,0.0,0.0,1.0,12.869536091044797
1.9249828786880272,1.1683047668651798,-1.3594451402753651,0.5869697927535281,0.0,0.0,0.0,1.0,12.99770903832101
-0.3349203995806577,1.1683047668651798,-1.3641250953146635,0.7460346952256308,0.0,0.0,0.0,1.0,13.122367377396328
1.4595671095548153,1.163316204099432,-1.368805050353962,0.2688399878093229,0.0,0.0,0.0,1.0,13.122367377396328
1.9442356892816675,1.163316204099432,-1.3641250953146635,0.8255671464616822,0.0,0.0,0.0,1.0,13.053444074639703
1.4256654213355795,1.163316204099432,-1.3641250953146635,0.8255671464616822,0.0,0.0,0.0,1.0,12.890181604139126
0.5421288308317931,1.158327641333677,-1.3594451402753651,0.7460346952256308,0.0,0.0,0.0,1.0,12.857358228870192
1.389357131792139,1.158327641333677,-1.3641250953146635,0.5869697927535281,0.0,0.0,0.0,1.0,12.753618744072144
1.2853501006504093,1.158327641333677,-1.3594451402753651,0.6665022439895795,0.0,0.0,0.0,1.0,12.899222326086994
0.5190568485714802,1.1433619530364192,-1.3594451402753651,1.2232294026419388,0.0,0.0,0.0,1.0,12.789965628771702
-0.5884506173436461,1.1433619530364192,-1.3547651852360634,0.3483724390453742,0.0,0.0,0.0,1.0,12.419977652611005
-0.6173821506541975,1.158327641333677,-1.3547651852360634,0.5869697927535281,0.0,0.0,0.0,1.0,12.57141343235417
-0.4634643007452599,1.158327641333677,-1.3547651852360634,0.5869697927535281,0.0,0.0,0.0,1.0,12.566543874451872
-0.5627104466586709,1.158327641333677,-1.3547651852360634,0.9050995976977334,0.0,0.0,0.0,1.0,12.457224282783562
0.07875344108214635,1.163316204099432,-1.3547651852360634,1.2232294026419388,0.0,0.0,0.0,1.0,12.606863513043441
0.10982998861644587,1.163316204099432,-1.3547651852360634,1.2232294026419388,0.0,0.0,0.0,1.0,12.681688621055791
0.37539321300045936,1.158327641333677,-1.3594451402753651,0.8255671464616822,0.0,0.0,0.0,1.0,12.814209173588527
-0.23420936590468736,1.1683047668651798,-1.350085230196765,-1.8785361955640627,0.0,0.0,0.0,1.0,11.83138646878959
-0.7315910787137526,1.1683047668651798,-1.350085230196765,-0.6060169757872417,0.0,0.0,0.0,1.0,12.013706813470414
0.39715725975848715,1.1683047668651798,-1.3547651852360634,-1.0036792319674983,0.0,0.0,0.0,1.0,12.09626335986454
0.13478539800004988,1.1683047668651798,-1.3547651852360634,0.5074373415174769,0.0,0.0,0.0,1.0,12.380870134047337
0.09089108254335428,1.163316204099432,-1.3547651852360634,1.30276185387799,0.0,0.0,0.0,1.0,12.55989703048335
-0.46388284010599135,1.163316204099432,-1.350085230196765,0.5869697927535281,0.0,0.0,0.0,1.0,12.43996225063003
-0.8224664374125374,1.163316204099432,-1.350085230196765,0.5869697927535281,0.0,0.0,0.0,1.0,12.304110918882833
-0.568308410608452,1.163316204099432,-1.350085230196765,0.9846320489337848,0.0,0.0,0.0,1.0,12.328294703023394
-0.6350131212250039,1.158327641333677,-1.3547651852360634,0.5869697927535281,0.0,0.0,0.0,1.0,12.42199418075339
-0.8760917930062359,1.158327641333677,-1.350085230196765,0.2688399878093229,0.0,0.0,0.0,1.0,12.246739428005663
-1.106026854307997,1.158327641333677,-1.350085230196765,0.5869697927535281,0.0,0.0,0.0,1.0,12.234664961456772
-0.8747838575039505,1.163316204099432,-1.350085230196765,0.3483724390453742,0.0,0.0,0.0,1.0,12.351475171599722
-0.7371890426635338,1.158327641333677,-1.350085230196765,0.6665022439895795,0.0,0.0,0.0,1.0,12.286273802188468
-0.8598210753578064,1.1433619530364192,-1.350085230196765,0.42790489028142553,0.0,0.0,0.0,1.0,12.493883459694384
-1.067155011180077,1.158327641333677,-1.3313654100395682,1.1436969514058875,0.0,0.0,0.0,1.0,12.702599527794307
-0.5705580596723829,1.158327641333677,-1.3360453650788666,0.5869697927535281,0.0,0.0,0.0,1.0,12.583484584029573
-0.7461876389192569,1.158327641333677,-1.3360453650788666,-0.6060169757872417,0.0,0.0,0.0,1.0,12.765691290604371
0.24276855306872694,1.1433619530364192,-1.340725320118165,0.7460346952256308,0.0,0.0,0.0,1.0,13.122365377402328
-0.3642704722519404,1.158327641333677,-1.340725320118165,0.2688399878093229,0.0,0.0,0.0,1.0,12.80078251189375
0.08110772498626004,1.158327641333677,-1.340725320118165,0.5074373415174769,0.0,0.0,0.0,1.0,12.861780125991103
0.5421288308317931,1.158327641333677,-1.3454052751574666,0.7460346952256308,0.0,0.0,0.0,1.0,13.022766221635607
-0.22160086766265666,1.1732933296309347,-1.3360453650788666,-0.5264845245511903,0.0,0.0,0.0,1.0,12.07254696717504
-0.17153309663517427,1.1683047668651798,-1.3313654100395682,-0.446952073315139,0.0,0.0,0.0,1.0,12.380030154325457
-0.13145795284515174,1.1683047668651798,-1.3313654100395682,-0.04928981713488239,0.0,0.0,0.0,1.0,12.493883459694384
0.39396589713291097,1.1683047668651798,-1.3360453650788666,0.5074373415174769,0.0,0.0,0.0,1.0,12.784092323881643
0.15586931829688952,1.163316204099432,-1.3360453650788666,1.2232294026419388,0.0,0.0,0.0,1.0,12.74315356270364
0.15116075048866215,1.163316204099432,-1.3313654100395682,-0.9241467807314468,0.0,0.0,0.0,1.0,12.39545670404338
-0.23316301750285898,1.163316204099432,-1.3313654100395682,-0.8446143294953956,0.0,0.0,0.0,1.0,12.524530013005734
-0.36228241028846675,1.163316204099432,-1.3313654100395682,-0.6855494270232929,0.0,0.0,0.0,1.0,12.412277544454046
-0.6205211958596825,1.163316204099432,-1.3313654100395682,-0.28788717084303633,0.0,0.0,0.0,1.0,12.26670197321789
-0.3211086006765245,1.163316204099432,-1.3313654100395682,-0.8446143294953956,0.0,0.0,0.0,1.0,12.174587138384211
-1.1242856339199,1.1782818923966898,-1.3266854550002698,-0.7650818782593443,0.0,0.0,0.0,1.0,11.83138646878959
-0.4950640224804735,1.1732933296309347,-1.3266854550002698,-0.446952073315139,0.0,0.0,0.0,1.0,12.118884889350285
-0.7994467725723157,1.1683047668651798,-1.3266854550002698,-0.5264845245511903,0.0,0.0,0.0,1.0,12.157937516778192
-0.7387062478461848,1.1683047668651798,-1.3266854550002698,-0.12882226837093372,0.0,0.0,0.0,1.0,12.406565597924235
-0.03854221476280191,1.1683047668651798,-1.322005499960968,-0.04928981713488239,0.0,0.0,0.0,1.0,12.506180941677357
-0.049685825242272975,1.1732933296309347,-1.322005499960968,-0.6060169757872417,0.0,0.0,0.0,1.0,12.80078251189375
-0.31912053871305085,1.158327641333677,-1.3266854550002698,0.6665022439895795,0.0,0.0,0.0,1.0,12.508400690203496
-0.6903126342616277,1.158327641333677,-1.3266854550002698,0.2688399878093229,0.0,0.0,0.0,1.0,12.461880850543723
-0.6774948663392313,1.158327641333677,-1.3266854550002698,0.10977508533722025,0.0,0.0,0.0,1.0,12.441543897532917
-0.4698993434165038,1.158327641333677,-1.3266854550002698,0.18930753657327157,0.0,0.0,0.0,1.0,12.26670197321789
-0.41794814526573054,1.158327641333677,-1.3313654100395682,-0.12882226837093372,0.0,0.0,0.0,1.0,12.524530013005734
-0.12209313464878878,1.158327641333677,-1.3313654100395682,-0.28788717084303633,0.0,0.0,0.0,1.0,12.666975614100778
-0.17142846179499147,1.1433619530364192,-1.3266854550002698,-0.6855494270232929,0.0,0.0,0.0,1.0,12.174587138384211
-0.3407276332108045,1.1683047668651798,-1.3266854550002698,-0.6060169757872417,0.0,0.0,0.0,1.0,12.343226842865814
-0.6466275884852977,1.1683047668651798,-1.3266854550002698,0.18930753657327157,0.0,0.0,0.0,1.0,12.283501169971546
-0.4431128243297002,1.1683047668651798,-1.3266854550002698,-0.04928981713488239,0.0,0.0,0.0,1.0,12.39545670404338
-0.4972613541243128,1.163316204099432,-1.3266854550002698,-0.20835471960698504,0.0,0.0,0.0,1.0,12.366493625870792
-0.9106212902665687,1.163316204099432,-1.3266854550002698,-0.04928981713488239,0.0,0.0,0.0,1.0,12.141539457711714
-0.03896075412353317,1.163316204099432,-1.3266854550002698,-0.8446143294953956,0.0,0.0,0.0,1.0,11.630717389475995
-0.8309418594673464,1.163316204099432,-1.3266854550002698,-0.7650818782593443,0.0,0.0,0.0,1.0,12.25486757159303
-0.7372413600836254,1.163316204099432,-1.3266854550002698,0.10977508533722025,0.0,0.0,0.0,1.0,12.529246130159391
-0.405601234124157,1.163316204099432,-1.3266854550002698,0.03024263410116893,0.0,0.0,0.0,1.0,12.380870134047337
-0.2522065584161334,1.158327641333677,-1.322005499960968,0.2688399878093229,0.0,0.0,0.0,1.0,12.635908363171778
0.18485316902753227,1.158327641333677,-1.3266854550002698,0.5074373415174769,0.0,0.0,0.0,1.0,12.524530013005734
-0.2871545950371975,1.158327641333677,-1.3266854550002698,-0.20835471960698504,0.0,0.0,0.0,1.0,12.596427499917318
-0.5410510347408258,1.153339078567922,-1.322005499960968,-0.28788717084303633,0.0,0.0,0.0,1.0,12.336227719801212
-0.8098056217504155,1.153339078567922,-1.322005499960968,0.10977508533722025,0.0,0.0,0.0,1.0,12.579706471268628
-0.5002957644896149,1.153339078567922,-1.322005499960968,0.6665022439895795,0.0,0.0,0.0,1.0,12.696188290481068
1.6108690884591823,1.1383733902706643,-1.322005499960968,0.5074373415174769,0.0,0.0,0.0,1.0,13.122367377396328
-0.06920022293636993,1.153339078567922,-1.3266854550002698,0.10977508533722025,0.0,0.0,0.0,1.0,13.017005083966255
0.8025649480468484,1.163316204099432,-1.322005499960968,0.3483724390453742,0.0,0.0,0.0,1.0,12.714097350382492
1.418759521883513,1.163316204099432,-1.322005499960968,0.42790489028142553,0.0,0.0,0.0,1.0,12.88512343720436
0.022198309963328753,1.158327641333677,-1.322005499960968,0.8255671464616822,0.0,0.0,0.0,1.0,12.650441108746573
-0.3481043894436938,1.1483505158021743,-1.3079656348430695,0.42790489028142553,0.0,0.0,0.0,1.0,12.837347081942964
-0.494750117959925,1.1433619530364192,-1.3079656348430695,0.9846320489337848,0.0,0.0,0.0,1.0,12.794695072197223
-0.0006644026166187388,1.1483505158021743,-1.3126455898823712,0.8255671464616822,0.0,0.0,0.0,1.0,12.923914877701906
-0.07621075722861945,1.1433619530364192,-1.3126455898823712,0.42790489028142553,0.0,0.0,0.0,1.0,13.122365377402328
0.14200520197266528,1.1283962647391614,-1.3126455898823712,0.7460346952256308,0.0,0.0,0.0,1.0,13.122367377396328
0.15853750672155142,1.1483505158021743,-1.3173255449216696,0.5074373415174769,0.0,0.0,0.0,1.0,13.122367377396328
0.3306618188223012,1.1483505158021743,-1.3173255449216696,1.064164500169836,0.0,0.0,0.0,1.0,12.912138519270698
3.887775528257576,1.1283962647391614,-1.3173255449216696,1.064164500169836,0.0,0.0,0.0,1.0,13.122367377396328
-0.8148804114992824,1.1483505158021743,-1.303285679803771,0.42790489028142553,0.0,0.0,0.0,1.0,13.099915293972703
-0.06103870540210967,1.1433619530364192,-1.3079656348430695,-0.6060169757872417,0.0,0.0,0.0,1.0,12.851344368449087
0.2870814078861538,1.1483505158021743,-1.303285679803771,-0.20835471960698504,0.0,0.0,0.0,1.0,13.07107218827772
-0.3891735642154532,1.1333848275049165,-1.303285679803771,-0.04928981713488239,0.0,0.0,0.0,1.0,13.122367377396328
1.077545308047316,1.1683047668651798,-1.322005499960968,-0.3674196220790877,0.0,0.0,0.0,1.0,12.953236782939266
1.7681352532539703,1.163316204099432,-1.3173255449216696,-0.6855494270232929,0.0,0.0,0.0,1.0,12.879784681263985
3.6092899011109836,1.158327641333677,-1.3079656348430695,-0.7650818782593443,0.0,0.0,0.0,1.0,13.122367377396328
2.28163073145119,1.153339078567922,-1.303285679803771,0.10977508533722025,0.0,0.0,0.0,1.0,13.122367377396328
3.702310274033516,1.158327641333677,-1.3126455898823712,-0.9241467807314468,0.0,0.0,0.0,1.0,13.122367377396328
-1.055906765860423,1.1683047668651798,-1.2892458146858727,-0.8446143294953956,0.0,0.0,0.0,1.0,12.230770136157428
0.4244146356261136,1.1732933296309347,-1.303285679803771,-0.20835471960698504,0.0,0.0,0.0,1.0,12.522345819142096
2.1841110604007965,1.1732933296309347,-1.3079656348430695,-0.7650818782593443,0.0,0.0,0.0,1.0,12.803812391556706
1.3179961707874512,1.1683047668651798,-1.303285679803771,-0.28788717084303633,0.0,0.0,0.0,1.0,12.665713390084107
1.3926531292578976,1.1782818923966898,-1.298605724764473,-0.3674196220790877,0.0,0.0,0.0,1.0,12.694655727828803
0.7811148058093688,1.1782818923966898,-1.298605724764473,-0.20835471960698504,0.0,0.0,0.0,1.0,12.471129435740856
0.17276784498641612,1.1782818923966898,-1.303285679803771,-1.0832116832035494,0.0,0.0,0.0,1.0,12.534660309007924
0.8006815209235573,1.1782818923966898,-1.303285679803771,-0.20835471960698504,0.0,0.0,0.0,1.0,12.533579815765737
1.861888070057783,1.163316204099432,-1.3126455898823712,-0.8446143294953956,0.0,0.0,0.0,1.0,13.007403602593786
2.053474462432538,1.158327641333677,-1.3173255449216696,-0.7650818782593443,0.0,0.0,0.0,1.0,13.06896471037963
2.95500824544777,1.158327641333677,-1.3173255449216696,-0.446952073315139,0.0,0.0,0.0,1.0,13.122367377396328
3.6077203785082412,1.153339078567922,-1.3126455898823712,-0.3674196220790877,0.0,0.0,0.0,1.0,13.122367377396328
2.4169235798075857,1.153339078567922,-1.3173255449216696,0.42790489028142553,0.0,0.0,0.0,1.0,13.122367377396328
2.190860007592589,1.1483505158021743,-1.3126455898823712,0.5074373415174769,0.0,0.0,0.0,1.0,13.122367377396328
1.5464663443266529,1.1383733902706643,-1.2705259945286758,-0.28788717084303633,0.0,0.0,0.0,1.0,13.122367377396328
4.481839833395573,1.158327641333677,-1.298605724764473,0.10977508533722025,0.0,0.0,0.0,1.0,13.122367377396328
0.6414272941652953,1.158327641333677,-1.298605724764473,-0.28788717084303633,0.0,0.0,0.0,1.0,13.122367377396328
1.7818424173179206,1.158327641333677,-1.298605724764473,-0.12882226837093372,0.0,0.0,0.0,1.0,13.122367377396328
0.7860326432979617,1.153339078567922,-1.303285679803771,1.064164500169836,0.0,0.0,0.0,1.0,13.122367377396328
1.508013040559464,1.163316204099432,-1.303285679803771,-0.8446143294953956,0.0,0.0,0.0,1.0,12.8700510227891
3.240765993987069,1.163316204099432,-1.303285679803771,-0.5264845245511903,0.0,0.0,0.0,1.0,13.122367377396328
1.205513717590913,1.1882590179281924,-1.298605724764473,-0.8446143294953956,0.0,0.0,0.0,1.0,12.51503052432271
0.6984532820649357,1.1882590179281924,-1.298605724764473,-0.7650818782593443,0.0,0.0,0.0,1.0,12.496504683358769
0.4775691344389896,1.1832704551624376,-1.303285679803771,-0.5264845245511903,0.0,0.0,0.0,1.0,12.595750454113006
-0.7615166430060409,1.1832704551624376,-1.303285679803771,-0.20835471960698504,0.0,0.0,0.0,1.0,12.271396795480596
0.6412703419050215,1.1882590179281924,-1.303285679803771,-1.0832116832035494,0.0,0.0,0.0,1.0,12.94204221847976
-0.45300081672697723,1.1683047668651798,-1.2939257697251745,-1.0832116832035494,0.0,0.0,0.0,1.0,12.226860081860359
-0.14019496200041784,1.1683047668651798,-1.298605724764473,-1.0832116832035494,0.0,0.0,0.0,1.0,12.101273083619482
0.632637967589938,1.1683047668651798,-1.298605724764473,-1.0832116832035494,0.0,0.0,0.0,1.0,12.253914741377207
-0.4348989893753484,1.1683047668651798,-1.298605724764473,-1.0036792319674983,0.0,0.0,0.0,1.0,11.51293546492023
0.8060702151929728,1.1683047668651798,-1.2939257697251745,-1.4013414881477548,0.0,0.0,0.0,1.0,12.189948344888194
-0.275330858096538,1.1732933296309347,-1.2939257697251745,-1.1627441344396008,0.0,0.0,0.0,1.0,12.049424683420915
-0.12952220830176955,1.1732933296309347,-1.298605724764473,-1.958068646800114,0.0,0.0,0.0,1.0,12.545401512381012
-0.011546425995632648,1.1732933296309347,-1.2939257697251745,-1.8785361955640627,0.0,0.0,0.0,1.0,12.08164822965012
-0.2922817022061559,1.1782818923966898,-1.2845658596465743,-1.1627441344396008,0.0,0.0,0.0,1.0,11.958258512632908
0.031039953958777657,1.1832704551624376,-1.298605724764473,-1.958068646800114,0.0,0.0,0.0,1.0,12.495007682693725
0.13949396580827725,1.1782818923966898,-1.2939257697251745,-1.3218090369117035,0.0,0.0,0.0,1.0,12.446667041257989
0.5225097982975133,1.2082132689911982,-1.2752059495679775,-1.0832116832035494,0.0,0.0,0.0,0.0,12.039433474778324
0.5598644362427821,1.2082132689911982,-1.2752059495679775,-1.1627441344396008,0.0,0.0,0.0,0.0,12.071403463011007
1.1576955956273611,1.2032247062254502,-1.2752059495679775,-1.8785361955640627,0.0,0.0,0.0,0.0,12.276535769000125
0.49525242242988693,1.2082132689911982,-1.2752059495679775,-1.4808739393838062,0.0,0.0,0.0,0.0,12.118339189722553
0.16978575204120552,1.2082132689911982,-1.279885904607276,-1.3218090369117035,0.0,0.0,0.0,0.0,12.078812973059884
0.25297044998655244,1.2032247062254502,-1.2845658596465743,-1.8785361955640627,0.0,0.0,0.0,0.0,12.150036542839864
-0.524989586772762,1.223178957288456,-1.2752059495679775,-1.6399388418559087,0.0,0.0,0.0,0.0,11.649211809228195
-0.13873007423785821,1.2181903945227082,-1.2752059495679775,-1.0832116832035494,0.0,0.0,0.0,0.0,12.187404474495082
0.22006279274905355,1.2181903945227082,-1.2752059495679775,-1.0036792319674983,0.0,0.0,0.0,0.0,11.926365356462313
0.06473237249764777,1.2181903945227082,-1.2752059495679775,-1.0036792319674983,0.0,0.0,0.0,0.0,11.949249500664376
-0.04843020716007897,1.213201831756953,-1.2752059495679775,-1.1627441344396008,0.0,0.0,0.0,0.0,11.984808576881369
0.18160948898186477,1.213201831756953,-1.279885904607276,-1.0036792319674983,0.0,0.0,0.0,0.0,11.9959748767362
-0.0840583702423315,1.2181903945227082,-1.279885904607276,-1.0832116832035494,0.0,0.0,0.0,0.0,12.073689165230697
0.20149010861660194,1.2181903945227082,-1.2705259945286758,-1.0036792319674983,0.0,0.0,0.0,0.0,12.041203898548972
-0.134283093530088,1.2181903945227082,-1.2705259945286758,-0.9241467807314468,0.0,0.0,0.0,0.0,12.003962581340353
-0.3459070577998545,1.213201831756953,-1.2705259945286758,-1.71947129309196,0.0,0.0,0.0,0.0,11.574029971623514
-0.03257802887238077,1.213201831756953,-1.2705259945286758,-1.7990037443280114,0.0,0.0,0.0,0.0,11.794345471549745
0.5725252519049044,1.213201831756953,-1.2705259945286758,-1.0832116832035494,0.0,0.0,0.0,0.0,12.12649358035784
0.4448707468818563,1.2181903945227082,-1.2705259945286758,-1.0036792319674983,0.0,0.0,0.0,0.0,12.160557363077048
0.8513771009921366,1.2181903945227082,-1.2705259945286758,-1.0036792319674983,0.0,0.0,0.0,0.0,12.166817131771358
0.5552081858546466,1.2181903945227082,-1.2611660844500792,-1.0832116832035494,0.0,0.0,0.0,0.0,12.102937429832547
0.7481025137316869,1.2181903945227082,-1.2658460394893774,-1.0036792319674983,0.0,0.0,0.0,0.0,12.18332077348399
0.17506981147043804,1.213201831756953,-1.2658460394893774,-1.1627441344396008,0.0,0.0,0.0,0.0,12.050593583794214
0.09198974836527418,1.213201831756953,-1.2658460394893774,-1.3218090369117035,0.0,0.0,0.0,0.0,12.023957067521133
0.33081877108257557,1.213201831756953,-1.2658460394893774,-1.0036792319674983,0.0,0.0,0.0,0.0,12.050009304398564
0.7775572212431526,1.223178957288456,-1.2658460394893774,-1.71947129309196,0.0,0.0,0.0,0.0,12.296374851796545
0.662877436402775,1.2082132689911982,-1.2658460394893774,-1.0036792319674983,0.0,0.0,0.0,0.0,12.129736808912964
0.7377436645535875,1.213201831756953,-1.2705259945286758,-1.0832116832035494,0.0,0.0,0.0,0.0,12.069112524385531
0.30617726621951974,1.2082132689911982,-1.2705259945286758,-1.0036792319674983,0.0,0.0,0.0,0.0,12.033509321931893
0.5368447714025606,1.2082132689911982,-1.2705259945286758,-1.0036792319674983,0.0,0.0,0.0,0.0,12.116700301832573
0.3378816227949161,1.2082132689911982,-1.2705259945286758,-1.0036792319674983,0.0,0.0,0.0,0.0,12.033509321931893
0.6904487167909495,1.1932475806939404,-1.2705259945286758,-1.958068646800114,0.0,0.0,0.0,0.0,12.258195345865499
1.4353964614725825,1.158327641333677,-1.251806174371479,-0.8446143294953956,0.0,0.0,0.0,1.0,12.914603389966848
1.02439080923444,1.153339078567922,-1.2564861294107774,-1.0832116832035494,0.0,0.0,0.0,1.0,13.122367377396328
1.6234775867012128,1.153339078567922,-1.2564861294107774,-1.0832116832035494,0.0,0.0,0.0,1.0,13.122367377396328
1.5136110045092452,1.158327641333677,-1.2611660844500792,-1.0036792319674983,0.0,0.0,0.0,1.0,12.961962203877555
1.1009311948281777,1.158327641333677,-1.2611660844500792,-1.0832116832035494,0.0,0.0,0.0,1.0,12.822611422769967
1.0873809830245016,1.163316204099432,-1.2564861294107774,-0.8446143294953956,0.0,0.0,0.0,1.0,12.704727505104454
0.7264431018138421,1.163316204099432,-1.2611660844500792,-1.3218090369117035,0.0,0.0,0.0,1.0,12.59269806257022
1.3371443465409085,1.2181903945227082,-1.2424462642928822,-1.8785361955640627,0.0,0.0,0.0,0.0,12.513193308436527
1.3567633790751883,1.2181903945227082,-1.2471262193321806,-1.4808739393838062,0.0,0.0,0.0,0.0,12.427218202181711
1.2804322631618164,1.1932475806939404,-1.2564861294107774,-1.958068646800114,0.0,0.0,0.0,0.0,12.471896304003637
1.3057538944860603,1.213201831756953,-1.251806174371479,-1.3218090369117035,0.0,0.0,0.0,0.0,12.394628892852941
1.4835808053767738,1.2181903945227082,-1.251806174371479,-1.0832116832035494,0.0,0.0,0.0,0.0,12.38923135181669
1.9663659579803352,1.163316204099432,-1.2424462642928822,-1.958068646800114,0.0,0.0,0.0,1.0,12.727841176689147
1.297853964052257,1.1732933296309347,-1.2564861294107774,-1.958068646800114,0.0,0.0,0.0,1.0,12.683861515988351
-0.04822093747971334,1.1732933296309347,-1.3126455898823712,0.42790489028142553,0.0,0.0,0.0,1.0,12.083345533043149
0.8288282929327375,1.1732933296309347,-1.3126455898823712,0.18930753657327157,0.0,0.0,0.0,1.0,12.155836686703159
0.9777236705128995,1.1732933296309347,-1.3126455898823712,-0.9241467807314468,0.0,0.0,0.0,1.0,12.377084656489986
-0.18461245165802753,1.1732933296309347,-1.3173255449216696,0.5074373415174769,0.0,0.0,0.0,1.0,12.12215284831553
0.35247818300042033,1.1832704551624376,-1.3079656348430695,0.42790489028142553,0.0,0.0,0.0,1.0,12.142605550210915
-0.32330593232036386,1.1832704551624376,-1.3079656348430695,0.2688399878093229,0.0,0.0,0.0,1.0,12.10846532932714
0.3473510758314617,1.1782818923966898,-1.3079656348430695,0.42790489028142553,0.0,0.0,0.0,1.0,12.112316757188815
-0.6724723940104558,1.1832704551624376,-1.3126455898823712,0.5869697927535281,0.0,0.0,0.0,1.0,12.07824495582233
-0.192773969192288,1.1782818923966898,-1.3126455898823712,0.5869697927535281,0.0,0.0,0.0,1.0,12.019749091416921
0.15921763318274007,1.1782818923966898,-1.3126455898823712,-0.04928981713488239,0.0,0.0,0.0,1.0,12.20407565286699
-0.22395515156677034,1.1782818923966898,-1.3126455898823712,0.5074373415174769,0.0,0.0,0.0,1.0,11.998439434579149
0.2667822488906854,1.1782818923966898,-1.322005499960968,0.3483724390453742,0.0,0.0,0.0,1.0,12.12703484943049
-0.012226552456821062,1.1782818923966898,-1.3173255449216696,0.18930753657327157,0.0,0.0,0.0,1.0,12.264346270624157
0.7363310942111189,1.1782818923966898,-1.322005499960968,-0.12882226837093372,0.0,0.0,0.0,1.0,12.556028567310046
-0.04183821222856093,1.1732933296309347,-1.3173255449216696,-0.5264845245511903,0.0,0.0,0.0,1.0,12.621821362281626
-0.192773969192288,1.1732933296309347,-1.322005499960968,-0.3674196220790877,0.0,0.0,0.0,1.0,12.80078251189375
-0.5383828463161637,1.1832704551624376,-1.3126455898823712,0.5074373415174769,0.0,0.0,0.0,1.0,11.991647230585656
0.03669023532865036,1.1832704551624376,-1.3173255449216696,0.5074373415174769,0.0,0.0,0.0,1.0,12.052927293524847
-0.2821321227084217,1.1832704551624376,-1.3173255449216696,0.5074373415174769,0.0,0.0,0.0,1.0,12.056998226329707
0.612234173754287,1.1882590179281924,-1.3173255449216696,0.42790489028142553,0.0,0.0,0.0,1.0,12.246259238225438
0.7202696462430553,1.1882590179281924,-1.3173255449216696,0.5074373415174769,0.0,0.0,0.0,1.0,12.225880174775122
0.5470466683203861,1.1882590179281924,-1.3173255449216696,0.5074373415174769,0.0,0.0,0.0,1.0,12.169932382913561
-0.10964158866703241,1.1932475806939404,-1.3079656348430695,0.18930753657327157,0.0,0.0,0.0,1.0,12.077676615757813
-0.16515037138402186,1.1932475806939404,-1.3079656348430695,0.10977508533722025,0.0,0.0,0.0,1.0,12.014312686825066
0.2095469913106794,1.1932475806939404,-1.3079656348430695,0.2688399878093229,0.0,0.0,0.0,1.0,12.030534032473051
0.8639855992341675,1.1882590179281924,-1.3079656348430695,0.10977508533722025,0.0,0.0,0.0,1.0,12.19147156669466
-0.2622515030736848,1.1932475806939404,-1.3126455898823712,-0.446952073315139,0.0,0.0,0.0,1.0,12.123239799036943
0.07069655838806892,1.1882590179281924,-1.3126455898823712,0.10977508533722025,0.0,0.0,0.0,1.0,12.04238244212355
0.2382692549408652,1.1882590179281924,-1.3126455898823712,0.10977508533722025,0.0,0.0,0.0,1.0,12.062785246027499
0.7730056056951996,1.1982361434596953,-1.3126455898823712,-0.3674196220790877,0.0,0.0,0.0,1.0,12.26670197321789
-0.5944148032340673,1.1982361434596953,-1.3173255449216696,-0.3674196220790877,0.0,0.0,0.0,1.0,12.19653228062948
-0.4388227958822043,1.1982361434596953,-1.3173255449216696,-0.6060169757872417,0.0,0.0,0.0,1.0,12.194005125011843
0.20640794610519492,1.1932475806939404,-1.3126455898823712,-0.12882226837093372,0.0,0.0,0.0,1.0,12.116153408446742
0.026279068730458998,1.1932475806939404,-1.3126455898823712,0.18930753657327157,0.0,0.0,0.0,1.0,11.995357787034976
0.4244146356261136,1.2032247062254502,-1.3173255449216696,-0.04928981713488239,0.0,0.0,0.0,1.0,12.144202560946876
0.6194539777269019,1.1982361434596953,-1.322005499960968,-0.20835471960698504,0.0,0.0,0.0,1.0,12.131893132355916
-0.40445025088214576,1.1932475806939404,-1.322005499960968,-0.7650818782593443,0.0,0.0,0.0,1.0,12.097936057925594
-0.39848606499172484,1.1982361434596953,-1.3173255449216696,-0.3674196220790877,0.0,0.0,0.0,1.0,12.141539457711714
-0.8299478284856096,1.2032247062254502,-1.322005499960968,-1.1627441344396008,0.0,0.0,0.0,1.0,11.976665770490767
-0.10236946727432597,1.2032247062254502,-1.322005499960968,0.5074373415174769,0.0,0.0,0.0,1.0,12.057578437658945
-0.42574344085935106,1.2032247062254502,-1.3266854550002698,0.6665022439895795,0.0,0.0,0.0,1.0,11.981058595924264
-0.7200289288735503,1.2032247062254502,-1.3266854550002698,-0.5264845245511903,0.0,0.0,0.0,1.0,12.088420226343088
0.1798306966987567,1.1982361434596953,-1.322005499960968,0.3483724390453742,0.0,0.0,0.0,1.0,12.093469297102763
-0.8621230418418285,1.213201831756953,-1.3126455898823712,-0.28788717084303633,0.0,0.0,0.0,1.0,12.086731521684555
0.35901786051184703,1.1932475806939404,-1.3173255449216696,-0.28788717084303633,0.0,0.0,0.0,1.0,11.997207914913153
0.4664778413796098,1.1932475806939404,-1.322005499960968,-0.04928981713488239,0.0,0.0,0.0,1.0,12.225880174775122
0.6659118467680768,1.1882590179281924,-1.322005499960968,0.3483724390453742,0.0,0.0,0.0,1.0,12.240478903153711
0.8732457825903475,1.1932475806939404,-1.3266854550002698,-1.4808739393838062,0.0,0.0,0.0,1.0,12.288117962028046
-0.011546425995632648,1.1932475806939404,-1.3266854550002698,0.10977508533722025,0.0,0.0,0.0,1.0,12.198549416880068
-0.3192251735532339,1.1932475806939404,-1.3313654100395682,0.10977508533722025,0.0,0.0,0.0,1.0,11.852257893055606
-0.8422947396271829,1.1982361434596953,-1.3313654100395682,1.2232294026419388,0.0,0.0,0.0,1.0,11.724813914587886
-0.9059127224583415,1.1982361434596953,-1.3313654100395682,1.1436969514058875,0.0,0.0,0.0,1.0,11.80036500801413
-0.6843484483712065,1.2032247062254502,-1.3266854550002698,-0.28788717084303633,0.0,0.0,0.0,1.0,12.141539457711714
-0.21223604946629368,1.1982361434596953,-1.3266854550002698,-0.6855494270232929,0.0,0.0,0.0,1.0,11.967821801563451
-0.5892353786450173,1.2082132689911982,-1.3266854550002698,-0.12882226837093372,0.0,0.0,0.0,1.0,11.37940550085183
-0.07694320110989916,1.2082132689911982,-1.3266854550002698,-0.446952073315139,0.0,0.0,0.0,1.0,11.893421422254848
-0.12491827533372502,1.2032247062254502,-1.3360453650788666,-0.3674196220790877,0.0,0.0,0.0,1.0,12.092909546513004
-0.28187053560796477,1.2032247062254502,-1.3313654100395682,0.2688399878093229,0.0,0.0,0.0,1.0,11.946660519211651
-0.7902389066362268,1.1982361434596953,-1.3360453650788666,-0.9241467807314468,0.0,0.0,0.0,1.0,12.008237370904832
-0.07228695072176332,1.2032247062254502,-1.3360453650788666,0.42790489028142553,0.0,0.0,0.0,1.0,12.013706813470414
-0.8368014105175845,1.1982361434596953,-1.3360453650788666,1.064164500169836,0.0,0.0,0.0,1.0,11.885874268401459
-0.057167216315345055,1.1982361434596953,-1.340725320118165,0.5074373415174769,0.0,0.0,0.0,1.0,12.02455676409265
-0.11879713718302976,1.1932475806939404,-1.3454052751574666,-1.6399388418559087,0.0,0.0,0.0,1.0,11.97603664577121
-0.6419190206770703,1.1932475806939404,-1.3454052751574666,-0.9241467807314468,0.0,0.0,0.0,1.0,11.119897691565697
-0.43327714935251466,1.1932475806939404,-1.3360453650788666,-0.6060169757872417,0.0,0.0,0.0,1.0,12.25486757159303
-0.24917214805083152,1.1932475806939404,-1.340725320118165,-0.446952073315139,0.0,0.0,0.0,1.0,12.209073139542411
0.8711007683665993,1.1782818923966898,-1.322005499960968,-0.20835471960698504,0.0,0.0,0.0,1.0,12.618516677531483
-0.011546425995632648,1.1832704551624376,-1.3266854550002698,0.42790489028142553,0.0,0.0,0.0,1.0,12.206077645517674
0.6380266618593535,1.1832704551624376,-1.3313654100395682,-1.0036792319674983,0.0,0.0,0.0,1.0,12.611541086966115
0.19118357685859338,1.1832704551624376,-1.3266854550002698,0.3483724390453742,0.0,0.0,0.0,1.0,12.591678524740319
-0.08688351092726773,1.1782818923966898,-1.3266854550002698,0.42790489028142553,0.0,0.0,0.0,1.0,12.57625939252641
-0.39021991261728156,1.1882590179281924,-1.3266854550002698,-1.0036792319674983,0.0,0.0,0.0,1.0,12.021554678392043
-0.7933256344216202,1.1832704551624376,-1.3266854550002698,0.5869697927535281,0.0,0.0,0.0,1.0,12.034103319015012
-0.010029220812981717,1.1882590179281924,-1.3313654100395682,0.5869697927535281,0.0,0.0,0.0,1.0,12.36777048802826
-0.26418724761706697,1.1882590179281924,-1.3313654100395682,0.5074373415174769,0.0,0.0,0.0,1.0,12.381709408795407
0.472180440169574,1.1832704551624376,-1.3313654100395682,0.18930753657327157,0.0,0.0,0.0,1.0,12.52815976788113
0.37795676658493865,1.1832704551624376,-1.3313654100395682,0.03024263410116893,0.0,0.0,0.0,1.0,12.451372913840931
-0.337483953165137,1.1832704551624376,-1.3313654100395682,0.42790489028142553,0.0,0.0,0.0,1.0,12.166296978418426
0.27907684261216764,1.1882590179281924,-1.3360453650788666,0.42790489028142553,0.0,0.0,0.0,1.0,12.437188334739655
0.06771446544285835,1.1832704551624376,-1.3360453650788666,0.7460346952256308,0.0,0.0,0.0,1.0,12.39504288410708
-0.0582135647171732,1.1882590179281924,-1.340725320118165,0.10977508533722025,0.0,0.0,0.0,1.0,12.380030154325457
0.13630260318270104,1.1882590179281924,-1.340725320118165,-1.0036792319674983,0.0,0.0,0.0,1.0,11.92504173829169
-0.7515763331886723,1.1882590179281924,-1.340725320118165,-1.1627441344396008,0.0,0.0,0.0,1.0,11.853681370708943
-0.3182834599915883,1.1832704551624376,-1.340725320118165,0.10977508533722025,0.0,0.0,0.0,1.0,11.83138646878959
-0.5305875507225432,1.1832704551624376,-1.340725320118165,0.18930753657327157,0.0,0.0,0.0,1.0,12.190456343334482
-0.3821630299232039,1.2082132689911982,-1.322005499960968,0.42790489028142553,0.0,0.0,0.0,1.0,12.091228412360461
-0.9210847742848514,1.213201831756953,-1.3266854550002698,0.9846320489337848,0.0,0.0,0.0,1.0,11.963370312187111
-0.7007761182799103,1.213201831756953,-1.3266854550002698,0.5074373415174769,0.0,0.0,0.0,1.0,12.041203898548972
0.4734883756718591,1.213201831756953,-1.3313654100395682,0.5074373415174769,0.0,0.0,0.0,1.0,12.147388951394372
0.735441698069565,1.213201831756953,-1.3313654100395682,0.18930753657327157,0.0,0.0,0.0,1.0,12.117246896289503
0.32035528706429267,1.213201831756953,-1.322005499960968,0.42790489028142553,0.0,0.0,0.0,1.0,12.095705171506136
-0.07982065921492691,1.2181903945227082,-1.3266854550002698,-1.0832116832035494,0.0,0.0,0.0,1.0,11.592669666556795
0.35603576756663646,1.2181903945227082,-1.3266854550002698,0.3483724390453742,0.0,0.0,0.0,1.0,12.074259775399616
-0.0022862426394524857,1.223178957288456,-1.3266854550002698,0.03024263410116893,0.0,0.0,0.0,1.0,12.067965083912192
-0.3376932228455027,1.2181903945227082,-1.322005499960968,-0.20835471960698504,0.0,0.0,0.0,1.0,12.022756594390605
-0.033362790173751995,1.223178957288456,-1.3266854550002698,0.18930753657327157,0.0,0.0,0.0,1.0,12.021554678392043
0.05071130391314895,1.2181903945227082,-1.3266854550002698,0.5074373415174769,0.0,0.0,0.0,1.0,12.071975378543236
0.1744943198494329,1.2181903945227082,-1.3313654100395682,0.5074373415174769,0.0,0.0,0.0,1.0,12.067390869565173
0.2018563305572419,1.223178957288456,-1.3360453650788666,-1.958068646800114,0.0,0.0,0.0,1.0,11.729656499978892
-0.4806244145352436,1.2082132689911982,-1.340725320118165,-1.0036792319674983,0.0,0.0,0.0,1.0,11.431726255472853
0.8847032975903671,1.2381446455857137,-1.322005499960968,-1.71947129309196,0.0,0.0,0.0,1.0,12.57141343235417
-0.6359548347866494,1.2281675200542108,-1.3173255449216696,-1.0036792319674983,0.0,0.0,0.0,1.0,12.07254696717504
-0.5238386035307508,1.2281675200542108,-1.3173255449216696,-0.9241467807314468,0.0,0.0,0.0,1.0,11.630717389475995
-0.6701704275264336,1.2281675200542108,-1.322005499960968,-1.0832116832035494,0.0,0.0,0.0,1.0,11.119897691565697
-0.3435004564756495,1.2281675200542108,-1.3266854550002698,-0.9241467807314468,0.0,0.0,0.0,1.0,11.119897691565697
-0.9031398991934966,1.2381446455857137,-1.3266854550002698,-1.0832116832035494,0.0,0.0,0.0,1.0,11.785247676408115
1.1320077423624773,1.2281675200542108,-1.3079656348430695,-1.0036792319674983,0.0,0.0,0.0,0.0,12.400820837540556
0.2609226978404473,1.2281675200542108,-1.3173255449216696,-1.0036792319674983,0.0,0.0,0.0,1.0,12.022756594390605
1.2181745332530347,1.233156082819966,-1.3126455898823712,-1.0036792319674983,0.0,0.0,0.0,0.0,12.42159120030458
0.2626491727034641,1.233156082819966,-1.3126455898823712,-1.0036792319674983,0.0,0.0,0.0,0.0,12.097936057925594
0.5051927322472555,1.2381446455857137,-1.3126455898823712,-1.0832116832035494,0.0,0.0,0.0,0.0,12.483708170000067
1.7021629865186985,1.2431332083514686,-1.3173255449216696,-1.0036792319674983,0.0,0.0,0.0,0.0,12.53753592969685
1.0971643405815958,1.2431332083514686,-1.3173255449216696,-1.4808739393838062,0.0,0.0,0.0,0.0,12.512457475937662
1.3378767904221884,1.2431332083514686,-1.3126455898823712,-1.71947129309196,0.0,0.0,0.0,0.0,12.47074578096406
1.124997208070228,1.2630874594144743,-1.3126455898823712,-1.6399388418559087,0.0,0.0,0.0,0.0,12.086167985820309
2.830126563689567,1.2630874594144743,-1.279885904607276,-1.7990037443280114,0.0,0.0,0.0,0.0,12.985629146880282
-0.13145795284515174,1.2431332083514686,-1.3266854550002698,-0.28788717084303633,0.0,0.0,0.0,1.0,12.12541016250223
-0.5300643765216289,1.2381446455857137,-1.3313654100395682,-0.6855494270232929,0.0,0.0,0.0,1.0,12.04179334395687
0.44078998811472586,1.2381446455857137,-1.3266854550002698,0.5869697927535281,0.0,0.0,0.0,1.0,12.067390869565173
-0.2622515030736848,1.2431332083514686,-1.3266854550002698,0.2688399878093229,0.0,0.0,0.0,1.0,12.090106084085123
-0.25707207848463487,1.2281675200542108,-1.3313654100395682,-1.0036792319674983,0.0,0.0,0.0,1.0,11.481445117743048
-0.1874899097630553,1.2281675200542108,-1.3313654100395682,-1.0036792319674983,0.0,0.0,0.0,1.0,11.769898298682092
-0.16745233786804403,1.2281675200542108,-1.3360453650788666,-1.0036792319674983,0.0,0.0,0.0,1.0,11.205054290550551
-0.11691371005973886,1.2281675200542108,-1.3360453650788666,-1.0036792319674983,0.0,0.0,0.0,1.0,11.799614544567753
-0.022480766794738084,1.2381446455857137,-1.3313654100395682,0.5869697927535281,0.0,0.0,0.0,1.0,12.04355959836804
-0.3556904153569487,1.2381446455857137,-1.3313654100395682,0.18930753657327157,0.0,0.0,0.0,1.0,12.087857641588924
-0.46466760140736235,1.2381446455857137,-1.3360453650788666,-0.04928981713488239,0.0,0.0,0.0,1.0,12.015523333397592
0.6657548945078025,1.2481217711172237,-1.3266854550002698,0.18930753657327157,0.0,0.0,0.0,0.0,12.10625783509458
0.05573377624192476,1.2481217711172237,-1.3266854550002698,0.5869697927535281,0.0,0.0,0.0,0.0,12.03706802344148
0.05139143037433736,1.2481217711172237,-1.3313654100395682,0.5869697927535281,0.0,0.0,0.0,1.0,12.048254415120404
0.25276118030618683,1.2481217711172237,-1.322005499960968,-1.0832116832035494,0.0,0.0,0.0,0.0,12.32029824991355
1.5258009633905443,1.2531103338829714,-1.322005499960968,-0.9241467807314468,0.0,0.0,0.0,0.0,12.366067642588453
0.9228426968370073,1.2580988966487263,-1.322005499960968,-0.9241467807314468,0.0,0.0,0.0,0.0,12.339733404786474
-0.0834828786213259,1.2580988966487263,-1.3266854550002698,-0.9241467807314468,0.0,0.0,0.0,0.0,12.102937429832547
0.8494936738688459,1.2531103338829714,-1.3266854550002698,-0.9241467807314468,0.0,0.0,0.0,0.0,12.310437165348775
2.070372989122064,1.2481217711172237,-1.3313654100395682,-0.28788717084303633,0.0,0.0,0.0,1.0,12.533940109913773
0.4384357042106122,1.2481217711172237,-1.3360453650788666,-0.20835471960698504,0.0,0.0,0.0,1.0,12.499864763577847
0.3917162480689803,1.2431332083514686,-1.3360453650788666,-0.6060169757872417,0.0,0.0,0.0,1.0,12.314034275355535
1.4875569293037212,1.2630874594144743,-1.3313654100395682,-0.446952073315139,0.0,0.0,0.0,0.0,12.633954607922337
0.9758925608097002,1.2630874594144743,-1.3266854550002698,-0.28788717084303633,0.0,0.0,0.0,0.0,12.402465567990559
1.3620474385044212,1.2580988966487263,-1.3266854550002698,-0.28788717084303633,0.0,0.0,0.0,0.0,12.425212191503038
2.1134825432773887,1.2580988966487263,-1.3266854550002698,-0.446952073315139,0.0,0.0,0.0,0.0,12.708667489167874
2.555250838529282,1.2531103338829714,-1.3313654100395682,-0.9241467807314468,0.0,0.0,0.0,0.0,12.712290670597714
2.9957111982788893,1.2531103338829714,-1.3313654100395682,-0.6060169757872417,0.0,0.0,0.0,0.0,12.87723236377919
0.48327173322895334,1.2531103338829714,-1.3360453650788666,0.18930753657327157,0.0,0.0,0.0,1.0,12.30501712236033
0.12552521464386995,1.273064584945984,-1.3266854550002698,-0.12882226837093372,0.0,0.0,0.0,0.0,12.085039960478051
1.0421787320655205,1.2680760221802292,-1.3313654100395682,-0.20835471960698504,0.0,0.0,0.0,0.0,12.303657509006147
0.23638582781757453,1.2680760221802292,-1.3266854550002698,-0.7650818782593443,0.0,0.0,0.0,0.0,12.301387370778713
-0.9639850587598101,1.2630874594144743,-1.3266854550002698,-1.4013414881477548,0.0,0.0,0.0,0.0,11.896151780740423
-0.406124408325071,1.278053147711732,-1.3266854550002698,-0.9241467807314468,0.0,0.0,0.0,0.0,11.340962076644454
-0.08390141798205716,1.278053147711732,-1.3266854550002698,-0.6855494270232929,0.0,0.0,0.0,0.0,12.03706802344148
0.22963688062578216,1.278053147711732,-1.3313654100395682,0.3483724390453742,0.0,0.0,0.0,0.0,11.978550773342342
-0.1183785978222985,1.273064584945984,-1.3266854550002698,0.03024263410116893,0.0,0.0,0.0,0.0,12.03706802344148
0.3045031087765947,1.273064584945984,-1.3266854550002698,0.18930753657327157,0.0,0.0,0.0,0.0,12.04355959836804
0.857864461083472,1.278053147711732,-1.322005499960968,-0.20835471960698504,0.0,0.0,0.0,0.0,12.128656901032139
0.09905260007761477,1.273064584945984,-1.322005499960968,-0.12882226837093372,0.0,0.0,0.0,0.0,12.00762780434872
0.8256369303071613,1.273064584945984,-1.322005499960968,-0.20835471960698504,0.0,0.0,0.0,0.0,12.105705199284083
0.7679308159463327,1.278053147711732,-1.322005499960968,-0.6060169757872417,0.0,0.0,0.0,0.0,12.173037959397275
-0.07694320110989916,1.273064584945984,-1.322005499960968,-1.1627441344396008,0.0,0.0,0.0,0.0,12.112865752267137
0.5745133138683781,1.2680760221802292,-1.3173255449216696,-1.0036792319674983,0.0,0.0,0.0,0.0,12.253437985595856
1.3942226518606402,1.2630874594144743,-1.322005499960968,-1.3218090369117035,0.0,0.0,0.0,0.0,12.44588057164006
0.18569024774899526,1.2580988966487263,-1.3173255449216696,-1.0036792319674983,0.0,0.0,0.0,0.0,12.190964083849375
0.20489074092254375,1.2580988966487263,-1.4249645108255524,-0.20835471960698504,0.0,0.0,0.0,1.0,11.789806920177805
0.09695990327395847,1.2531103338829714,-1.4249645108255524,-1.2422765856756521,0.0,0.0,0.0,1.0,11.910365121788654
0.14415021619641286,1.2580988966487263,-1.4296444658648542,-0.5264845245511903,0.0,0.0,0.0,1.0,11.827013315851762
-0.012226552456821062,1.2531103338829714,-1.4296444658648542,-0.9241467807314468,0.0,0.0,0.0,1.0,11.902945238977257
-0.20773675133843217,1.2531103338829714,-1.4296444658648542,-1.2422765856756521,0.0,0.0,0.0,1.0,11.586185220346932
-0.19031505044799152,1.2531103338829714,-1.4296444658648542,-1.4013414881477548,0.0,0.0,0.0,1.0,11.866402300407264
-0.616178849992095,1.2531103338829714,-1.4343244209041526,-1.0036792319674983,0.0,0.0,0.0,1.0,11.960817678718287
0.6041772910602096,1.2630874594144743,-1.4296444658648542,-1.1627441344396008,0.0,0.0,0.0,1.0,11.932300052847731
0.06938862288578337,1.2630874594144743,-1.4296444658648542,-0.6855494270232929,0.0,0.0,0.0,1.0,11.791322060504474
0.11024852797717713,1.2580988966487263,-1.4296444658648542,-0.446952073315139,0.0,0.0,0.0,1.0,11.811554895830454
0.7486256879326012,1.2580988966487263,-1.4296444658648542,-0.28788717084303633,0.0,0.0,0.0,1.0,11.795853756086931
0.4485852837083464,1.2580988966487263,-1.4343244209041526,-0.5264845245511903,0.0,0.0,0.0,1.0,11.756663486852712
-0.44358368111052293,1.2531103338829714,-1.4343244209041526,-0.28788717084303633,0.0,0.0,0.0,1.0,11.724813914587886
0.39768043395940145,1.2531103338829714,-1.4343244209041526,-0.9241467807314468,0.0,0.0,0.0,1.0,11.85723122498801
-0.988155706842043,1.2580988966487263,-1.439004375943451,-0.8446143294953956,0.0,0.0,0.0,1.0,11.651826167019166
-0.5238386035307508,1.2580988966487263,-1.439004375943451,-0.9241467807314468,0.0,0.0,0.0,1.0,11.80932691294063
-0.6873305413164171,1.2980073987747447,-1.439004375943451,-0.446952073315139,0.0,0.0,0.0,1.0,11.940158587995837
-1.1726792475044574,1.2630874594144743,-1.4436843309827527,-1.0832116832035494,0.0,0.0,0.0,1.0,11.442513730229855
-0.9732975595360818,1.2580988966487263,-1.439004375943451,-0.5264845245511903,0.0,0.0,0.0,1.0,11.844392338493027
-1.088448201157282,1.2531103338829714,-1.439004375943451,-0.9241467807314468,0.0,0.0,0.0,1.0,11.852257893055606
-1.275430660563993,1.2531103338829714,-1.4436843309827527,-1.8785361955640627,0.0,0.0,0.0,1.0,11.597275804538212
-1.3652596708609495,1.2630874594144743,-1.4483642860220511,-1.71947129309196,0.0,0.0,0.0,1.0,11.119897691565697
-0.9432150429835191,1.233156082819966,-1.4249645108255524,-0.6060169757872417,0.0,0.0,0.0,1.0,11.37940550085183
0.11856699777171195,1.233156082819966,-1.4296444658648542,0.3483724390453742,0.0,0.0,0.0,1.0,11.717505780625043
0.5170687866080065,1.233156082819966,-1.4296444658648542,0.03024263410116893,0.0,0.0,0.0,1.0,11.82628259408539
0.2531274022468268,1.233156082819966,-1.4343244209041526,-0.20835471960698504,0.0,0.0,0.0,1.0,11.88380602959621
-0.06606117773088525,1.233156082819966,-1.439004375943451,-1.0036792319674983,0.0,0.0,0.0,1.0,11.896833207128452
-0.6750882650150264,1.2481217711172237,-1.4343244209041526,-0.9241467807314468,0.0,0.0,0.0,1.0,11.786008995353765
-0.8508224791020833,1.2431332083514686,-1.4343244209041526,-0.8446143294953956,0.0,0.0,0.0,1.0,11.544433821905134
-0.5965075000377238,1.2481217711172237,-1.4343244209041526,-1.1627441344396008,0.0,0.0,0.0,1.0,11.446796346169297
-0.4065429476858023,1.2481217711172237,-1.439004375943451,-1.5604063906198575,0.0,0.0,0.0,1.0,11.867805799560465
-0.612882852526336,1.2431332083514686,-1.4249645108255524,-1.6399388418559087,0.0,0.0,0.0,1.0,11.938199736300925
0.048932511630041094,1.2431332083514686,-1.4296444658648542,-1.0832116832035494,0.0,0.0,0.0,1.0,11.868506811148853
-0.31786492063085703,1.2431332083514686,-1.4296444658648542,-0.5264845245511903,0.0,0.0,0.0,1.0,11.782960235741939
-0.02975288818744453,1.2481217711172237,-1.4296444658648542,-0.28788717084303633,0.0,0.0,0.0,1.0,11.808583147519697
-0.44415917273152855,1.2381446455857137,-1.4296444658648542,-1.3218090369117035,0.0,0.0,0.0,1.0,11.815257205114566
-0.6839299090104752,1.2431332083514686,-1.4343244209041526,-1.5604063906198575,0.0,0.0,0.0,1.0,11.388506711556236
-0.10603168668072495,1.2381446455857137,-1.4343244209041526,-0.446952073315139,0.0,0.0,0.0,1.0,11.845827048676645
0.35493710174471704,1.2381446455857137,-1.4343244209041526,-1.4808739393838062,0.0,0.0,0.0,1.0,11.9873007744816
0.6652317203068886,1.2381446455857137,-1.4343244209041526,-0.9241467807314468,0.0,0.0,0.0,1.0,11.841516728140565
0.5347520745989038,1.2381446455857137,-1.439004375943451,-1.6399388418559087,0.0,0.0,0.0,1.0,11.928347504569842
0.04291600831952842,1.2381446455857137,-1.4436843309827527,-1.6399388418559087,0.0,0.0,0.0,1.0,11.88034943062464
-0.42637124990044795,1.223178957288456,-1.4296444658648542,0.42790489028142553,0.0,0.0,0.0,1.0,11.825551337974238
0.4976067063340006,1.223178957288456,-1.4343244209041526,-0.6060169757872417,0.0,0.0,0.0,1.0,12.067390869565173
-0.8145141895586426,1.2181903945227082,-1.4296444658648542,0.2688399878093229,0.0,0.0,0.0,1.0,11.979178318844294
-0.7931163647412546,1.2181903945227082,-1.4296444658648542,-0.12882226837093372,0.0,0.0,0.0,1.0,12.182297237179363
-0.4957964663617534,1.223178957288456,-1.439004375943451,-0.6855494270232929,0.0,0.0,0.0,1.0,12.459555277114108
-0.668339317823234,1.2281675200542108,-1.4296444658648542,-0.04928981713488239,0.0,0.0,0.0,1.0,11.817472029092508
-0.2820798052883304,1.2281675200542108,-1.4343244209041526,0.2688399878093229,0.0,0.0,0.0,1.0,11.852969885168331
-0.6303045534167767,1.223178957288456,-1.4343244209041526,0.5074373415174769,0.0,0.0,0.0,1.0,11.80036500801413
-0.4470889482566476,1.223178957288456,-1.4296444658648542,-0.20835471960698504,0.0,0.0,0.0,1.0,11.787529896628678
-0.8374815369787729,1.2281675200542108,-1.4296444658648542,-0.6060169757872417,0.0,0.0,0.0,1.0,11.736077016252437
-0.7815542149010523,1.233156082819966,-1.4296444658648542,-0.12882226837093372,0.0,0.0,0.0,1.0,11.756663486852712
-0.8114274617732492,1.233156082819966,-1.4343244209041526,-1.1627441344396008,0.0,0.0,0.0,1.0,11.803361242493628
-0.8888572435085409,1.2281675200542108,-1.4249645108255524,-0.9241467807314468,0.0,0.0,0.0,1.0,11.872004516724523
-0.7612027384854925,1.2281675200542108,-1.4296444658648542,-1.3218090369117035,0.0,0.0,0.0,1.0,11.794345471549745
-0.6298336966359539,1.223178957288456,-1.4249645108255524,-0.04928981713488239,0.0,0.0,0.0,1.0,11.881041706925902
-0.2540899855394243,1.2032247062254502,-1.4296444658648542,0.5869697927535281,0.0,0.0,0.0,1.0,11.903622053373214
2.5754976801046583,1.2181903945227082,-1.4062446906683557,-1.4808739393838062,0.0,0.0,0.0,1.0,13.078413579737122
-0.17817740898678383,1.1982361434596953,-1.4062446906683557,-0.20835471960698504,0.0,0.0,0.0,1.0,11.119897691565697
1.826207589555439,1.1982361434596953,-1.3828449154718603,-1.0036792319674983,0.0,0.0,0.0,1.0,12.141539457711714
-0.3276482781879513,1.1932475806939404,-1.3828449154718603,0.03024263410116893,0.0,0.0,0.0,1.0,13.122367377396328
0.6406948502840158,1.1932475806939404,-1.378164960432562,1.8594890125303492,0.0,0.0,0.0,1.0,13.122367377396328
-0.34747658040259694,1.1932475806939404,-1.378164960432562,0.6665022439895795,0.0,0.0,0.0,1.0,12.67857627217662
0.3146526882743284,1.1932475806939404,-1.378164960432562,1.2232294026419388,0.0,0.0,0.0,1.0,13.023208014349237
0.7541190170421997,1.1982361434596953,-1.378164960432562,0.9050995976977334,0.0,0.0,0.0,1.0,13.122367377396328
0.6532510311059551,1.1932475806939404,-1.378164960432562,1.541359207586144,0.0,0.0,0.0,1.0,12.977108677417966
0.4775691344389896,1.1982361434596953,-1.378164960432562,-0.7650818782593443,0.0,0.0,0.0,1.0,12.720694056173551
0.3362074653519911,1.1982361434596953,-1.378164960432562,1.30276185387799,0.0,0.0,0.0,1.0,12.953236782939266
0.0902632735022574,1.1982361434596953,-1.3734850053932603,0.3483724390453742,0.0,0.0,0.0,1.0,12.923182904342333
-0.10482838601862246,1.1932475806939404,-1.3734850053932603,1.2232294026419388,0.0,0.0,0.0,1.0,12.818012482157647
0.6604185176584787,1.1932475806939404,-1.3734850053932603,1.064164500169836,0.0,0.0,0.0,1.0,12.910409487665515
1.3000512956960966,1.1882590179281924,-1.378164960432562,0.5074373415174769,0.0,0.0,0.0,1.0,13.087152693326571
-1.0283354854722484,1.2281675200542108,-1.3828449154718603,0.5869697927535281,0.0,0.0,0.0,1.0,11.736077016252437
-1.1859678722076763,1.2281675200542108,-1.3875248705111587,1.1436969514058875,0.0,0.0,0.0,1.0,11.440365524765756
-1.14871786910259,1.2281675200542108,-1.3875248705111587,1.3822943051140413,0.0,0.0,0.0,1.0,11.434974734252892
-1.0882912488970078,1.2281675200542108,-1.3875248705111587,1.8594890125303492,0.0,0.0,0.0,1.0,10.768506042432708
-1.439393455130482,1.223178957288456,-1.3922048255504604,1.8594890125303492,0.0,0.0,0.0,1.0,11.002116507732017
-1.2513646473219429,1.2281675200542108,-1.3875248705111587,1.8594890125303492,0.0,0.0,0.0,1.0,11.330215832884798
-1.1778063546734159,1.2281675200542108,-1.3922048255504604,1.8594890125303492,0.0,0.0,0.0,1.0,11.685205103383671
-0.9307634970017628,1.2381446455857137,-1.3875248705111587,0.6665022439895795,0.0,0.0,0.0,1.0,11.669937760751914
-1.0688291686230023,1.2381446455857137,-1.3922048255504604,0.7460346952256308,0.0,0.0,0.0,1.0,11.752737324967208
-1.1705342332807094,1.2381446455857137,-1.3922048255504604,0.6665022439895795,0.0,0.0,0.0,1.0,11.646590598651017
-0.9009425675496573,1.233156082819966,-1.3922048255504604,-0.12882226837093372,0.0,0.0,0.0,1.0,11.574029971623514
-0.9302403228008487,1.233156082819966,-1.3875248705111587,-0.20835471960698504,0.0,0.0,0.0,1.0,11.600029337681997
-0.9704724188511453,1.233156082819966,-1.3875248705111587,-0.5264845245511903,0.0,0.0,0.0,1.0,11.613684409620816
-0.5584204182111749,1.2381446455857137,-1.3828449154718603,0.10977508533722025,0.0,0.0,0.0,1.0,11.700242855114809
-0.9544109708830815,1.2381446455857137,-1.3875248705111587,0.18930753657327157,0.0,0.0,0.0,1.0,11.598194491615347
-1.3611789120938191,1.233156082819966,-1.3875248705111587,-1.0832116832035494,0.0,0.0,0.0,1.0,11.439289689006644
-0.9560851283260068,1.233156082819966,-1.3828449154718603,-0.6855494270232929,0.0,0.0,0.0,1.0,11.395278670032656
-1.0803913184632046,1.233156082819966,-1.378164960432562,0.03024263410116893,0.0,0.0,0.0,1.0,11.548302261270587
-0.9437382171844332,1.233156082819966,-1.3828449154718603,1.064164500169836,0.0,0.0,0.0,1.0,11.586185220346932
-0.9734545117963559,1.233156082819966,-1.3828449154718603,1.4618267563500926,0.0,0.0,0.0,1.0,11.410903813540878
-0.9607936961342339,1.233156082819966,-1.3828449154718603,1.6208916588221953,0.0,0.0,0.0,1.0,11.446796346169297
-1.0966097186915424,1.233156082819966,-1.3828449154718603,1.4618267563500926,0.0,0.0,0.0,1.0,11.49069008091951
-0.7230110218187609,1.233156082819966,-1.3828449154718603,1.30276185387799,0.0,0.0,0.0,1.0,11.50892748368293
-0.21731083921516078,1.2481217711172237,-1.378164960432562,0.03024263410116893,0.0,0.0,0.0,1.0,11.678448377988165
-0.203394405470845,1.2431332083514686,-1.378164960432562,0.18930753657327157,0.0,0.0,0.0,1.0,11.669937760751914
-0.0987595652880185,1.2431332083514686,-1.378164960432562,0.5869697927535281,0.0,0.0,0.0,1.0,11.620891583095712
-0.2186710921375376,1.2381446455857137,-1.378164960432562,0.42790489028142553,0.0,0.0,0.0,1.0,11.632493573102964
-0.866465387709416,1.2381446455857137,-1.3828449154718603,0.03024263410116893,0.0,0.0,0.0,1.0,11.51293546492023
0.10083139236072286,1.2481217711172237,-1.378164960432562,-0.04928981713488239,0.0,0.0,0.0,1.0,11.940158587995837
-0.49412230891882813,1.2431332083514686,-1.3828449154718603,-0.20835471960698504,0.0,0.0,0.0,1.0,11.629828113199304
-1.3352817891485695,1.2431332083514686,-1.3828449154718603,-0.7650818782593443,0.0,0.0,0.0,1.0,11.716690459057835
-0.9756518434401952,1.2381446455857137,-1.3828449154718603,-0.6855494270232929,0.0,0.0,0.0,1.0,11.560772327227417
-0.7820773891019663,1.2481217711172237,-1.3875248705111587,-0.04928981713488239,0.0,0.0,0.0,1.0,11.62893804540639
-0.6853947967730349,1.2431332083514686,-1.3875248705111587,0.18930753657327157,0.0,0.0,0.0,1.0,11.680141844155234
-0.2622515030736848,1.2381446455857137,-1.3922048255504604,1.3822943051140413,0.0,0.0,0.0,1.0,11.822620954414864
-0.5578449265901694,1.2431332083514686,-1.3922048255504604,1.1436969514058875,0.0,0.0,0.0,1.0,11.546369912189585
-1.0351367500841322,1.2481217711172237,-1.3875248705111587,0.5074373415174769,0.0,0.0,0.0,1.0,11.467938559235831
-0.21249763656675083,1.2481217711172237,-1.3968847805897588,-1.3218090369117035,0.0,0.0,0.0,1.0,12.230282214644559
0.1340529541187704,1.2481217711172237,-1.4015647356290573,0.2688399878093229,0.0,0.0,0.0,1.0,12.059895922372384
-1.051093563212013,1.2431332083514686,-1.4015647356290573,1.1436969514058875,0.0,0.0,0.0,1.0,11.889997957243736
-0.6995205001977163,1.2431332083514686,-1.3968847805897588,-0.9241467807314468,0.0,0.0,0.0,1.0,11.898194668458823
-1.021324951179999,1.2431332083514686,-1.4015647356290573,0.7460346952256308,0.0,0.0,0.0,1.0,11.918397239722838
-1.14871786910259,1.2431332083514686,-1.4015647356290573,-1.4013414881477548,0.0,0.0,0.0,1.0,11.86147448281689
-0.6577711989647685,1.2381446455857137,-1.3968847805897588,-0.6855494270232929,0.0,0.0,0.0,1.0,11.889997957243736
-0.6522255524350788,1.2381446455857137,-1.3968847805897588,-0.28788717084303633,0.0,0.0,0.0,1.0,11.918397239722838
-0.7952613789650026,1.2431332083514686,-1.3968847805897588,-0.04928981713488239,0.0,0.0,0.0,1.0,11.726430716744437
-0.6039888911107958,1.2381446455857137,-1.4015647356290573,0.7460346952256308,0.0,0.0,0.0,1.0,11.890683588496984
-0.7163667094671513,1.2381446455857137,-1.4015647356290573,0.10977508533722025,0.0,0.0,0.0,1.0,11.868506811148853
-0.6856040664534006,1.233156082819966,-1.4015647356290573,0.03024263410116893,0.0,0.0,0.0,1.0,11.810812786275873
-1.1740918178469255,1.2381446455857137,-1.4015647356290573,-0.6855494270232929,0.0,0.0,0.0,1.0,10.959557617938563
-1.1804222256779866,1.2381446455857137,-1.4015647356290573,-0.7650818782593443,0.0,0.0,0.0,1.0,11.785247676408115
-0.7646033707914344,1.2381446455857137,-1.4062446906683557,-0.12882226837093372,0.0,0.0,0.0,1.0,11.119897691565697
-1.055906765860423,1.2281675200542108,-1.4015647356290573,-0.446952073315139,0.0,0.0,0.0,1.0,11.119897691565697
-0.8916823841934771,1.2281675200542108,-1.4109246457076574,-0.12882226837093372,0.0,0.0,0.0,1.0,11.78676973513378
-0.42030242916984395,1.2381446455857137,-1.4109246457076574,0.6665022439895795,0.0,0.0,0.0,1.0,11.765247163561801
-0.7270394631657996,1.2381446455857137,-1.4109246457076574,0.6665022439895795,0.0,0.0,0.0,1.0,11.772987080375044
-0.9145974141935161,1.2431332083514686,-1.4062446906683557,0.3483724390453742,0.0,0.0,0.0,1.0,11.847975261832087
-1.0093442619790653,1.2381446455857137,-1.4015647356290573,-0.3674196220790877,0.0,0.0,0.0,1.0,11.901590234400047
-1.0644345053353235,1.2381446455857137,-1.4062446906683557,0.3483724390453742,0.0,0.0,0.0,1.0,11.918397239722838
0.4035923024297313,1.2481217711172237,-1.4015647356290573,0.7460346952256308,0.0,0.0,0.0,1.0,11.921060339411943
-0.22039756700055418,1.2481217711172237,-1.4062446906683557,0.6665022439895795,0.0,0.0,0.0,1.0,11.963370312187111
-0.8560542211112245,1.2481217711172237,-1.4015647356290573,0.10977508533722025,0.0,0.0,0.0,1.0,11.771443882099637
0.13012914761191427,1.2531103338829714,-1.4062446906683557,0.6665022439895795,0.0,0.0,0.0,1.0,11.984184555794167
-0.16635367204612436,1.2481217711172237,-1.4062446906683557,0.9050995976977334,0.0,0.0,0.0,1.0,11.950541482162043
-0.06171883186329785,1.2481217711172237,-1.4062446906683557,0.6665022439895795,0.0,0.0,0.0,1.0,11.8879382384223
-0.8357550621157563,1.2431332083514686,-1.4062446906683557,-0.04928981713488239,0.0,0.0,0.0,1.0,11.893421422254848
-0.4181050975260046,1.2431332083514686,-1.4109246457076574,-0.04928981713488239,0.0,0.0,0.0,1.0,11.974146893333247
-0.20873078232016903,1.2431332083514686,-1.4109246457076574,0.5869697927535281,0.0,0.0,0.0,1.0,11.921060339411943
-0.9006286630291088,1.2381446455857137,-1.4156046007469558,-0.446952073315139,0.0,0.0,0.0,1.0,11.685205103383671
-0.12010507268531506,1.2381446455857137,-1.4156046007469558,-0.6060169757872417,0.0,0.0,0.0,1.0,11.635151947212842
-0.5715520906541197,1.2481217711172237,-1.4109246457076574,-0.7650818782593443,0.0,0.0,0.0,1.0,11.956976469393481
-0.5374934501746097,1.2531103338829714,-1.4156046007469558,0.42790489028142553,0.0,0.0,0.0,1.0,11.762134344805622
-0.90622662697889,1.2481217711172237,-1.4156046007469558,-0.5264845245511903,0.0,0.0,0.0,1.0,11.816734299348461
-1.0199646982576223,1.2481217711172237,-1.4202845557862542,-0.8446143294953956,0.0,0.0,0.0,1.0,11.119897691565697
-1.190519487755629,1.2481217711172237,-1.4249645108255524,-0.6060169757872417,0.0,0.0,0.0,1.0,11.474195031610165
-0.7760608857914538,1.2431332083514686,-1.4249645108255524,0.10977508533722025,0.0,0.0,0.0,1.0,11.808583147519697
-0.8485205126180612,1.2431332083514686,-1.4202845557862542,-0.3674196220790877,0.0,0.0,0.0,1.0,11.710964518881163
-0.8892757828692721,1.2481217711172237,-1.4156046007469558,-1.4808739393838062,0.0,0.0,0.0,1.0,11.762913458369663
-0.9517427824584194,1.2531103338829714,-1.4156046007469558,-0.3674196220790877,0.0,0.0,0.0,1.0,11.933614104849879
-0.6873305413164171,1.2531103338829714,-1.4156046007469558,-0.446952073315139,0.0,0.0,0.0,1.0,11.783723297487764
-0.8297385588052439,1.2481217711172237,-1.4202845557862542,-1.2422765856756521,0.0,0.0,0.0,1.0,11.574029971623514
-1.113874467321709,1.2531103338829714,-1.4202845557862542,-0.28788717084303633,0.0,0.0,0.0,1.0,11.457423325808623
-0.7623537217275037,1.2531103338829714,-1.4202845557862542,-0.3674196220790877,0.0,0.0,0.0,1.0,11.583393248239855
-0.6146616448094441,1.2531103338829714,-1.4202845557862542,0.3483724390453742,0.0,0.0,0.0,1.0,11.591745887495987
0.16716988103663494,1.2580988966487263,-1.4062446906683557,0.18930753657327157,0.0,0.0,0.0,1.0,11.983560145061489
0.21388933717826678,1.2580988966487263,-1.4109246457076574,0.42790489028142553,0.0,0.0,0.0,1.0,11.881041706925902
0.5859185114483061,1.2630874594144743,-1.4109246457076574,-0.20835471960698504,0.0,0.0,0.0,1.0,11.957617696467539
-0.19183225563064268,1.2580988966487263,-1.4156046007469558,0.18930753657327157,0.0,0.0,0.0,1.0,11.848690308590857
-0.32069006131579325,1.2580988966487263,-1.4156046007469558,-0.6060169757872417,0.0,0.0,0.0,1.0,11.772987080375044
-0.007727254328959557,1.2580988966487263,-1.4156046007469558,-0.20835471960698504,0.0,0.0,0.0,1.0,11.844392338493027
0.18197571092250475,1.2630874594144743,-1.4202845557862542,-0.6855494270232929,0.0,0.0,0.0,1.0,11.847975261832087
0.016391076333181948,1.2630874594144743,-1.4202845557862542,-0.8446143294953956,0.0,0.0,0.0,1.0,11.937545932118134
-0.4325447054712347,1.2580988966487263,-1.4249645108255524,-1.0036792319674983,0.0,0.0,0.0,1.0,11.495789479023493
0.1251066752831387,1.2630874594144743,-1.4062446906683557,-0.20835471960698504,0.0,0.0,0.0,1.0,11.984184555794167
0.42012460717861744,1.2630874594144743,-1.4109246457076574,-0.12882226837093372,0.0,0.0,0.0,1.0,11.930984271840668
0.6683707655123735,1.2680760221802292,-1.4156046007469558,-0.446952073315139,0.0,0.0,0.0,1.0,12.051177522006789
1.1155800724537737,1.2680760221802292,-1.4156046007469558,-0.5264845245511903,0.0,0.0,0.0,1.0,12.02515610124372
0.667429051950728,1.2680760221802292,-1.4202845557862542,-0.20835471960698504,0.0,0.0,0.0,1.0,11.87340018062404
-0.4393459700831184,1.273064584945984,-1.4249645108255524,-0.7650818782593443,0.0,0.0,0.0,1.0,11.493752839181418
0.4345118977037565,1.2930188360089898,-1.4109246457076574,-1.7990037443280114,0.0,0.0,0.0,1.0,12.124325569579169
0.988658011312005,1.2531103338829714,-1.4015647356290573,0.10977508533722025,0.0,0.0,0.0,1.0,12.134044816071038
0.1800399663791223,1.2531103338829714,-1.4062446906683557,0.03024263410116893,0.0,0.0,0.0,1.0,12.04238244212355
0.8624683940515163,1.2930188360089898,-1.3828449154718603,-0.5264845245511903,0.0,0.0,0.0,1.0,11.959538914341756
0.8761755581154667,1.278053147711732,-1.3875248705111587,-0.9241467807314468,0.0,0.0,0.0,1.0,12.494633082107216
1.4324666859474633,1.283041710477487,-1.3875248705111587,-1.0036792319674983,0.0,0.0,0.0,1.0,12.484086884722583
1.4130569230935492,1.273064584945984,-1.3875248705111587,-0.6855494270232929,0.0,0.0,0.0,1.0,12.409833561339303
1.6166763220893292,1.278053147711732,-1.3922048255504604,-1.4013414881477548,0.0,0.0,0.0,1.0,12.590998254919084
1.4392156331392556,1.273064584945984,-1.3922048255504604,-0.7650818782593443,0.0,0.0,0.0,1.0,12.519426119694613
0.9348233860379408,1.2980073987747447,-1.3968847805897588,-1.958068646800114,0.0,0.0,0.0,1.0,12.36051328331556
0.039567693433678115,1.2880302732432418,-1.4015647356290573,-1.0832116832035494,0.0,0.0,0.0,1.0,12.173037959397275
0.17747641279464302,1.2630874594144743,-1.3968847805897588,-1.6399388418559087,0.0,0.0,0.0,1.0,12.420381283681547
1.9661566882999695,1.2680760221802292,-1.3968847805897588,-1.1627441344396008,0.0,0.0,0.0,1.0,12.57936229760897
0.5770245500327656,1.283041710477487,-1.4015647356290573,-1.4013414881477548,0.0,0.0,0.0,1.0,12.045909761904733
0.9728581504443984,1.278053147711732,-1.4062446906683557,-1.71947129309196,0.0,0.0,0.0,1.0,12.308633746480464
0.08032296368488881,1.2630874594144743,-1.4015647356290573,-1.8785361955640627,0.0,0.0,0.0,1.0,12.32652323122033
1.3805678052167816,1.273064584945984,-1.4015647356290573,-1.8785361955640627,0.0,0.0,0.0,1.0,12.548601503733918
0.9954069585037973,1.2680760221802292,-1.4062446906683557,-1.2422765856756521,0.0,0.0,0.0,1.0,12.33578864378571
0.6587443602155532,1.2630874594144743,-1.4062446906683557,-0.20835471960698504,0.0,0.0,0.0,1.0,12.109567251742098
-0.3657876774345916,1.2880302732432418,-1.3547651852360634,-0.9241467807314468,0.0,0.0,0.0,0.0,12.15425816271595
-0.6183238642158431,1.2930188360089898,-1.3547651852360634,-0.9241467807314468,0.0,0.0,0.0,0.0,11.972253562968545
0.5505519354665109,1.2930188360089898,-1.3547651852360634,-0.3674196220790877,0.0,0.0,0.0,0.0,12.065090709265014
0.6453511006721515,1.2930188360089898,-1.3547651852360634,-1.0036792319674983,0.0,0.0,0.0,0.0,11.997207914913153
0.33338232466705436,1.2930188360089898,-1.3641250953146635,-1.0832116832035494,0.0,0.0,0.0,0.0,11.972253562968545
0.633108824370761,1.2930188360089898,-1.3594451402753651,-1.0036792319674983,0.0,0.0,0.0,0.0,12.074259775399616
0.4135326122470994,1.2930188360089898,-1.3641250953146635,-1.958068646800114,0.0,0.0,0.0,0.0,12.316275916098562
0.17941215733802543,1.2980073987747447,-1.3547651852360634,-1.1627441344396008,0.0,0.0,0.0,0.0,12.078812973059884
0.04291600831952842,1.3079845243062476,-1.3547651852360634,-1.71947129309196,0.0,0.0,0.0,0.0,11.86147448281689
-0.7426823717731322,1.3029959615404998,-1.368805050353962,-0.8446143294953956,0.0,0.0,0.0,0.0,11.951186847493476
0.7276464024759446,1.3079845243062476,-1.3594451402753651,-0.9241467807314468,0.0,0.0,0.0,0.0,11.964644189595829
1.1046980490747595,1.2980073987747447,-1.3454052751574666,-0.20835471960698504,0.0,0.0,0.0,0.0,12.508770169721908
0.2609226978404473,1.2930188360089898,-1.350085230196765,-0.28788717084303633,0.0,0.0,0.0,0.0,12.273735966890268
0.4818591628864852,1.2980073987747447,-1.350085230196765,-0.04928981713488239,0.0,0.0,0.0,0.0,12.138334343884129
-0.4644060143069054,1.2930188360089898,-1.350085230196765,-0.8446143294953956,0.0,0.0,0.0,0.0,12.048254415120404
1.2035779730475304,1.2980073987747447,-1.3454052751574666,0.3483724390453742,0.0,0.0,0.0,0.0,12.34104487465108
0.5632127511286328,1.3079845243062476,-1.3454052751574666,-1.2422765856756521,0.0,0.0,0.0,0.0,12.492006941510096
0.6517861433433951,1.3129730870720024,-1.350085230196765,-1.958068646800114,0.0,0.0,0.0,0.0,12.344533742172285
1.0693314730929644,1.3229502126035053,-1.3454052751574666,-1.5604063906198575,0.0,0.0,0.0,0.0,12.107913912447533
0.7313086218823434,1.3229502126035053,-1.3454052751574666,-1.71947129309196,0.0,0.0,0.0,0.0,12.42681732184313
0.4734883756718591,1.3279387753692602,-1.350085230196765,-1.8785361955640627,0.0,0.0,0.0,0.0,12.392141339694389
1.4064126107419392,1.283041710477487,-1.3454052751574666,0.18930753657327157,0.0,0.0,0.0,0.0,12.150036542839864
0.3917162480689803,1.2880302732432418,-1.3454052751574666,-0.6060169757872417,0.0,0.0,0.0,0.0,12.519060557144618
0.056570854963387276,1.2880302732432418,-1.3547651852360634,-0.8446143294953956,0.0,0.0,0.0,0.0,12.279792328023508
-1.041467157915193,1.283041710477487,-1.3547651852360634,-0.9241467807314468,0.0,0.0,0.0,0.0,11.685205103383671
0.08340969147028243,1.2880302732432418,-1.3594451402753651,0.10977508533722025,0.0,0.0,0.0,0.0,11.943414837983129
0.04092794635605471,1.278053147711732,-1.350085230196765,-0.20835471960698504,0.0,0.0,0.0,0.0,12.090106084085123
0.2262885657399316,1.278053147711732,-1.350085230196765,0.42790489028142553,0.0,0.0,0.0,0.0,11.934926432385152
-0.6168066590331922,1.278053147711732,-1.3547651852360634,0.18930753657327157,0.0,0.0,0.0,0.0,11.814517839013352
-0.05837051697744754,1.283041710477487,-1.3594451402753651,-0.9241467807314468,0.0,0.0,0.0,0.0,11.756663486852712
-0.9103597031661115,1.283041710477487,-1.3641250953146635,-1.4808739393838062,0.0,0.0,0.0,1.0,11.872004516724523
-0.8211061844901607,1.278053147711732,-1.3641250953146635,-1.3218090369117035,0.0,0.0,0.0,1.0,11.792834908653468
0.08796130701823546,1.2880302732432418,-1.3734850053932603,-1.0832116832035494,0.0,0.0,0.0,1.0,11.919063679824545
0.2590392707171566,1.283041710477487,-1.3734850053932603,-0.446952073315139,0.0,0.0,0.0,1.0,11.782960235741939
-0.2203452495804629,1.2930188360089898,-1.368805050353962,-0.8446143294953956,0.0,0.0,0.0,0.0,11.7068543948059
0.007392480077458937,1.2880302732432418,-1.368805050353962,-0.6060169757872417,0.0,0.0,0.0,1.0,11.642206587981981
-0.4683821382338529,1.278053147711732,-1.368805050353962,-0.6855494270232929,0.0,0.0,0.0,1.0,11.768350322738119
0.08518848375339053,1.2880302732432418,-1.3641250953146635,-1.0832116832035494,0.0,0.0,0.0,0.0,12.040614105490253
0.4701923782061003,1.2880302732432418,-1.3641250953146635,-1.1627441344396008,0.0,0.0,0.0,0.0,11.872702592158976
-0.024468828758211797,1.2880302732432418,-1.3641250953146635,-1.2422765856756521,0.0,0.0,0.0,0.0,11.915727028992151
0.4664778413796098,1.2880302732432418,-1.3641250953146635,-1.4013414881477548,0.0,0.0,0.0,0.0,12.040614105490253
-0.19685472795941827,1.273064584945984,-1.3547651852360634,0.10977508533722025,0.0,0.0,0.0,1.0,11.88242482344573
-0.19183225563064268,1.2680760221802292,-1.3594451402753651,0.42790489028142553,0.0,0.0,0.0,1.0,11.863589378812122
-0.20815529069916344,1.2680760221802292,-1.3594451402753651,0.2688399878093229,0.0,0.0,0.0,1.0,11.947308393235778
-0.45190215090505753,1.2680760221802292,-1.3547651852360634,0.6665022439895795,0.0,0.0,0.0,1.0,11.778369597156942
0.48076049706456575,1.273064584945984,-1.3594451402753651,-0.5264845245511903,0.0,0.0,0.0,1.0,11.859355104555387
-0.05230169624684358,1.273064584945984,-1.3641250953146635,0.5869697927535281,0.0,0.0,0.0,1.0,11.751162533892076
-0.15180942926071145,1.2680760221802292,-1.3594451402753651,0.7460346952256308,0.0,0.0,0.0,1.0,11.724813914587886
-0.14778098791367275,1.2680760221802292,-1.3641250953146635,0.7460346952256308,0.0,0.0,0.0,1.0,11.73927188163082
-0.42767918540273325,1.2680760221802292,-1.3641250953146635,0.6665022439895795,0.0,0.0,0.0,1.0,11.700242855114809
0.10726643503196655,1.2630874594144743,-1.3641250953146635,-0.3674196220790877,0.0,0.0,0.0,1.0,11.827743504053695
-0.17111455727444302,1.2630874594144743,-1.3594451402753651,-0.28788717084303633,0.0,0.0,0.0,1.0,11.73927188163082
0.03778890115057003,1.2580988966487263,-1.3641250953146635,0.5074373415174769,0.0,0.0,0.0,1.0,11.804855999911272
-0.16917881273106058,1.2580988966487263,-1.3594451402753651,-0.12882226837093372,0.0,0.0,0.0,1.0,11.804855999911272
-0.754296839033426,1.2680760221802292,-1.3547651852360634,0.5074373415174769,0.0,0.0,0.0,1.0,11.772987080375044
-0.10017213563048662,1.2630874594144743,-1.3547651852360634,0.3483724390453742,0.0,0.0,0.0,1.0,11.854392350397763
-1.0551743219791434,1.273064584945984,-1.3547651852360634,-1.3218090369117035,0.0,0.0,0.0,1.0,11.688566422839942
-1.129203471408493,1.2630874594144743,-1.3547651852360634,-1.8785361955640627,0.0,0.0,0.0,1.0,11.790564777297387
-0.18680978330186687,1.2630874594144743,-1.350085230196765,0.5869697927535281,0.0,0.0,0.0,1.0,11.87757552297847
-0.5470675380513382,1.2580988966487263,-1.350085230196765,0.03024263410116893,0.0,0.0,0.0,1.0,11.869907361794104
-0.6146616448094441,1.2580988966487263,-1.350085230196765,1.1436969514058875,0.0,0.0,0.0,1.0,11.803361242493628
-1.4902459874593355,1.273064584945984,-1.3454052751574666,-1.0832116832035494,0.0,0.0,0.0,0.0,11.946012225174645
-0.40089266631592985,1.273064584945984,-1.3454052751574666,0.9050995976977334,0.0,0.0,0.0,0.0,12.131893132355916
0.7362264593709363,1.273064584945984,-1.350085230196765,0.3483724390453742,0.0,0.0,0.0,0.0,12.288117962028046
-0.4115131025944866,1.2680760221802292,-1.350085230196765,-0.3674196220790877,0.0,0.0,0.0,1.0,12.140472227446224
-0.38467426608759164,1.2630874594144743,-1.3454052751574666,1.1436969514058875,0.0,0.0,0.0,1.0,11.859355104555387
-0.11183892031087175,1.2580988966487263,-1.3454052751574666,0.6665022439895795,0.0,0.0,0.0,1.0,11.949895700065218
-0.07296707718295173,1.2630874594144743,-1.3454052751574666,0.6665022439895795,0.0,0.0,0.0,1.0,11.932957294690372
-0.4781131783708556,1.2630874594144743,-1.340725320118165,-1.0036792319674983,0.0,0.0,0.0,0.0,11.88242482344573
-0.8041030229604512,1.2680760221802292,-1.340725320118165,-0.7650818782593443,0.0,0.0,0.0,0.0,11.680141844155234
0.4801850054435602,1.2580988966487263,-1.3360453650788666,0.6665022439895795,0.0,0.0,0.0,0.0,11.993504229837974
-0.6830405128689212,1.2680760221802292,-1.3360453650788666,-0.9241467807314468,0.0,0.0,0.0,0.0,12.051177522006789
-0.2661753095805407,1.273064584945984,-1.3360453650788666,0.3483724390453742,0.0,0.0,0.0,0.0,11.971621655408228
0.22126609341115605,1.2680760221802292,-1.3313654100395682,0.18930753657327157,0.0,0.0,0.0,0.0,12.069112524385531
-0.6150801841701754,1.2680760221802292,-1.3313654100395682,-0.9241467807314468,0.0,0.0,0.0,0.0,12.021554678392043
-0.556536991087884,1.283041710477487,-1.340725320118165,0.10977508533722025,0.0,0.0,0.0,0.0,12.063938642041201
-0.5320001210650113,1.278053147711732,-1.3454052751574666,-0.5264845245511903,0.0,0.0,0.0,0.0,12.152677143050752
0.0934546361278336,1.278053147711732,-1.3454052751574666,0.42790489028142553,0.0,0.0,0.0,0.0,12.318065617740915
-0.5107592485078976,1.278053147711732,-1.340725320118165,-0.3674196220790877,0.0,0.0,0.0,0.0,12.129197000747673
-0.6322402979601589,1.278053147711732,-1.340725320118165,0.42790489028142553,0.0,0.0,0.0,0.0,12.008846566115903
-0.4490770102201213,1.278053147711732,-1.340725320118165,1.1436969514058875,0.0,0.0,0.0,0.0,11.913719681428494
-0.22714651419234655,1.278053147711732,-1.3313654100395682,0.18930753657327157,0.0,0.0,0.0,0.0,11.953120448266079
-0.46388284010599135,1.278053147711732,-1.3360453650788666,-0.6855494270232929,0.0,0.0,0.0,0.0,12.369894975232734
-0.21469496821059017,1.273064584945984,-1.3360453650788666,0.18930753657327157,0.0,0.0,0.0,0.0,12.001511614739405
0.09042022576253173,1.273064584945984,-1.3313654100395682,0.5869697927535281,0.0,0.0,0.0,0.0,11.904298410001253
0.09915723491779782,1.2880302732432418,-1.3313654100395682,0.3483724390453742,0.0,0.0,0.0,0.0,12.014312686825066
-0.06920022293636993,1.2880302732432418,-1.3313654100395682,-0.20835471960698504,0.0,0.0,0.0,0.0,12.01854355302823
0.8145979546678733,1.2880302732432418,-1.3360453650788666,0.03024263410116893,0.0,0.0,0.0,0.0,12.314034275355535
-0.20873078232016903,1.283041710477487,-1.3313654100395682,0.18930753657327157,0.0,0.0,0.0,0.0,11.956334830883424
1.1687868886867405,1.2880302732432418,-1.340725320118165,0.5074373415174769,0.0,0.0,0.0,0.0,12.61686023076031
2.2060843768391902,1.2930188360089898,-1.340725320118165,0.03024263410116893,0.0,0.0,0.0,0.0,12.84687598006639
0.2727987522011983,1.283041710477487,-1.3454052751574666,0.18930753657327157,0.0,0.0,0.0,0.0,12.33182825999709
0.8494936738688459,1.283041710477487,-1.340725320118165,0.5074373415174769,0.0,0.0,0.0,0.0,12.39421473013906
-0.2540899855394243,1.3079845243062476,-1.3360453650788666,0.3483724390453742,0.0,0.0,0.0,0.0,11.835740580500783
0.48028964028374277,1.2980073987747447,-1.3360453650788666,-0.20835471960698504,0.0,0.0,0.0,0.0,12.332269077986075
0.2900111834112731,1.3229502126035053,-1.3360453650788666,-0.6060169757872417,0.0,0.0,0.0,0.0,11.977294499661248
1.89584207569711,1.3279387753692602,-1.3360453650788666,-1.0832116832035494,0.0,0.0,0.0,0.0,12.6647656754269
1.4659498348059679,1.3229502126035053,-1.340725320118165,-1.0036792319674983,0.0,0.0,0.0,0.0,12.524530013005734
1.2475769233444092,1.3329273381350082,-1.340725320118165,-1.6399388418559087,0.0,0.0,0.0,0.0,12.634931962691928
1.2445948303991985,1.3079845243062476,-1.3360453650788666,-0.6855494270232929,0.0,0.0,0.0,0.0,12.59946854621754
1.2780256618376113,1.3079845243062476,-1.340725320118165,-0.28788717084303633,0.0,0.0,0.0,0.0,12.622810641870043
-0.23138422521975088,1.3129730870720024,-1.3360453650788666,-0.9241467807314468,0.0,0.0,0.0,0.0,12.171486376730597
-0.12125605592732626,1.3578701519637757,-1.3126455898823712,-0.9241467807314468,0.0,0.0,0.0,0.0,12.194005125011843
0.17009965656175374,1.342904463666518,-1.322005499960968,0.5074373415174769,0.0,0.0,0.0,0.0,11.872004516724523
0.5225097982975133,1.3528815891980208,-1.3266854550002698,-0.7650818782593443,0.0,0.0,0.0,0.0,12.139938184891703
0.8122436707637596,1.3678472774952786,-1.3126455898823712,-1.7990037443280114,0.0,0.0,0.0,0.0,12.030534032473051
0.4898114107403801,1.3678472774952786,-1.322005499960968,-0.8446143294953956,0.0,0.0,0.0,0.0,12.257245682687113
0.33803857505519047,1.3229502126035053,-1.3313654100395682,-0.3674196220790877,0.0,0.0,0.0,0.0,11.863589378812122
-0.40994357999174436,1.3179616498377504,-1.3313654100395682,-0.446952073315139,0.0,0.0,0.0,0.0,11.853681370708943
0.9460716313575944,1.3279387753692602,-1.3266854550002698,0.2688399878093229,0.0,0.0,0.0,0.0,12.249136924251182
1.5131401477284225,1.3329273381350082,-1.3313654100395682,-0.6060169757872417,0.0,0.0,0.0,0.0,12.593716562001331
-0.4483968837589329,1.3179616498377504,-1.3313654100395682,-0.7650818782593443,0.0,0.0,0.0,0.0,11.86569981146014
-0.9645605503808157,1.3079845243062476,-1.3313654100395682,-0.7650818782593443,0.0,0.0,0.0,0.0,11.72157244693173
-1.3326136007239076,1.3029959615404998,-1.3266854550002698,-1.0036792319674983,0.0,0.0,0.0,0.0,11.701899842594283
-0.6631598932341843,1.3029959615404998,-1.3313654100395682,-0.7650818782593443,0.0,0.0,0.0,0.0,11.726430716744437
-0.6507606646725193,1.3029959615404998,-1.3313654100395682,0.5074373415174769,0.0,0.0,0.0,0.0,11.803361242493628
-1.0675735505408082,1.3029959615404998,-1.3266854550002698,-0.3674196220790877,0.0,0.0,0.0,0.0,11.554077005184336
-0.9872139932803975,1.2980073987747447,-1.3313654100395682,-0.7650818782593443,0.0,0.0,0.0,0.0,11.630717389475995
-0.8131016192161745,1.3029959615404998,-1.3313654100395682,-0.9241467807314468,0.0,0.0,0.0,0.0,11.840796531639839
-0.0912258567948549,1.2980073987747447,-1.3360453650788666,0.6665022439895795,0.0,0.0,0.0,0.0,11.839354580719126
-0.46974239115622946,1.2980073987747447,-1.3360453650788666,0.5074373415174769,0.0,0.0,0.0,0.0,11.823354355742923
-0.6344899470240898,1.2980073987747447,-1.3313654100395682,0.2688399878093229,0.0,0.0,0.0,0.0,11.640447588047344
-0.005006748484206138,1.2930188360089898,-1.3313654100395682,0.2688399878093229,0.0,0.0,0.0,0.0,12.153204427390497
0.04537492706382493,1.2930188360089898,-1.3266854550002698,-0.04928981713488239,0.0,0.0,0.0,0.0,12.010063844310778
0.7399933136175181,1.2880302732432418,-1.3266854550002698,0.42790489028142553,0.0,0.0,0.0,0.0,12.184854116317803
0.3609536050552295,1.283041710477487,-1.3266854550002698,0.3483724390453742,0.0,0.0,0.0,0.0,11.92039522907888
-0.44855383601920723,1.283041710477487,-1.3266854550002698,0.03024263410116893,0.0,0.0,0.0,0.0,11.878269721588795
0.18956173683575964,1.2880302732432418,-1.322005499960968,-0.28788717084303633,0.0,0.0,0.0,0.0,12.211065162153215
1.2568894241206803,1.2880302732432418,-1.322005499960968,-0.8446143294953956,0.0,0.0,0.0,0.0,12.429220196836383
-0.64375013038027,1.2980073987747447,-1.3126455898823712,-0.446952073315139,0.0,0.0,0.0,0.0,11.630717389475995
-0.9072206579606269,1.2980073987747447,-1.322005499960968,-0.7650818782593443,0.0,0.0,0.0,0.0,11.736077016252437
-0.7531458557914148,1.2980073987747447,-1.3266854550002698,-1.0832116832035494,0.0,0.0,0.0,0.0,11.620891583095712
-0.5539211200833135,1.3129730870720024,-1.322005499960968,-0.5264845245511903,0.0,0.0,0.0,0.0,11.814517839013352
-0.7649695927320743,1.3129730870720024,-1.3266854550002698,-0.04928981713488239,0.0,0.0,0.0,0.0,11.83138646878959
-0.9476097062711978,1.3029959615404998,-1.3266854550002698,-0.7650818782593443,0.0,0.0,0.0,0.0,11.72885102917796
-0.26539054827916947,1.3029959615404998,-1.3266854550002698,-0.28788717084303633,0.0,0.0,0.0,0.0,11.808583147519697
0.5940800289825666,1.3229502126035053,-1.3173255449216696,0.42790489028142553,0.0,0.0,0.0,0.0,12.015523333397592
-0.26648921410108933,1.3229502126035053,-1.322005499960968,-0.446952073315139,0.0,0.0,0.0,0.0,11.97603664577121
0.20002522085404253,1.3179616498377504,-1.3173255449216696,-0.20835471960698504,0.0,0.0,0.0,0.0,12.049424683420915
0.8408089821336711,1.3279387753692602,-1.322005499960968,-0.5264845245511903,0.0,0.0,0.0,0.0,12.354496960983985
-1.1549959595135597,1.3229502126035053,-1.322005499960968,-0.9241467807314468,0.0,0.0,0.0,0.0,11.630717389475995
-0.9457785965679985,1.3179616498377504,-1.3266854550002698,-0.7650818782593443,0.0,0.0,0.0,0.0,11.775297421715827
-0.6452673355629208,1.3179616498377504,-1.322005499960968,-0.8446143294953956,0.0,0.0,0.0,0.0,11.73927188163082
-0.5023361438731799,1.3079845243062476,-1.3173255449216696,-0.7650818782593443,0.0,0.0,0.0,0.0,11.818209214992565
-0.6703796972067992,1.3079845243062476,-1.3173255449216696,-1.3218090369117035,0.0,0.0,0.0,0.0,11.592669666556795
-0.4005787617953814,1.3079845243062476,-1.322005499960968,0.18930753657327157,0.0,0.0,0.0,0.0,11.902945238977257
-0.5056844587590305,1.3029959615404998,-1.322005499960968,-1.6399388418559087,0.0,0.0,0.0,0.0,11.934926432385152
-0.3323045285760871,1.3129730870720024,-1.3173255449216696,0.5074373415174769,0.0,0.0,0.0,0.0,11.977922833779727
-0.9104643380062943,1.3129730870720024,-1.322005499960968,-1.6399388418559087,0.0,0.0,0.0,0.0,11.874097282798648
-0.6975324382342426,1.3079845243062476,-1.322005499960968,-1.0832116832035494,0.0,0.0,0.0,0.0,11.51293546492023
-0.03864684960298473,1.3079845243062476,-1.3173255449216696,-0.8446143294953956,0.0,0.0,0.0,0.0,11.88380602959621
-0.35490565405557745,1.2880302732432418,-1.3126455898823712,-0.6855494270232929,0.0,0.0,0.0,0.0,11.948602883419843
0.11343989060275333,1.2880302732432418,-1.303285679803771,0.2688399878093229,0.0,0.0,0.0,0.0,11.807093955056784
0.11087633701827401,1.2930188360089898,-1.303285679803771,-1.3218090369117035,0.0,0.0,0.0,0.0,11.80932691294063
-0.2979843009961199,1.278053147711732,-1.3126455898823712,-0.9241467807314468,0.0,0.0,0.0,0.0,11.710964518881163
-0.40492110766296857,1.278053147711732,-1.3079656348430695,-0.446952073315139,0.0,0.0,0.0,0.0,11.872702592158976
0.6564423937315312,1.273064584945984,-1.3079656348430695,-0.9241467807314468,0.0,0.0,0.0,0.0,11.906999271191623
0.1545090653745127,1.3029959615404998,-1.303285679803771,-1.4013414881477548,0.0,0.0,0.0,0.0,12.02035131605286
0.29215619763502115,1.3029959615404998,-1.298605724764473,-1.1627441344396008,0.0,0.0,0.0,0.0,11.984808576881369
0.4982345153750975,1.3029959615404998,-1.2939257697251745,-0.9241467807314468,0.0,0.0,0.0,0.0,11.973516181427835
0.2714908166989128,1.2930188360089898,-1.2892458146858727,-1.3218090369117035,0.0,0.0,0.0,0.0,11.929666757272708
0.4684659033430835,1.2930188360089898,-1.298605724764473,-0.7650818782593443,0.0,0.0,0.0,0.0,11.939506063682469
0.10098834462099719,1.2930188360089898,-1.298605724764473,-1.0036792319674983,0.0,0.0,0.0,0.0,11.894104711087113
0.32129700062593824,1.283041710477487,-1.2939257697251745,-0.8446143294953956,0.0,0.0,0.0,0.0,11.921060339411943
0.844418884119979,1.278053147711732,-1.303285679803771,-0.446952073315139,0.0,0.0,0.0,0.0,11.927687224983487
0.735441698069565,1.283041710477487,-1.303285679803771,-0.3674196220790877,0.0,0.0,0.0,0.0,11.855102824953585
-0.2972518571148402,1.3079845243062476,-1.3126455898823712,-1.1627441344396008,0.0,0.0,0.0,0.0,12.035883196198768
-0.23420936590468736,1.3079845243062476,-1.3079656348430695,0.18930753657327157,0.0,0.0,0.0,0.0,11.770671388994348
-0.6997297698780819,1.3179616498377504,-1.303285679803771,-1.0832116832035494,0.0,0.0,0.0,0.0,11.686887175419702
-0.3986953346720905,1.3179616498377504,-1.303285679803771,-1.8785361955640627,0.0,0.0,0.0,0.0,11.918397239722838
0.46119378195037686,1.3129730870720024,-1.303285679803771,0.18930753657327157,0.0,0.0,0.0,0.0,11.989165855127435
0.3408637157401267,1.3129730870720024,-1.3079656348430695,0.2688399878093229,0.0,0.0,0.0,0.0,12.021554678392043
-0.04874411168062741,1.3129730870720024,-1.3126455898823712,0.7460346952256308,0.0,0.0,0.0,0.0,11.903622053373214
0.6262552423387856,1.342904463666518,-1.298605724764473,-1.5604063906198575,0.0,0.0,0.0,0.0,12.188931573152257
0.6153209015396801,1.3528815891980208,-1.2939257697251745,-0.9241467807314468,0.0,0.0,0.0,0.0,12.561650487872974
-0.3268111994664888,1.3628587147295237,-1.298605724764473,-1.0036792319674983,0.0,0.0,0.0,0.0,12.216522851424992
-0.5156770859964903,1.337915900900763,-1.303285679803771,-1.0036792319674983,0.0,0.0,0.0,0.0,11.972253562968545
0.2644802824066635,1.3279387753692602,-1.2939257697251745,-1.1627441344396008,0.0,0.0,0.0,0.0,11.898874704662955
-0.09755626462591602,1.3279387753692602,-1.298605724764473,-1.0832116832035494,0.0,0.0,0.0,0.0,11.782960235741939
-0.7884077969330274,1.3229502126035053,-1.298605724764473,-1.4013414881477548,0.0,0.0,0.0,0.0,11.751950239425476
0.03543461724645635,1.3179616498377504,-1.3126455898823712,-0.7650818782593443,0.0,0.0,0.0,0.0,12.058158312538197
-0.8140433327778198,1.3179616498377504,-1.3126455898823712,-0.6060169757872417,0.0,0.0,0.0,0.0,12.004574385508691
-0.517298926019324,1.3229502126035053,-1.3173255449216696,-0.9241467807314468,0.0,0.0,0.0,0.0,11.955692780409043
0.09743076005478102,1.3229502126035053,-1.303285679803771,-0.446952073315139,0.0,0.0,0.0,0.0,11.884495917930655
0.4138988341877394,1.3229502126035053,-1.3079656348430695,-1.0036792319674983,0.0,0.0,0.0,0.0,12.08954444723597
0.11966566359363186,1.3279387753692602,-1.3126455898823712,-1.0036792319674983,0.0,0.0,0.0,0.0,12.069112524385531
0.0672436086620358,1.3229502126035053,-1.3173255449216696,-1.0036792319674983,0.0,0.0,0.0,0.0,12.12595201815431
0.33134194528348937,1.3279387753692602,-1.303285679803771,-0.6060169757872417,0.0,0.0,0.0,0.0,11.979805470779858
0.6499027162201045,1.337915900900763,-1.303285679803771,-1.0832116832035494,0.0,0.0,0.0,0.0,12.129736808912964
-0.6117841867044164,1.3329273381350082,-1.3079656348430695,-0.8446143294953956,0.0,0.0,0.0,0.0,11.943414837983129
0.598422374850154,1.337915900900763,-1.3173255449216696,-0.8446143294953956,0.0,0.0,0.0,0.0,11.947308393235778
-0.03608329601850541,1.3279387753692602,-1.3173255449216696,-1.1627441344396008,0.0,0.0,0.0,0.0,12.04414765726144
0.7452773730467507,1.3029959615404998,-1.279885904607276,-1.0036792319674983,0.0,0.0,0.0,0.0,12.136191879981927
0.7208974552841522,1.3129730870720024,-1.2845658596465743,-0.3674196220790877,0.0,0.0,0.0,0.0,12.336227719801212
0.724664309530734,1.3129730870720024,-1.2939257697251745,-0.3674196220790877,0.0,0.0,0.0,0.0,12.085039960478051
-0.1431247375255369,1.3179616498377504,-1.2939257697251745,-0.9241467807314468,0.0,0.0,0.0,0.0,12.263874463452428
0.10690021309132658,1.3329273381350082,-1.279885904607276,-0.7650818782593443,0.0,0.0,0.0,0.0,12.15056522099821
-0.37436773432958337,1.3628587147295237,-1.2705259945286758,-0.6855494270232929,0.0,0.0,0.0,0.0,11.68940499028055
0.3917162480689803,1.2580988966487263,-1.2284063991749836,-0.7650818782593443,0.0,0.0,0.0,0.0,12.260091970916617
3.5274131386679226,1.2580988966487263,-1.2284063991749836,-0.9241467807314468,0.0,0.0,0.0,0.0,12.969913583583338
2.4044197164057373,1.2630874594144743,-1.2284063991749836,-0.04928981713488239,0.0,0.0,0.0,0.0,12.743445745927973
2.0302455279119505,1.2680760221802292,-1.233086354214282,-1.7990037443280114,0.0,0.0,0.0,0.0,12.867215611263006
1.4256131039154882,1.2630874594144743,-1.2377663092535804,-1.7990037443280114,0.0,0.0,0.0,0.0,12.66001358269538
1.1229045112665712,1.2630874594144743,-1.2424462642928822,-1.0036792319674983,0.0,0.0,0.0,0.0,12.169932382913561
1.2514484124311736,1.2531103338829714,-1.2377663092535804,-1.0036792319674983,0.0,0.0,0.0,0.0,12.104599010599317
0.8956376383894721,1.2580988966487263,-1.2471262193321806,-0.9241467807314468,0.0,0.0,0.0,0.0,12.177163782032679
0.4987053721559205,1.2580988966487263,-1.251806174371479,-0.8446143294953956,0.0,0.0,0.0,0.0,12.01854355302823
0.3653482683429082,1.2630874594144743,-1.2471262193321806,-1.2422765856756521,0.0,0.0,0.0,0.0,12.076538965678628
0.35901786051184703,1.2680760221802292,-1.2471262193321806,-1.0036792319674983,0.0,0.0,0.0,0.0,12.351042741030522
0.12803645080825798,1.2680760221802292,-1.251806174371479,-1.0036792319674983,0.0,0.0,0.0,0.0,12.112316757188815
0.5279508099870202,1.2880302732432418,-1.251806174371479,-0.9241467807314468,0.0,0.0,0.0,0.0,12.107913912447533
-0.051203030424923905,1.273064584945984,-1.2564861294107774,-0.28788717084303633,0.0,0.0,0.0,0.0,11.983560145061489
0.32799363039763885,1.2680760221802292,-1.2564861294107774,-0.7650818782593443,0.0,0.0,0.0,0.0,12.03706802344148
0.040195502474775005,1.2580988966487263,-1.2564861294107774,-0.9241467807314468,0.0,0.0,0.0,0.0,12.092909546513004
-0.33450186021992645,1.2580988966487263,-1.2564861294107774,-0.9241467807314468,0.0,0.0,0.0,0.0,12.030534032473051
-1.0247255834859408,1.2531103338829714,-1.2237264441356819,-0.3674196220790877,0.0,0.0,0.0,0.0,11.704380187145405
-0.18680978330186687,1.2531103338829714,-1.2284063991749836,-0.3674196220790877,0.0,0.0,0.0,0.0,11.977294499661248
-0.3963410507679768,1.2481217711172237,-1.2284063991749836,-0.28788717084303633,0.0,0.0,0.0,0.0,12.04002396437039
-0.6652002726177493,1.2481217711172237,-1.2237264441356819,-0.9241467807314468,0.0,0.0,0.0,0.0,11.906324739459684
0.9741137685265921,1.2531103338829714,-1.2143665340570853,-0.9241467807314468,0.0,0.0,0.0,0.0,12.535379989788607
1.6820207797835045,1.2531103338829714,-1.2190464890963837,-0.446952073315139,0.0,0.0,0.0,0.0,12.48899716877066
0.6349922514940517,1.2481217711172237,-1.2190464890963837,-1.1627441344396008,0.0,0.0,0.0,0.0,12.500609917318906
1.5347995596462674,1.2481217711172237,-1.2190464890963837,-1.0832116832035494,0.0,0.0,0.0,0.0,12.701381504556094
0.2438672188906464,1.2431332083514686,-1.2190464890963837,-1.4808739393838062,0.0,0.0,0.0,0.0,11.986678307125475
-0.12167459528805752,1.2481217711172237,-1.2143665340570853,-1.958068646800114,0.0,0.0,0.0,0.0,12.255343646460032
1.045527046951371,1.2431332083514686,-1.2190464890963837,-0.9241467807314468,0.0,0.0,0.0,0.0,12.342790829935483
0.7487303227727842,1.2431332083514686,-1.2190464890963837,-0.8446143294953956,0.0,0.0,0.0,0.0,11.829202282877098
1.3313894303308529,1.2381446455857137,-1.2190464890963837,-0.9241467807314468,0.0,0.0,0.0,0.0,12.30456412327217
1.388363100810402,1.2431332083514686,-1.2143665340570853,-1.4808739393838062,0.0,0.0,0.0,0.0,12.484086884722583
-0.7483326531430049,1.233156082819966,-1.2471262193321806,-0.9241467807314468,0.0,0.0,0.0,0.0,11.359785940419789
0.13164635279456544,1.233156082819966,-1.251806174371479,-1.71947129309196,0.0,0.0,0.0,0.0,12.029341433599432
0.9246214891201153,1.2580988966487263,-1.2096865790177869,-1.7990037443280114,0.0,0.0,0.0,0.0,12.53753592969685
1.5175348110161013,1.2580988966487263,-1.2143665340570853,-1.3218090369117035,0.0,0.0,0.0,0.0,12.899222326086994
0.3263194729547138,1.2580988966487263,-1.2190464890963837,-1.1627441344396008,0.0,0.0,0.0,0.0,12.311337656627584
0.2515578796440843,1.2580988966487263,-1.2190464890963837,-1.0036792319674983,0.0,0.0,0.0,0.0,11.88173350431221
1.056984561951391,1.2531103338829714,-1.2237264441356819,-0.9241467807314468,0.0,0.0,0.0,0.0,12.474193386571581
1.2950811407874123,1.2580988966487263,-1.2237264441356819,-0.8446143294953956,0.0,0.0,0.0,0.0,12.468825296104477
2.036262031222463,1.278053147711732,-1.2143665340570853,-1.2422765856756521,0.0,0.0,0.0,0.0,12.800230637022887
1.307846591289717,1.2630874594144743,-1.2190464890963837,-1.0036792319674983,0.0,0.0,0.0,0.0,12.598793556907369
2.38155700382579,1.278053147711732,-1.2377663092535804,-1.6399388418559087,0.0,0.0,0.0,0.0,12.843445454022332
2.0275250220671968,1.2880302732432418,-1.2284063991749836,-1.4013414881477548,0.0,0.0,0.0,0.0,13.122367377396328
1.4096039733675156,1.2381446455857137,-1.2752059495679775,-1.5604063906198575,0.0,0.0,0.0,0.0,12.451764072104638
1.6628202866099555,1.2381446455857137,-1.2752059495679775,-1.0036792319674983,0.0,0.0,0.0,0.0,12.550374861980682
1.2531225698740986,1.2381446455857137,-1.279885904607276,-1.0036792319674983,0.0,0.0,0.0,0.0,12.44941482415358
0.6658595293479855,1.233156082819966,-1.279885904607276,-1.0036792319674983,0.0,0.0,0.0,0.0,12.124325569579169
0.3140771966533233,1.2281675200542108,-1.279885904607276,-1.0036792319674983,0.0,0.0,0.0,0.0,11.992266613576142
1.9477409564277919,1.2281675200542108,-1.2752059495679775,-1.0832116832035494,0.0,0.0,0.0,0.0,12.646264409266557
1.4172946341209536,1.2431332083514686,-1.2752059495679775,-1.0036792319674983,0.0,0.0,0.0,0.0,12.422799654798252
1.155916803344253,1.2431332083514686,-1.2658460394893774,-1.8785361955640627,0.0,0.0,0.0,0.0,12.638831857462883
0.6924367787544233,1.2481217711172237,-1.2284063991749836,-1.8785361955640627,0.0,0.0,0.0,0.0,12.591678524740319
0.1955259227261808,1.2481217711172237,-1.233086354214282,-1.958068646800114,0.0,0.0,0.0,0.0,12.548246454396082
0.5643637343706439,1.2481217711172237,-1.233086354214282,-1.958068646800114,0.0,0.0,0.0,0.0,12.394628892852941
1.213047426084076,1.2431332083514686,-1.2284063991749836,-1.8785361955640627,0.0,0.0,0.0,0.0,12.382967001677175
0.6877805283662877,1.2381446455857137,-1.2377663092535804,-1.0036792319674983,0.0,0.0,0.0,0.0,12.21305322449757
0.3801017808086867,1.2381446455857137,-1.2377663092535804,-0.8446143294953956,0.0,0.0,0.0,0.0,12.286735161083115
-0.8151419985997396,1.2381446455857137,-1.2424462642928822,-0.446952073315139,0.0,0.0,0.0,0.0,12.501726607862306
0.7167643790969305,1.223178957288456,-1.251806174371479,-1.0036792319674983,0.0,0.0,0.0,0.0,11.959538914341756
1.15617839044471,1.2281675200542108,-1.2471262193321806,-1.5604063906198575,0.0,0.0,0.0,0.0,12.48219187523
1.0636811917230915,1.233156082819966,-1.233086354214282,-1.8785361955640627,0.0,0.0,0.0,0.0,12.472662584630097
0.5609631020647021,1.2281675200542108,-1.2564861294107774,-1.4013414881477548,0.0,0.0,0.0,0.0,12.35363452394233
1.2963890762896972,1.223178957288456,-1.2564861294107774,-1.6399388418559087,0.0,0.0,0.0,0.0,12.292713537231938
1.1202363228419092,1.223178957288456,-1.251806174371479,-1.0832116832035494,0.0,0.0,0.0,0.0,12.381289859469133
0.2503545789819818,1.2531103338829714,-1.2471262193321806,-0.9241467807314468,0.0,0.0,0.0,0.0,12.166817131771358
1.340754248527216,1.158327641333677,-1.2050066239784851,-1.7990037443280114,0.0,0.0,0.0,1.0,12.598793556907369
0.23664741491803146,1.158327641333677,-1.2096865790177869,-1.0036792319674983,0.0,0.0,0.0,1.0,12.270928303874424
1.242554451015633,1.153339078567922,-1.2096865790177869,-1.1627441344396008,0.0,0.0,0.0,1.0,12.392141339694389
1.9916875893045791,1.153339078567922,-1.2050066239784851,-1.4013414881477548,0.0,0.0,0.0,1.0,12.675454206331448
1.321763025034033,1.163316204099432,-1.2096865790177869,-1.4013414881477548,0.0,0.0,0.0,1.0,12.74898106804298
1.073883088640917,1.1832704551624376,-1.2003266689391867,-1.8785361955640627,0.0,0.0,0.0,1.0,12.927080585530902
1.0410277488235098,1.2032247062254502,-1.2050066239784851,-1.0036792319674983,0.0,0.0,0.0,1.0,12.910409487665515
3.77461294859985,1.1782818923966898,-1.2190464890963837,-0.6855494270232929,0.0,0.0,0.0,1.0,13.122367377396328
5.119798453990266,1.1932475806939404,-1.2237264441356819,-1.0832116832035494,0.0,0.0,0.0,1.0,13.122367377396328
3.285392753325045,1.1782818923966898,-1.2237264441356819,-0.20835471960698504,0.0,0.0,0.0,1.0,13.122367377396328
3.7854426545587723,1.1683047668651798,-1.2284063991749836,-0.8446143294953956,0.0,0.0,0.0,1.0,13.122367377396328
1.3544090951710746,1.153339078567922,-1.2471262193321806,-0.28788717084303633,0.0,0.0,0.0,1.0,13.122367377396328
3.2962747767040583,1.153339078567922,-1.251806174371479,0.5869697927535281,0.0,0.0,0.0,1.0,13.122367377396328
0.9322598324534616,1.153339078567922,-1.2564861294107774,0.42790489028142553,0.0,0.0,0.0,1.0,13.122367377396328
0.29362108539758053,1.153339078567922,-1.2564861294107774,-0.5264845245511903,0.0,0.0,0.0,1.0,13.122367377396328
2.0170615380489143,1.158327641333677,-1.2284063991749836,-1.0036792319674983,0.0,0.0,0.0,1.0,12.889172015485954
1.946851560286238,1.163316204099432,-1.233086354214282,-1.0036792319674983,0.0,0.0,0.0,1.0,12.818825598307294
5.819700899973191,1.1683047668651798,-1.2377663092535804,-0.9241467807314468,0.0,0.0,0.0,1.0,13.122367377396328
1.8811931980715146,1.158327641333677,-1.2377663092535804,-1.4808739393838062,0.0,0.0,0.0,1.0,12.994304980578146
1.0270066802390108,1.158327641333677,-1.233086354214282,-1.1627441344396008,0.0,0.0,0.0,1.0,13.092524595972268
0.6675860042110023,1.1483505158021743,-1.233086354214282,0.5869697927535281,0.0,0.0,0.0,1.0,12.868247600436153
1.5527967521577135,1.1283962647391614,-1.233086354214282,0.10977508533722025,0.0,0.0,0.0,1.0,13.107251770049071
-0.5971876264989122,1.153339078567922,-1.2377663092535804,-1.0036792319674983,0.0,0.0,0.0,1.0,12.351475171599722
0.8977303351931288,1.1483505158021743,-1.2377663092535804,-0.6060169757872417,0.0,0.0,0.0,1.0,12.853440250547505
0.13012914761191427,1.153339078567922,-1.2424462642928822,-1.3218090369117035,0.0,0.0,0.0,1.0,12.332269077986075
0.7313609393024351,1.1483505158021743,-1.2424462642928822,-0.9241467807314468,0.0,0.0,0.0,1.0,12.348877778786173
0.13012914761191427,1.1234077019734137,-1.2284063991749836,0.03024263410116893,0.0,0.0,0.0,1.0,12.88512343720436
0.18799221423301718,1.1433619530364192,-1.2237264441356819,-0.6060169757872417,0.0,0.0,0.0,1.0,12.759098194034383
0.44031913133390327,1.1483505158021743,-1.2237264441356819,-1.2422765856756521,0.0,0.0,0.0,1.0,12.839207048308943
1.2954996801481435,1.153339078567922,-1.2143665340570853,-0.8446143294953956,0.0,0.0,0.0,1.0,12.536458540752227
1.4416745518835519,1.153339078567922,-1.2143665340570853,-1.0036792319674983,0.0,0.0,0.0,1.0,12.504698367212223
-0.3475288978226882,1.163316204099432,-1.2143665340570853,-1.2422765856756521,0.0,0.0,0.0,1.0,11.902267966193309
1.5989930340984313,1.158327641333677,-1.2190464890963837,-1.7990037443280114,0.0,0.0,0.0,1.0,12.690352014772609
0.055629141401741945,1.1483505158021743,-1.2190464890963837,-0.28788717084303633,0.0,0.0,0.0,1.0,12.282111965715732
-0.180479375470806,1.1483505158021743,-1.2190464890963837,-1.0036792319674983,0.0,0.0,0.0,1.0,11.909692857375196
1.3052830377052378,1.153339078567922,-1.2237264441356819,-1.5604063906198575,0.0,0.0,0.0,1.0,12.820720302095918
0.5198939272929427,1.1483505158021743,-1.2190464890963837,-0.7650818782593443,0.0,0.0,0.0,1.0,12.305469916333227
1.0053995857412572,1.1483505158021743,-1.2237264441356819,-0.6060169757872417,0.0,0.0,0.0,1.0,12.564100174313463
-0.37122868912409845,1.1383733902706643,-1.2096865790177869,-0.04928981713488239,0.0,0.0,0.0,1.0,12.611541086966115
-0.1874899097630553,1.1433619530364192,-1.2143665340570853,-1.3218090369117035,0.0,0.0,0.0,1.0,12.43996225063003
-0.17069601791371175,1.1483505158021743,-1.2143665340570853,-0.12882226837093372,0.0,0.0,0.0,1.0,12.276535769000125
0.4483760140279807,1.1383733902706643,-1.2143665340570853,0.10977508533722025,0.0,0.0,0.0,1.0,12.56689248749841
-0.5311107249234572,1.1184191392076586,-1.2190464890963837,0.18930753657327157,0.0,0.0,0.0,1.0,12.658106404454157
1.3332728574541437,1.1333848275049165,-1.2003266689391867,-1.1627441344396008,0.0,0.0,0.0,1.0,12.595072949607092
0.9953023236636144,1.1383733902706643,-1.1956467138998883,-0.8446143294953956,0.0,0.0,0.0,1.0,12.756218016006999
1.159317435650195,1.1483505158021743,-1.1956467138998883,-1.71947129309196,0.0,0.0,0.0,1.0,12.743737843806207
1.1900277612438546,1.1383733902706643,-1.2050066239784851,-0.6855494270232929,0.0,0.0,0.0,1.0,12.732872991266813
-0.35537651083640026,1.1483505158021743,-1.2050066239784851,-1.71947129309196,0.0,0.0,0.0,1.0,12.813392293534607
-0.5064169026403101,1.1483505158021743,-1.2096865790177869,-1.0832116832035494,0.0,0.0,0.0,1.0,11.715057818961629
0.06473237249764777,1.1333848275049165,-1.1956467138998883,-0.3674196220790877,0.0,0.0,0.0,1.0,12.746071560344612
0.23120640322852462,1.1134305764419037,-1.2050066239784851,-0.9241467807314468,0.0,0.0,0.0,1.0,12.785773933914658
-0.3023266468637073,1.1283962647391614,-1.2003266689391867,-0.6060169757872417,0.0,0.0,0.0,1.0,12.819638053836195
-0.16624903720594153,1.1333848275049165,-1.2003266689391867,-1.0036792319674983,0.0,0.0,0.0,1.0,12.559545969749749
-0.3569460334391427,1.1333848275049165,-1.2050066239784851,-0.3674196220790877,0.0,0.0,0.0,1.0,12.529246130159391
0.07885807592232941,1.1333848275049165,-1.2050066239784851,0.18930753657327157,0.0,0.0,0.0,1.0,12.577639650232573
-0.3376932228455027,1.1333848275049165,-1.2096865790177869,0.42790489028142553,0.0,0.0,0.0,1.0,12.710782606695746
0.36262776249815454,1.1134305764419037,-1.1582070735854946,0.18930753657327157,0.0,0.0,0.0,1.0,12.403697343010705
0.09533806325112473,1.1184191392076586,-1.1582070735854946,0.03024263410116893,0.0,0.0,0.0,1.0,12.411056299528171
0.8444712015400703,1.1234077019734137,-1.162887028624793,-1.0832116832035494,0.0,0.0,0.0,1.0,12.476485204641877
-0.5778824984851806,1.1234077019734137,-1.1769268937426915,-0.28788717084303633,0.0,0.0,0.0,1.0,12.777055016970678
-0.17901448770824635,1.1283962647391614,-1.1862868038212881,-1.0832116832035494,0.0,0.0,0.0,1.0,13.122367377396328
0.02314002352497432,1.1383733902706643,-1.1722469387033898,-1.958068646800114,0.0,0.0,0.0,1.0,12.117246896289503
0.1318033050548393,1.1283962647391614,-1.18160684878199,-1.71947129309196,0.0,0.0,0.0,1.0,12.144734331596096
0.48123135384538834,1.1383733902706643,-1.1769268937426915,-1.958068646800114,0.0,0.0,0.0,1.0,12.036475785297062
0.6840136741197059,1.1383733902706643,-1.1862868038212881,-1.7990037443280114,0.0,0.0,0.0,1.0,12.467671232325932
-0.7315387612936611,1.108442013676156,-1.1535271185461928,-1.0036792319674983,0.0,0.0,0.0,1.0,12.131354487250757
-0.8508224791020833,1.1134305764419037,-1.1582070735854946,-0.3674196220790877,0.0,0.0,0.0,1.0,12.141539457711714
-0.44243269786851175,1.1134305764419037,-1.162887028624793,-0.7650818782593443,0.0,0.0,0.0,1.0,12.092349482427034
0.05165301747479451,1.108442013676156,-1.1582070735854946,-0.5264845245511903,0.0,0.0,0.0,1.0,13.122367377396328
-0.04560506647514273,1.108442013676156,-1.1582070735854946,-1.4808739393838062,0.0,0.0,0.0,1.0,12.237091546357338
-0.27344743097324714,1.1134305764419037,-1.162887028624793,-0.9241467807314468,0.0,0.0,0.0,1.0,12.554265215639417
-0.693399362047021,1.1034534509104008,-1.1488471635068944,-0.20835471960698504,0.0,0.0,0.0,1.0,12.110667961260443
-0.5163572124576787,1.1034534509104008,-1.1488471635068944,0.8255671464616822,0.0,0.0,0.0,1.0,12.130276325842603
-0.13145795284515174,1.108442013676156,-1.1535271185461928,0.5869697927535281,0.0,0.0,0.0,1.0,12.19602736016897
-0.8151419985997396,1.1034534509104008,-1.1535271185461928,-0.3674196220790877,0.0,0.0,0.0,1.0,13.122367377396328
-0.6164927545126435,1.098464888144646,-1.1488471635068944,-0.7650818782593443,0.0,0.0,0.0,1.0,12.493883459694384
-1.0750549416138804,1.098464888144646,-1.144167208467596,-0.446952073315139,0.0,0.0,0.0,1.0,12.065666245536807
-0.5202287015444433,1.098464888144646,-1.144167208467596,0.3483724390453742,0.0,0.0,0.0,1.0,12.248178615401173
-1.0045310593306553,1.098464888144646,-1.144167208467596,-0.8446143294953956,0.0,0.0,0.0,1.0,12.167856627501678
0.16282753516904752,1.098464888144646,-1.144167208467596,0.7460346952256308,0.0,0.0,0.0,1.0,12.128116509451258
-0.7418452930516697,1.0934763253788982,-1.144167208467596,0.5074373415174769,0.0,0.0,0.0,1.0,12.19552218463499
-0.34909842042543066,1.0934763253788982,-1.1675669836640914,-1.1627441344396008,0.0,0.0,0.0,1.0,12.654919668764107
-0.9873186281205804,1.0934763253788982,-1.144167208467596,-0.20835471960698504,0.0,0.0,0.0,1.0,13.122365377402328
-1.013738925266744,1.0934763253788982,-1.1394872534282945,-0.9241467807314468,0.0,0.0,0.0,1.0,11.574029971623514
-1.1742487701072,1.098464888144646,-1.1394872534282945,-0.7650818782593443,0.0,0.0,0.0,1.0,12.141539457711714
-1.3005953396279626,1.0934763253788982,-1.1394872534282945,-0.20835471960698504,0.0,0.0,0.0,1.0,12.124868013083418
-1.333764583965919,1.1034534509104008,-1.1394872534282945,-0.7650818782593443,0.0,0.0,0.0,1.0,12.02035131605286
-0.4825601590786258,1.1034534509104008,-1.1394872534282945,-0.7650818782593443,0.0,0.0,0.0,1.0,12.042971193457888
-0.30583191400983195,1.1034534509104008,-1.1394872534282945,-0.20835471960698504,0.0,0.0,0.0,1.0,11.92371636583374
-0.6805815941246247,1.108442013676156,-1.1394872534282945,-0.446952073315139,0.0,0.0,0.0,1.0,12.04179334395687
0.1955259227261808,1.108442013676156,-1.134807298388996,-0.3674196220790877,0.0,0.0,0.0,1.0,11.92039522907888
0.07043497128761199,1.1134305764419037,-1.134807298388996,-0.446952073315139,0.0,0.0,0.0,1.0,11.889311855577725
0.058192694986221025,1.108442013676156,-1.1394872534282945,0.2688399878093229,0.0,0.0,0.0,1.0,11.869907361794104
-0.5951995645354384,1.1134305764419037,-1.134807298388996,-1.3218090369117035,0.0,0.0,0.0,1.0,12.283501169971546
0.6785726624301991,1.108442013676156,-1.144167208467596,-0.04928981713488239,0.0,0.0,0.0,1.0,12.19653228062948
0.7323026528640801,1.1134305764419037,-1.144167208467596,-0.446952073315139,0.0,0.0,0.0,1.0,12.32163544049751
-0.47329997572244564,1.1184191392076586,-1.144167208467596,-1.0832116832035494,0.0,0.0,0.0,1.0,12.06451484156046
-0.36034666574508456,1.1383733902706643,-1.1207674332710975,-1.8785361955640627,0.0,0.0,0.0,0.0,11.943414837983129
-0.5813877656313052,1.1333848275049165,-1.1254473883103993,-1.2422765856756521,0.0,0.0,0.0,0.0,11.49782197939291
0.08926924252052053,1.1283962647391614,-1.1207674332710975,-1.7990037443280114,0.0,0.0,0.0,0.0,11.997823864326225
-0.7527273164306836,1.1234077019734137,-1.1301273433496977,-1.0832116832035494,0.0,0.0,0.0,1.0,11.598194491615347
-0.5711335512933883,1.1184191392076586,-1.1301273433496977,-0.6060169757872417,0.0,0.0,0.0,1.0,11.420821140914589
-0.5935777245126047,1.1234077019734137,-1.1301273433496977,-1.0036792319674983,0.0,0.0,0.0,1.0,11.426288563310505
-0.8308372246271636,1.1184191392076586,-1.134807298388996,-0.9241467807314468,0.0,0.0,0.0,1.0,11.359785940419789
-0.06250359316466908,1.1333848275049165,-1.1301273433496977,-1.958068646800114,0.0,0.0,0.0,1.0,12.123239799036943
0.2615505068815442,1.1283962647391614,-1.144167208467596,-1.4013414881477548,0.0,0.0,0.0,1.0,12.280720828886404
-0.732899014216038,1.1383733902706643,-1.1394872534282945,-1.0036792319674983,0.0,0.0,0.0,1.0,11.965916446305247
-0.9739253685771787,1.1283962647391614,-1.1488471635068944,-1.0036792319674983,0.0,0.0,0.0,1.0,11.381688580803818
-0.42161036467212953,1.1383733902706643,-1.144167208467596,-0.8446143294953956,0.0,0.0,0.0,1.0,11.929007348474721
0.24407648857101247,1.1433619530364192,-1.1394872534282945,-0.6855494270232929,0.0,0.0,0.0,1.0,11.932300052847731
-0.10477606859853093,1.098464888144646,-1.1301273433496977,0.5074373415174769,0.0,0.0,0.0,1.0,11.74086549476798
-0.6284734437135773,1.108442013676156,-1.134807298388996,-0.8446143294953956,0.0,0.0,0.0,1.0,11.670792089258995
-0.6445872091017324,1.0934763253788982,-1.134807298388996,0.18930753657327157,0.0,0.0,0.0,1.0,11.545402335602985
-0.9673856910657519,1.098464888144646,-1.1394872534282945,0.03024263410116893,0.0,0.0,0.0,1.0,11.50892748368293
-0.03174095015091825,1.1433619530364192,-1.1020476131139008,-1.2422765856756521,0.0,0.0,0.0,0.0,11.923053020292636
1.2708581752850876,1.158327641333677,-1.092687703035304,-1.1627441344396008,0.0,0.0,0.0,0.0,12.791080452981857
0.24412880599110376,1.153339078567922,-1.1114075231925007,-1.5604063906198575,0.0,0.0,0.0,0.0,12.066241450757124
0.15435211311423835,1.1333848275049165,-1.1114075231925007,-0.446952073315139,0.0,0.0,0.0,0.0,11.80410890048989
-0.043407734831303384,1.1333848275049165,-1.116087478231799,-0.5264845245511903,0.0,0.0,0.0,0.0,11.782960235741939
-0.3930450533022178,1.1283962647391614,-1.116087478231799,-1.1627441344396008,0.0,0.0,0.0,0.0,11.535674727063007
-0.5338835481883022,1.1283962647391614,-1.116087478231799,-1.2422765856756521,0.0,0.0,0.0,0.0,11.48350695288756
0.5094304432746598,1.1234077019734137,-1.116087478231799,-1.71947129309196,0.0,0.0,0.0,0.0,12.138334343884129
-0.12878976442048962,1.1234077019734137,-1.116087478231799,-1.71947129309196,0.0,0.0,0.0,0.0,12.048839720461636
-0.4028807282794036,1.1134305764419037,-1.1254473883103993,-1.4013414881477548,0.0,0.0,0.0,1.0,11.856522261533737
-0.674408138553838,1.1184191392076586,-1.1254473883103993,-1.0832116832035494,0.0,0.0,0.0,1.0,11.955050317440996
-0.2857943421148207,1.1184191392076586,-1.1254473883103993,-1.0832116832035494,0.0,0.0,0.0,1.0,11.759011806144656
-0.68188952962691,1.0735220743158853,-1.0692879278388052,-1.1627441344396008,0.0,0.0,0.0,0.0,11.808583147519697
0.36628998190455325,1.163316204099432,-1.0739678828781036,-0.9241467807314468,0.0,0.0,0.0,0.0,12.45800188477608
0.3812527640506979,1.1732933296309347,-1.0646079727995068,-1.0036792319674983,0.0,0.0,0.0,0.0,12.481053143426296
1.2405663890521594,1.1732933296309347,-1.0880077479960022,-1.3218090369117035,0.0,0.0,0.0,0.0,12.710782606695746
0.8266309612888981,1.1782818923966898,-1.0739678828781036,-1.4808739393838062,0.0,0.0,0.0,0.0,12.693735061569713
1.163869051198148,1.1882590179281924,-1.0739678828781036,-1.0832116832035494,0.0,0.0,0.0,0.0,12.658424520193709
-0.5638091124805905,1.1982361434596953,-1.0739678828781036,-1.0832116832035494,0.0,0.0,0.0,0.0,12.15425816271595
0.08340969147028243,1.1832704551624376,-1.0973676580746023,-1.3218090369117035,0.0,0.0,0.0,0.0,12.597780217902699
0.6813454856950439,1.1982361434596953,-1.1020476131139008,-1.0036792319674983,0.0,0.0,0.0,0.0,12.839472475608636
-0.4584418284164843,1.158327641333677,-1.0552480627209069,-1.0036792319674983,0.0,0.0,0.0,0.0,11.896151780740423
-0.04738385875825082,1.163316204099432,-1.04588815264231,-1.0036792319674983,0.0,0.0,0.0,0.0,12.33270970174018
-0.5425159225033852,1.1683047668651798,-1.0552480627209069,-0.8446143294953956,0.0,0.0,0.0,0.0,12.062208048765859
-0.108961462205844,1.163316204099432,-1.0552480627209069,-1.0036792319674983,0.0,0.0,0.0,0.0,12.050593583794214
-0.9316005757232253,1.158327641333677,-1.0552480627209069,-0.9241467807314468,0.0,0.0,0.0,0.0,11.808583147519697
-0.7854257039878169,1.158327641333677,-1.0505681076816085,-0.5264845245511903,0.0,0.0,0.0,0.0,11.829930875050733
-0.8577283785541499,1.153339078567922,-1.0599280177602086,-1.71947129309196,0.0,0.0,0.0,0.0,11.948602883419843
-0.9842319003351869,1.158327641333677,-1.0599280177602086,-1.6399388418559087,0.0,0.0,0.0,0.0,11.897514169490739
0.34677558421045657,1.163316204099432,-1.0599280177602086,-1.1627441344396008,0.0,0.0,0.0,0.0,12.105705199284083
0.3263194729547138,1.163316204099432,-1.0646079727995068,-1.4013414881477548,0.0,0.0,0.0,0.0,12.313136210176474
-0.8134678411568143,1.158327641333677,-1.0646079727995068,-1.7990037443280114,0.0,0.0,0.0,0.0,12.417147664184915
0.8701590548049543,1.1134305764419037,-1.0178084224065131,-1.1627441344396008,0.0,0.0,0.0,0.0,12.518329030892268
0.11087633701827401,1.1882590179281924,-1.0412081976030116,-1.0036792319674983,0.0,0.0,0.0,0.0,12.5984558913214
-0.011284838895175729,1.213201831756953,-1.0505681076816085,-0.9241467807314468,0.0,0.0,0.0,0.0,12.246739428005663
0.6144315053981263,1.1832704551624376,-1.0552480627209069,-1.1627441344396008,0.0,0.0,0.0,0.0,12.582798715298532
-0.32168409229753014,1.233156082819966,-1.0646079727995068,-0.7650818782593443,0.0,0.0,0.0,0.0,12.036475785297062
-0.01698743768513972,1.2680760221802292,-1.0833277929567038,-1.1627441344396008,0.0,0.0,0.0,0.0,12.40410759774362
1.643515158596224,1.2580988966487263,-1.0973676580746023,-0.9241467807314468,0.0,0.0,0.0,0.0,12.497252344150006
-0.05852746923772165,1.2580988966487263,-1.1114075231925007,-1.1627441344396008,0.0,0.0,0.0,0.0,12.486356166069786
0.5552081858546466,1.223178957288456,-1.106727568153199,-1.4013414881477548,0.0,0.0,0.0,0.0,12.35793929036284
2.2898445664055425,1.283041710477487,-1.0973676580746023,-0.9241467807314468,0.0,0.0,0.0,0.0,12.946105797482307
0.46480368393668475,1.2930188360089898,-1.1114075231925007,-1.3218090369117035,0.0,0.0,0.0,0.0,12.445487104758993
-0.3771928750145196,1.2880302732432418,-1.1394872534282945,-0.9241467807314468,0.0,0.0,0.0,0.0,12.429220196836383
-0.3587248257222508,1.3329273381350082,-1.1301273433496977,-1.4013414881477548,0.0,0.0,0.0,0.0,12.365215131251702
-0.3918940700602066,1.213201831756953,-1.1254473883103993,-1.4013414881477548,0.0,0.0,0.0,0.0,12.547180549395199
0.5531154890509903,1.2281675200542108,-1.1254473883103993,-1.2422765856756521,0.0,0.0,0.0,0.0,12.605187634239536
1.2198486906959602,1.1832704551624376,-1.1207674332710975,-1.3218090369117035,0.0,0.0,0.0,0.0,12.63558300226232
0.08189248628763127,1.2082132689911982,-1.1394872534282945,-1.0036792319674983,0.0,0.0,0.0,0.0,12.593377177438036
0.8719901645081536,1.1832704551624376,-1.1394872534282945,-1.0036792319674983,0.0,0.0,0.0,0.0,12.565148205682643
-0.2553456036216183,1.1732933296309347,-1.1301273433496977,-0.9241467807314468,0.0,0.0,0.0,0.0,12.158986279072735
-1.1272154094450195,1.1732933296309347,-1.1301273433496977,-1.0036792319674983,0.0,0.0,0.0,0.0,12.07254696717504
-1.0040602025498326,1.1732933296309347,-1.1301273433496977,-1.0832116832035494,0.0,0.0,0.0,0.0,11.998439434579149
0.22524221733810346,1.1683047668651798,-1.1207674332710975,-0.20835471960698504,0.0,0.0,0.0,0.0,12.38881494713195
-0.23039019423801405,1.163316204099432,-1.1254473883103993,-0.6060169757872417,0.0,0.0,0.0,0.0,11.924379271639218
-0.46498150592791104,1.1683047668651798,-1.1254473883103993,-1.2422765856756521,0.0,0.0,0.0,0.0,12.055255569732177
-1.0820654759061297,1.1683047668651798,-1.1301273433496977,-0.8446143294953956,0.0,0.0,0.0,0.0,11.48247656671073
-0.9687459439881287,1.1683047668651798,-1.1301273433496977,-1.0036792319674983,0.0,0.0,0.0,0.0,11.910365121788654
0.1335820973379474,1.163316204099432,-1.1301273433496977,-0.6855494270232929,0.0,0.0,0.0,0.0,11.998439434579149
-0.913969605152419,1.163316204099432,-1.134807298388996,-1.5604063906198575,0.0,0.0,0.0,0.0,11.927687224983487
0.13012914761191427,1.1683047668651798,-1.134807298388996,0.42790489028142553,0.0,0.0,0.0,0.0,12.011279642540796
0.38842025060322105,1.158327641333677,-1.116087478231799,-1.7990037443280114,0.0,0.0,0.0,0.0,12.230770136157428
0.13823834772608348,1.1483505158021743,-1.1254473883103993,-1.8785361955640627,0.0,0.0,0.0,0.0,12.198549416880068
-0.7805078664992241,1.1433619530364192,-1.1301273433496977,-1.2422765856756521,0.0,0.0,0.0,0.0,11.498836682527127
0.30178260293184106,1.1483505158021743,-1.134807298388996,-1.8785361955640627,0.0,0.0,0.0,0.0,12.086731521684555
0.05505364978073635,1.158327641333677,-1.1301273433496977,-0.20835471960698504,0.0,0.0,0.0,0.0,11.867805799560465
-0.19685472795941827,1.158327641333677,-1.1301273433496977,-0.7650818782593443,0.0,0.0,0.0,0.0,11.81894585784987
-0.5518807406997482,1.153339078567922,-1.1394872534282945,-1.2422765856756521,0.0,0.0,0.0,0.0,11.710964518881163
0.25004067446143313,1.1483505158021743,-1.1394872534282945,0.42790489028142553,0.0,0.0,0.0,0.0,11.963370312187111
-0.6028379078687847,1.1483505158021743,-1.144167208467596,-1.6399388418559087,0.0,0.0,0.0,1.0,11.844392338493027
-0.22531540448914694,1.1433619530364192,-1.144167208467596,-1.8785361955640627,0.0,0.0,0.0,1.0,12.01854355302823
-0.9470865320702837,1.158327641333677,-1.134807298388996,-1.5604063906198575,0.0,0.0,0.0,0.0,11.753523791492476
-0.8835208666592166,1.163316204099432,-1.134807298388996,-0.7650818782593443,0.0,0.0,0.0,0.0,11.70932249586873
-0.4070661218867166,1.163316204099432,-1.134807298388996,-0.8446143294953956,0.0,0.0,0.0,0.0,11.61999352194924
-0.7459260518187999,1.163316204099432,-1.1394872534282945,-0.28788717084303633,0.0,0.0,0.0,0.0,11.901590234400047
-0.7138031558826723,1.163316204099432,-1.1394872534282945,-0.20835471960698504,0.0,0.0,0.0,0.0,12.05350987098043
-0.9489176417734831,1.158327641333677,-1.1394872534282945,-0.5264845245511903,0.0,0.0,0.0,0.0,11.732069026983156
-0.5651170479828758,1.158327641333677,-1.1394872534282945,-1.4808739393838062,0.0,0.0,0.0,0.0,11.785247676408115
-0.13506785483145922,1.1683047668651798,-1.134807298388996,-0.6060169757872417,0.0,0.0,0.0,0.0,12.272800954830618
0.31815795542045333,1.1732933296309347,-1.1394872534282945,0.18930753657327157,0.0,0.0,0.0,0.0,12.233206179086634
-0.19115212916945426,1.1683047668651798,-1.1394872534282945,0.03024263410116893,0.0,0.0,0.0,0.0,12.019749091416921
0.5318746164938764,1.1683047668651798,-1.1394872534282945,-0.6060169757872417,0.0,0.0,0.0,0.0,12.26670197321789
0.6088335414483451,1.1782818923966898,-1.1394872534282945,-0.5264845245511903,0.0,0.0,0.0,0.0,12.443911687242986
-0.614400057708987,1.1732933296309347,-1.144167208467596,-1.0036792319674983,0.0,0.0,0.0,0.0,12.287196307223885
-0.5038010316357395,1.1483505158021743,-1.1488471635068944,-1.958068646800114,0.0,0.0,0.0,1.0,12.281648468435115
-0.4862223784850248,1.153339078567922,-1.144167208467596,-1.958068646800114,0.0,0.0,0.0,1.0,12.283501169971546
0.18825380133347458,1.153339078567922,-1.144167208467596,-2.1171335492722165,0.0,0.0,0.0,1.0,11.973516181427835
0.36628998190455325,1.158327641333677,-1.144167208467596,-0.8446143294953956,0.0,0.0,0.0,0.0,12.240478903153711
-0.5007666212704377,1.163316204099432,-1.144167208467596,-0.7650818782593443,0.0,0.0,0.0,0.0,11.979178318844294
-0.12643548051637618,1.1683047668651798,-1.144167208467596,-0.5264845245511903,0.0,0.0,0.0,0.0,12.167856627501678
0.5981084703296053,1.163316204099432,-1.1488471635068944,-0.7650818782593443,0.0,0.0,0.0,0.0,12.207077140855777
0.15926995060283136,1.1333848275049165,-1.1535271185461928,-1.7990037443280114,0.0,0.0,0.0,1.0,12.115058723579269
0.1894047845754853,1.1234077019734137,-1.1535271185461928,-0.8446143294953956,0.0,0.0,0.0,1.0,12.384223015005313
0.8766987323163805,1.1283962647391614,-1.1535271185461928,-1.71947129309196,0.0,0.0,0.0,1.0,12.55638086482189
0.899509127476237,1.1283962647391614,-1.1582070735854946,-1.958068646800114,0.0,0.0,0.0,1.0,12.420381283681547
0.933463133115564,1.1283962647391614,-1.1582070735854946,-0.9241467807314468,0.0,0.0,0.0,1.0,12.321189908948735
-0.5817016701518537,1.1383733902706643,-1.1488471635068944,-1.0832116832035494,0.0,0.0,0.0,1.0,11.620891583095712
-0.37122868912409845,1.1383733902706643,-1.1488471635068944,-0.9241467807314468,0.0,0.0,0.0,1.0,11.986678307125475
1.220738086837514,1.1433619530364192,-1.1488471635068944,-1.1627441344396008,0.0,0.0,0.0,1.0,12.090106084085123
0.36717937804610756,1.153339078567922,-1.1488471635068944,-1.5604063906198575,0.0,0.0,0.0,1.0,12.32652323122033
0.3973142120187615,1.1483505158021743,-1.162887028624793,-1.958068646800114,0.0,0.0,0.0,1.0,12.408609326231229
0.09743076005478102,1.1383733902706643,-1.162887028624793,-1.4013414881477548,0.0,0.0,0.0,1.0,11.37940550085183
0.21258140167598172,1.163316204099432,-1.1535271185461928,-1.958068646800114,0.0,0.0,0.0,0.0,12.377927112974284
-0.13145795284515174,1.1732933296309347,-1.1535271185461928,-1.7990037443280114,0.0,0.0,0.0,0.0,11.818209214992565
0.06473237249764777,1.1683047668651798,-1.1582070735854946,-1.958068646800114,0.0,0.0,0.0,1.0,12.337543792304956
-0.10603168668072495,1.1683047668651798,-1.1582070735854946,-2.1171335492722165,0.0,0.0,0.0,1.0,12.276069679344003
-0.2782606336216573,1.1732933296309347,-1.1488471635068944,-1.2422765856756521,0.0,0.0,0.0,0.0,12.12215284831553
-0.06606117773088525,1.1782818923966898,-1.1535271185461928,-1.0036792319674983,0.0,0.0,0.0,0.0,12.006407555388575
0.4912239810828482,1.1782818923966898,-1.144167208467596,-0.6060169757872417,0.0,0.0,0.0,0.0,12.294545870166347
0.12374642236076187,1.1882590179281924,-1.1488471635068944,-1.71947129309196,0.0,0.0,0.0,0.0,12.253437985595856
-0.642232925197619,1.1782818923966898,-1.1582070735854946,-1.2422765856756521,0.0,0.0,0.0,0.0,12.185875040240456
-0.816345299261842,1.1832704551624376,-1.1582070735854946,-1.2422765856756521,0.0,0.0,0.0,0.0,11.425197467633199
-0.45116970702377784,1.1832704551624376,-1.162887028624793,-1.4013414881477548,0.0,0.0,0.0,0.0,12.201065128819632
-0.0322118069317408,1.1832704551624376,-1.1675669836640914,-0.7650818782593443,0.0,0.0,0.0,0.0,11.843674210764698
-0.8624369463623772,1.1782818923966898,-1.1722469387033898,-1.0832116832035494,0.0,0.0,0.0,1.0,11.796607046116602
-0.44687967857628197,1.1982361434596953,-1.1488471635068944,-0.28788717084303633,0.0,0.0,0.0,0.0,12.275136847806356
-0.36463669419258044,1.1932475806939404,-1.1582070735854946,-1.0832116832035494,0.0,0.0,0.0,0.0,11.982310152711182
-0.15296041250272266,1.2082132689911982,-1.1582070735854946,-1.8785361955640627,0.0,0.0,0.0,0.0,11.973516181427835
0.9475365191201544,1.213201831756953,-1.1582070735854946,-1.0036792319674983,0.0,0.0,0.0,0.0,12.219487265827034
-0.20559173711468434,1.2181903945227082,-1.162887028624793,-1.0832116832035494,0.0,0.0,0.0,0.0,12.171486376730597
0.8859065982524696,1.213201831756953,-1.162887028624793,-0.9241467807314468,0.0,0.0,0.0,0.0,12.034103319015012
0.6060084007634089,1.213201831756953,-1.162887028624793,-1.0036792319674983,0.0,0.0,0.0,0.0,12.0702586497481
-0.8214200890107091,1.2082132689911982,-1.1675669836640914,-1.0832116832035494,0.0,0.0,0.0,0.0,11.97603664577121
-0.36552609033413447,1.2181903945227082,-1.162887028624793,-1.0036792319674983,0.0,0.0,0.0,0.0,12.058737851357439
0.5107906961970367,1.2181903945227082,-1.1675669836640914,-1.0036792319674983,0.0,0.0,0.0,0.0,12.047668766996187
0.11982261585390573,1.2181903945227082,-1.1675669836640914,-1.8785361955640627,0.0,0.0,0.0,0.0,12.051761119434515
0.15058525886765703,1.223178957288456,-1.1675669836640914,-1.0036792319674983,0.0,0.0,0.0,0.0,12.005185815601541
0.09062949544289736,1.2181903945227082,-1.1675669836640914,-1.3218090369117035,0.0,0.0,0.0,0.0,11.944064817531656
-0.8106950178919693,1.1882590179281924,-1.1675669836640914,-1.3218090369117035,0.0,0.0,0.0,0.0,11.429554725537322
-0.8142002850380942,1.1932475806939404,-1.162887028624793,-1.71947129309196,0.0,0.0,0.0,0.0,11.674202123168433
-0.05298182270803199,1.1782818923966898,-1.1722469387033898,-0.7650818782593443,0.0,0.0,0.0,1.0,12.031725210748633
0.650373573000927,1.1832704551624376,-1.1769268937426915,-0.8446143294953956,0.0,0.0,0.0,1.0,12.420381283681547
0.25684193907331726,1.1782818923966898,-1.1769268937426915,-1.958068646800114,0.0,0.0,0.0,1.0,12.464201028227341
0.6828103734576034,1.1932475806939404,-1.18160684878199,-1.0036792319674983,0.0,0.0,0.0,1.0,12.5421912482017
0.7506137498960749,1.158327641333677,-1.1769268937426915,-1.6399388418559087,0.0,0.0,0.0,1.0,12.452155077423383
1.1286594274766266,1.163316204099432,-1.18160684878199,-1.4808739393838062,0.0,0.0,0.0,1.0,12.389647583180738
2.0240197549210723,1.1683047668651798,-1.1862868038212881,-1.958068646800114,0.0,0.0,0.0,1.0,12.377505973448748
0.03669023532865036,1.158327641333677,-1.1862868038212881,-1.1627441344396008,0.0,0.0,0.0,1.0,12.05467400868968
1.6563852439387117,1.153339078567922,-1.1909667588605866,-0.5264845245511903,0.0,0.0,0.0,1.0,13.122367377396328
0.15194551179003338,1.153339078567922,-1.1909667588605866,-1.2422765856756521,0.0,0.0,0.0,1.0,12.333150131430498
1.2875474322942486,1.1683047668651798,-1.1909667588605866,-1.71947129309196,0.0,0.0,0.0,1.0,12.541118865873308
1.9168736785738578,1.158327641333677,-1.1956467138998883,-1.2422765856756521,0.0,0.0,0.0,1.0,12.737585799068283
1.4338792562899314,1.158327641333677,-1.1956467138998883,-1.1627441344396008,0.0,0.0,0.0,1.0,12.560949473827492
0.7922060988687486,1.153339078567922,-1.1956467138998883,-1.3218090369117035,0.0,0.0,0.0,1.0,12.610206868403342
-0.4361546074575422,1.2381446455857137,-1.1722469387033898,-1.5604063906198575,0.0,0.0,0.0,0.0,11.774527900858468
0.26594517016922287,1.2431332083514686,-1.1675669836640914,-1.0832116832035494,0.0,0.0,0.0,0.0,11.946012225174645
0.18804453165310847,1.2431332083514686,-1.1675669836640914,-1.4013414881477548,0.0,0.0,0.0,0.0,11.98854454800156
0.45324153409648243,1.2481217711172237,-1.1675669836640914,-1.0036792319674983,0.0,0.0,0.0,0.0,11.986678307125475
0.6842752612201628,1.2481217711172237,-1.162887028624793,-0.9241467807314468,0.0,0.0,0.0,0.0,11.968456114085114
0.4801850054435602,1.2531103338829714,-1.162887028624793,-0.3674196220790877,0.0,0.0,0.0,0.0,11.901590234400047
0.6120249040739213,1.2281675200542108,-1.144167208467596,-1.0832116832035494,0.0,0.0,0.0,0.0,12.312237337751334
0.6805607243936728,1.2680760221802292,-1.1488471635068944,-0.9241467807314468,0.0,0.0,0.0,0.0,12.268112735686705
0.2989574622469048,1.2531103338829714,-1.1535271185461928,-1.958068646800114,0.0,0.0,0.0,0.0,12.071403463011007
0.8400242208323003,1.233156082819966,-1.1535271185461928,-1.3218090369117035,0.0,0.0,0.0,0.0,12.121608929585332
0.5122555839595966,1.2431332083514686,-1.1582070735854946,-1.4013414881477548,0.0,0.0,0.0,0.0,12.239028583587523
-0.35255137015146404,1.2481217711172237,-1.162887028624793,-1.0832116832035494,0.0,0.0,0.0,0.0,12.102937429832547
-0.17268407987718548,1.2431332083514686,-1.1675669836640914,-0.7650818782593443,0.0,0.0,0.0,0.0,11.962732764429129
-0.20920163910099182,1.2381446455857137,-1.162887028624793,-1.2422765856756521,0.0,0.0,0.0,0.0,11.83138646878959
-0.6597592609282422,1.2481217711172237,-1.1722469387033898,-0.9241467807314468,0.0,0.0,0.0,0.0,11.815257205114566
-0.8881771170473525,1.2481217711172237,-1.1722469387033898,0.3483724390453742,0.0,0.0,0.0,0.0,11.83138646878959
-0.030223744968267314,1.2531103338829714,-1.1675669836640914,-0.12882226837093372,0.0,0.0,0.0,0.0,11.829202282877098
-0.7847978949467199,1.2580988966487263,-1.1722469387033898,-0.6855494270232929,0.0,0.0,0.0,0.0,11.49782197939291
-0.5501542658367317,1.2630874594144743,-1.162887028624793,-1.0832116832035494,0.0,0.0,0.0,0.0,11.918397239722838
-0.8508224791020833,1.2580988966487263,-1.1675669836640914,-1.0036792319674983,0.0,0.0,0.0,0.0,11.822620954414864
-0.5622919072979395,1.2531103338829714,-1.1722469387033898,-1.3218090369117035,0.0,0.0,0.0,0.0,11.874097282798648
-0.9064358966592556,1.2431332083514686,-1.1722469387033898,-0.9241467807314468,0.0,0.0,0.0,0.0,11.641327474774709
-1.6589173498340517,1.2431332083514686,-1.1769268937426915,1.1436969514058875,0.0,0.0,0.0,0.0,11.83138646878959
0.4319483441192772,1.2281675200542108,-1.162887028624793,-1.1627441344396008,0.0,0.0,0.0,0.0,12.160557363077048
-0.3816921731423811,1.233156082819966,-1.162887028624793,-1.8785361955640627,0.0,0.0,0.0,0.0,11.989786776470444
0.30826996302317605,1.223178957288456,-1.162887028624793,-1.71947129309196,0.0,0.0,0.0,0.0,12.116153408446742
-0.08651728898662776,1.213201831756953,-1.1488471635068944,-1.4013414881477548,0.0,0.0,0.0,0.0,12.20507715018907
-0.8157174902207451,1.233156082819966,-1.1675669836640914,-1.71947129309196,0.0,0.0,0.0,0.0,11.979805470779858
-0.22536772190923846,1.2281675200542108,-1.1675669836640914,-1.4808739393838062,0.0,0.0,0.0,0.0,12.157412722878947
0.5358507404208237,1.213201831756953,-1.1769268937426915,-1.71947129309196,0.0,0.0,0.0,0.0,12.483708170000067
-0.9387157448556576,1.2181903945227082,-1.1722469387033898,-0.9241467807314468,0.0,0.0,0.0,0.0,11.289794413577894
-0.0006644026166187388,1.2281675200542108,-1.1769268937426915,1.3822943051140413,0.0,0.0,0.0,0.0,12.206077645517674
-1.602623805815691,1.233156082819966,-1.1769268937426915,-1.3218090369117035,0.0,0.0,0.0,0.0,12.524530013005734
-0.8312034465678033,1.2281675200542108,-1.18160684878199,-0.9241467807314468,0.0,0.0,0.0,0.0,11.793590475326612
0.24852346927878247,1.213201831756953,-1.2003266689391867,-1.3218090369117035,0.0,0.0,0.0,0.0,12.20407565286699
-0.12418583145244531,1.223178957288456,-1.2003266689391867,1.30276185387799,0.0,0.0,0.0,0.0,12.136727926437826
2.51334458503606,1.233156082819966,-1.2003266689391867,-1.0036792319674983,0.0,0.0,0.0,0.0,12.757947118083045
2.4690840476387246,1.2481217711172237,-1.2003266689391867,-1.6399388418559087,0.0,0.0,0.0,0.0,13.003807293022762
0.29362108539758053,1.233156082819966,-1.1909667588605866,-1.8785361955640627,0.0,0.0,0.0,0.0,12.77422616877261
0.5797450558775193,1.2431332083514686,-1.1956467138998883,-0.446952073315139,0.0,0.0,0.0,0.0,12.425613715694242
-0.024625781018485903,1.2381446455857137,-1.1862868038212881,-0.6060169757872417,0.0,0.0,0.0,0.0,12.083910661257521
0.4605659729092799,1.2431332083514686,-1.1909667588605866,-0.446952073315139,0.0,0.0,0.0,0.0,12.091228412360461
-0.705170781567589,1.2381446455857137,-1.1769268937426915,-1.4013414881477548,0.0,0.0,0.0,0.0,11.715874472198905
-0.7027118628232925,1.2431332083514686,-1.18160684878199,0.18930753657327157,0.0,0.0,0.0,0.0,11.65356528276954
-0.8769811891477899,1.2431332083514686,-1.18160684878199,-0.04928981713488239,0.0,0.0,0.0,0.0,11.757446872843532
-1.0672596460202597,1.2431332083514686,-1.1769268937426915,0.6665022439895795,0.0,0.0,0.0,0.0,11.8879382384223
-0.41057138903284124,1.2481217711172237,-1.18160684878199,0.18930753657327157,0.0,0.0,0.0,0.0,11.848690308590857
-0.8693428458144437,1.2431332083514686,-1.18160684878199,0.18930753657327157,0.0,0.0,0.0,0.0,11.667370387218226
-1.047012804444883,1.2431332083514686,-1.1769268937426915,0.3483724390453742,0.0,0.0,0.0,0.0,11.646590598651017
-0.3821630299232039,1.2481217711172237,-1.1769268937426915,-0.6060169757872417,0.0,0.0,0.0,0.0,12.142605550210915
-0.6040935259509786,1.2481217711172237,-1.1769268937426915,0.2688399878093229,0.0,0.0,0.0,0.0,11.893421422254848
-0.7659636237138112,1.2481217711172237,-1.1769268937426915,-1.3218090369117035,0.0,0.0,0.0,0.0,11.751950239425476
-0.45561668773154806,1.2481217711172237,-1.18160684878199,-0.9241467807314468,0.0,0.0,0.0,0.0,11.86569981146014
0.09005400382189176,1.2531103338829714,-1.1909667588605866,-1.4013414881477548,0.0,0.0,0.0,0.0,12.47801017053037
0.43210529637955153,1.2680760221802292,-1.1722469387033898,-1.0832116832035494,0.0,0.0,0.0,0.0,12.059895922372384
1.5273704859932868,1.2980073987747447,-1.1722469387033898,-1.4808739393838062,0.0,0.0,0.0,0.0,12.568981617474362
0.21190127521479307,1.2580988966487263,-1.1722469387033898,-0.9241467807314468,0.0,0.0,0.0,0.0,12.042971193457888
0.8382977459692835,1.2580988966487263,-1.18160684878199,-0.8446143294953956,0.0,0.0,0.0,0.0,12.317171167298682
0.7094399402841329,1.2580988966487263,-1.1722469387033898,-0.5264845245511903,0.0,0.0,0.0,0.0,12.02874460037869
1.2088097150566717,1.2580988966487263,-1.1862868038212881,-1.2422765856756521,0.0,0.0,0.0,0.0,12.67670420258797
0.8318627032980398,1.2680760221802292,-1.1769268937426915,-0.28788717084303633,0.0,0.0,0.0,0.0,12.422396998874374
1.2070309227735636,1.2630874594144743,-1.1909667588605866,-1.0036792319674983,0.0,0.0,0.0,0.0,12.723678233308531
0.5270090964253751,1.3179616498377504,-1.2050066239784851,-1.0036792319674983,0.0,0.0,0.0,0.0,12.3879816172226
0.6024508161971928,1.337915900900763,-1.2377663092535804,-1.1627441344396008,0.0,0.0,0.0,0.0,12.259144108039314
0.3263194729547138,1.3079845243062476,-1.251806174371479,-0.8446143294953956,0.0,0.0,0.0,0.0,12.313136210176474
0.08607787989494434,1.3628587147295237,-1.1956467138998883,-1.0832116832035494,0.0,0.0,0.0,0.0,12.32785212918379
0.8935449415858158,1.397778654089794,-1.1956467138998883,-1.2422765856756521,0.0,0.0,0.0,0.0,12.384641335788151
0.8548300507181701,1.3927900913240392,-1.233086354214282,-1.71947129309196,0.0,0.0,0.0,0.0,12.30592250537653
0.8052854538916016,1.3628587147295237,-1.2284063991749836,-1.8785361955640627,0.0,0.0,0.0,0.0,12.202069644200355
-0.5198101621837121,1.342904463666518,-1.2096865790177869,-1.4013414881477548,0.0,0.0,0.0,0.0,12.023957067521133
0.7237225959690884,1.342904463666518,-1.2237264441356819,-1.0036792319674983,0.0,0.0,0.0,0.0,12.052344376474922
-0.2099340829822715,1.3329273381350082,-1.2190464890963837,-1.4013414881477548,0.0,0.0,0.0,0.0,12.026951960476097
-0.12633084567619335,1.3528815891980208,-1.2096865790177869,-0.9241467807314468,0.0,0.0,0.0,0.0,12.010671928196443
0.4057373166534789,1.3528815891980208,-1.2237264441356819,-0.9241467807314468,0.0,0.0,0.0,0.0,12.044735370544808
0.9370730351018715,1.3628587147295237,-1.2237264441356819,-1.4013414881477548,0.0,0.0,0.0,0.0,12.253914741377207
-0.7334221884169521,1.4127443423870518,-1.0786478379174054,-0.9241467807314468,1.0,0.0,0.0,0.0,11.971621655408228
-0.8876016254263468,1.4426757189815602,-1.1582070735854946,-0.20835471960698504,1.0,0.0,0.0,0.0,11.959538914341756
-0.5728600261564051,1.4825842211075857,-1.2050066239784851,-0.446952073315139,1.0,0.0,0.0,0.0,12.06047445534465
-0.45378557802834846,1.4925613466390886,-1.1909667588605866,0.5869697927535281,1.0,0.0,0.0,0.0,11.808583147519697
0.13012914761191427,1.5025384721705914,-1.2096865790177869,-1.0832116832035494,1.0,0.0,0.0,0.0,11.906324739459684
-0.0006644026166187388,1.4775956583418308,-1.2143665340570853,-1.4013414881477548,1.0,0.0,0.0,0.0,12.19653228062948
-1.1956465949245878,1.4526528445130702,-1.1909667588605866,-0.3674196220790877,1.0,0.0,0.0,0.0,12.309986615445005
0.7757261115399532,1.4476642817473153,-1.2471262193321806,-1.0036792319674983,0.0,0.0,0.0,0.0,12.174587138384211
0.3629416670187032,1.522492723233604,-1.279885904607276,-0.8446143294953956,1.0,0.0,0.0,0.0,12.15425816271595
-0.29029364024268217,1.6122868530171435,-1.0646079727995068,-0.3674196220790877,1.0,0.0,0.0,0.0,12.080515091473
-0.26879118058511153,1.6222639785486535,-1.1020476131139008,-0.7650818782593443,1.0,0.0,0.0,0.0,11.51293546492023
-0.988155706842043,1.6521953551431618,-1.2003266689391867,-0.9241467807314468,1.0,0.0,0.0,0.0,11.3350062038375
-0.7106641106771874,1.6422182296116592,-1.3079656348430695,-0.8446143294953956,1.0,0.0,0.0,0.0,10.981914140544825
-0.6784365799008769,1.5973211647198857,-1.144167208467596,-1.3218090369117035,1.0,0.0,0.0,0.0,11.499850357082506
-0.500818938690529,1.4925613466390886,-1.378164960432562,-0.7650818782593443,1.0,0.0,0.0,0.0,11.665655135642039
-0.879649377572452,1.5574126625938676,-1.3968847805897588,-0.5264845245511903,1.0,0.0,0.0,0.0,11.752737324967208
-1.1314008030523326,1.6072982902513957,-1.3547651852360634,-1.0036792319674983,1.0,0.0,0.0,0.0,11.614588152079595
-1.2616188616598598,1.6821267317376773,-1.4015647356290573,-0.04928981713488239,1.0,0.0,0.0,0.0,11.031674824544641
0.18616110452981782,1.407755779621297,-1.303285679803771,-0.9241467807314468,0.0,0.0,0.0,0.0,12.289498853474674
-0.1566226319091214,1.3878015285582843,-1.3079656348430695,-1.3218090369117035,0.0,0.0,0.0,0.0,12.35363452394233
-0.5238386035307508,1.397778654089794,-1.3173255449216696,-1.0036792319674983,0.0,0.0,0.0,0.0,12.31448300568063
1.4438718835273912,1.407755779621297,-1.3173255449216696,-0.9241467807314468,0.0,0.0,0.0,0.0,12.639804459346648
1.188562873481295,1.3828129657925363,-1.3266854550002698,-1.4013414881477548,0.0,0.0,0.0,0.0,12.523074413969974
0.0730508422921826,1.472607095576076,-1.298605724764473,-0.8446143294953956,0.0,0.0,0.0,0.0,12.038251448529742
1.2236678623626334,1.4526528445130702,-1.3313654100395682,-1.2422765856756521,0.0,0.0,0.0,0.0,12.390895238790055
0.8580737307638376,1.347893026432266,-1.350085230196765,-1.0832116832035494,0.0,0.0,0.0,0.0,12.424810506025395
1.3593269326596675,1.3279387753692602,-1.3594451402753651,-1.6399388418559087,0.0,0.0,0.0,0.0,12.612540583969206
1.245955083321575,1.337915900900763,-1.3875248705111587,-1.5604063906198575,0.0,0.0,0.0,0.0,12.588272538498009
0.45015480631108884,1.402767216855542,-1.3547651852360634,-1.1627441344396008,0.0,0.0,0.0,0.0,12.276069679344003
-0.1849786735986675,1.3878015285582843,-1.4156046007469558,-0.7650818782593443,0.0,0.0,0.0,0.0,12.236121618880365
-0.10645022604145621,-1.415770745794559,1.0179720196886908,-0.28788717084303633,0.0,0.0,1.0,0.0,13.122367377396328
-1.0349274804037665,-1.415770745794559,1.0179720196886908,0.18930753657327157,0.0,0.0,1.0,0.0,13.122367377396328
0.2463784550550344,-1.4207593085603138,1.0179720196886908,1.8594890125303492,0.0,0.0,1.0,0.0,13.122367377396328
2.196928828323193,-1.4207593085603138,1.013292064649389,1.8594890125303492,0.0,0.0,1.0,0.0,13.122367377396328
0.5466281289596548,-1.4207593085603138,1.013292064649389,1.8594890125303492,0.0,0.0,1.0,0.0,13.122367377396328
-0.3351819866811149,-1.4207593085603138,1.013292064649389,1.7004241100582467,0.0,0.0,1.0,0.0,13.122367377396328
0.3112520559683866,-1.4207593085603138,1.013292064649389,1.8594890125303492,0.0,0.0,1.0,0.0,13.122367377396328
-0.381168998941467,-1.415770745794559,1.013292064649389,1.8594890125303492,0.0,0.0,1.0,0.0,13.122367377396328
0.14880646658454894,-1.415770745794559,1.013292064649389,1.8594890125303492,0.0,0.0,1.0,0.0,12.765691290604371
0.816952238571987,-1.415770745794559,1.013292064649389,1.8594890125303492,0.0,0.0,1.0,0.0,13.122367377396328
-0.6742511862935638,-1.415770745794559,1.013292064649389,1.8594890125303492,0.0,0.0,1.0,0.0,13.122367377396328
-0.1411366755620632,-1.415770745794559,1.013292064649389,1.8594890125303492,0.0,0.0,1.0,0.0,12.979187915595174
1.2808508025225476,-1.415770745794559,1.013292064649389,1.8594890125303492,0.0,0.0,1.0,0.0,13.122367377396328
0.4701923782061003,-1.4107821830288112,1.013292064649389,1.8594890125303492,0.0,0.0,1.0,0.0,13.122367377396328
0.1701519739818455,-1.4107821830288112,1.013292064649389,1.8594890125303492,0.0,0.0,1.0,0.0,12.929993908996359
2.04505135779782,-1.4107821830288112,1.0179720196886908,-1.3218090369117035,0.0,0.0,1.0,0.0,12.429220196836383
-1.0306374519562704,-1.4107821830288112,1.013292064649389,1.8594890125303492,0.0,0.0,1.0,0.0,12.611541086966115
-0.5892353786450173,-1.415770745794559,1.013292064649389,1.8594890125303492,0.0,0.0,1.0,0.0,12.036475785297062
-0.25759525268554895,-1.415770745794559,1.013292064649389,1.8594890125303492,0.0,0.0,1.0,0.0,12.899222326086994
-1.070817230586476,-1.415770745794559,1.013292064649389,1.8594890125303492,0.0,0.0,1.0,0.0,12.40410759774362
-1.5656877072311535,-1.415770745794559,1.013292064649389,0.10977508533722025,0.0,0.0,1.0,0.0,13.017005083966255
1.040975431403418,-1.415770745794559,1.013292064649389,1.8594890125303492,0.0,0.0,1.0,0.0,13.122367377396328
-0.1578259325712239,-1.415770745794559,1.013292064649389,1.8594890125303492,0.0,0.0,1.0,0.0,12.765691290604371
-0.46519077560827665,-1.415770745794559,1.0086121096100906,1.8594890125303492,0.0,0.0,1.0,0.0,12.847929163278053
0.2463784550550344,-1.4207593085603138,1.013292064649389,1.8594890125303492,0.0,0.0,1.0,0.0,13.122367377396328
0.19332859108234143,-1.4207593085603138,1.013292064649389,1.8594890125303492,0.0,0.0,1.0,0.0,13.017005083966255
-0.9299787357003916,-1.4207593085603138,1.013292064649389,1.8594890125303492,0.0,0.0,1.0,0.0,13.035281452471706
-0.26784946702346596,-1.4207593085603138,1.013292064649389,1.8594890125303492,0.0,0.0,1.0,0.0,12.948012371209098
-0.6884815245584283,-1.4207593085603138,1.013292064649389,1.8594890125303492,0.0,0.0,1.0,0.0,12.568981617474362
-0.6860226058141318,-1.4207593085603138,1.0086121096100906,1.8594890125303492,0.0,0.0,1.0,0.0,12.323860125621126
-0.9113537341478484,-1.4207593085603138,1.0086121096100906,1.8594890125303492,0.0,0.0,1.0,0.0,12.899222326086994
-0.7193488024123619,-1.4207593085603138,1.0086121096100906,1.8594890125303492,0.0,0.0,1.0,0.0,12.524530013005734
-0.44295587206942605,-1.415770745794559,1.0086121096100906,1.8594890125303492,0.0,0.0,1.0,0.0,13.122367377396328
-0.26586140505999223,-1.415770745794559,1.0086121096100906,1.8594890125303492,0.0,0.0,1.0,0.0,13.122367377396328
-0.19340177823338492,-1.415770745794559,1.0086121096100906,1.8594890125303492,0.0,0.0,1.0,0.0,12.765691290604371
-1.0263474235087746,-1.415770745794559,1.013292064649389,1.8594890125303492,0.0,0.0,1.0,0.0,12.323860125621126
-1.3128899333494448,-1.415770745794559,1.0086121096100906,1.8594890125303492,0.0,0.0,1.0,0.0,10.915106645867503
-1.5571076503361616,-1.415770745794559,1.013292064649389,1.8594890125303492,0.0,0.0,1.0,0.0,13.122367377396328
0.35671589402782466,-1.405793620263056,1.013292064649389,-0.28788717084303633,0.0,0.0,1.0,0.0,13.122367377396328
-1.2666413339886355,-1.4107821830288112,1.0086121096100906,1.8594890125303492,0.0,0.0,1.0,0.0,13.017005083966255
-1.235041612253422,-1.415770745794559,1.0086121096100906,1.8594890125303492,0.0,0.0,1.0,0.0,12.377927112974284
-0.35072026044826443,-1.415770745794559,1.0086121096100906,1.8594890125303492,0.0,0.0,1.0,0.0,13.122367377396328
-0.7113442371383758,-1.415770745794559,1.0086121096100906,1.8594890125303492,0.0,0.0,1.0,0.0,12.524530013005734
-1.0826932849472266,-1.4207593085603138,1.0086121096100906,1.8594890125303492,0.0,0.0,1.0,0.0,12.323860125621126
-1.126012108782917,-1.415770745794559,1.0086121096100906,1.8594890125303492,0.0,0.0,1.0,0.0,12.323860125621126
-0.8087592733485871,-1.4207593085603138,1.0039321545707922,-0.20835471960698504,0.0,0.0,1.0,0.0,13.122367377396328
-1.5810167113179376,-1.4207593085603138,1.0039321545707922,-0.12882226837093372,0.0,0.0,1.0,0.0,13.122367377396328
-0.05669635953452227,-1.425747871326069,1.0179720196886908,0.8255671464616822,0.0,0.0,1.0,0.0,13.122367377396328
-0.20726589455760938,-1.4307364340918167,1.013292064649389,1.8594890125303492,0.0,0.0,1.0,0.0,13.122367377396328
0.21420324169881544,-1.4307364340918167,1.013292064649389,1.8594890125303492,0.0,0.0,1.0,0.0,13.122367377396328
0.41949679813752055,-1.425747871326069,1.0179720196886908,1.8594890125303492,0.0,0.0,1.0,0.0,13.122367377396328
0.013879840168794157,-1.4357249968575718,1.0179720196886908,1.8594890125303492,0.0,0.0,1.0,0.0,13.122367377396328
0.6075779233661514,-1.4307364340918167,1.013292064649389,1.8594890125303492,0.0,0.0,1.0,0.0,13.122367377396328
-0.33042110145279624,-1.4307364340918167,1.013292064649389,1.8594890125303492,0.0,0.0,1.0,0.0,13.122367377396328
-0.5778824984851806,-1.4307364340918167,1.013292064649389,1.8594890125303492,0.0,0.0,1.0,0.0,13.122365377402328
0.3917162480689803,-1.4307364340918167,1.013292064649389,1.8594890125303492,0.0,0.0,1.0,0.0,13.122367377396328
2.1449253127523282,-1.4307364340918167,1.013292064649389,1.8594890125303492,0.0,0.0,1.0,0.0,13.122367377396328
0.7207405030238778,-1.4307364340918167,1.013292064649389,1.8594890125303492,0.0,0.0,1.0,0.0,13.122367377396328
0.057198664004484166,-1.4307364340918167,1.013292064649389,1.8594890125303492,0.0,0.0,1.0,0.0,13.122367377396328
0.11950871133335753,-1.425747871326069,1.013292064649389,1.8594890125303492,0.0,0.0,1.0,0.0,13.053444074639703
0.16884403847955998,-1.425747871326069,1.013292064649389,1.8594890125303492,0.0,0.0,1.0,0.0,12.899222326086994
-0.26408261277688416,-1.425747871326069,1.013292064649389,1.8594890125303492,0.0,0.0,1.0,0.0,13.122365377402328
-0.09781785172637317,-1.425747871326069,1.013292064649389,1.8594890125303492,0.0,0.0,1.0,0.0,13.07107218827772
-0.34151239451217574,-1.425747871326069,1.013292064649389,1.8594890125303492,0.0,0.0,1.0,0.0,13.122365377402328
0.08654873667576689,-1.425747871326069,1.013292064649389,1.8594890125303492,0.0,0.0,1.0,0.0,13.122367377396328
0.08461299213238492,-1.4207593085603138,1.013292064649389,1.8594890125303492,0.0,0.0,1.0,0.0,13.122367377396328
0.6070024317451458,-1.425747871326069,1.013292064649389,1.8594890125303492,0.0,0.0,1.0,0.0,13.122365377402328
1.0029929844170522,-1.425747871326069,1.013292064649389,1.8594890125303492,0.0,0.0,1.0,0.0,13.122367377396328
0.34719412357118784,-1.425747871326069,1.013292064649389,1.8594890125303492,0.0,0.0,1.0,0.0,13.122367377396328
0.07289389003190826,-1.4207593085603138,1.0086121096100906,1.541359207586144,0.0,0.0,1.0,0.0,13.122367377396328
-0.03634488311896256,-1.425747871326069,1.0086121096100906,1.8594890125303492,0.0,0.0,1.0,0.0,13.122367377396328
1.7714835681398207,-1.425747871326069,1.0086121096100906,1.8594890125303492,0.0,0.0,1.0,0.0,13.122367377396328
1.034854293252723,-1.425747871326069,1.0086121096100906,1.8594890125303492,0.0,0.0,1.0,0.0,13.122367377396328
0.7513461937773548,-1.4307364340918167,1.0086121096100906,1.8594890125303492,0.0,0.0,1.0,0.0,13.122367377396328
2.196928828323193,-1.4307364340918167,1.0086121096100906,1.8594890125303492,0.0,0.0,1.0,0.0,13.122367377396328
5.819700899973191,-1.4307364340918167,1.0086121096100906,1.8594890125303492,0.0,0.0,1.0,0.0,13.122367377396328
3.251595699945992,-1.4357249968575718,1.0086121096100906,1.8594890125303492,0.0,0.0,1.0,0.0,13.122367377396328
0.8826629182068016,-1.4357249968575718,1.0086121096100906,1.8594890125303492,0.0,0.0,1.0,0.0,13.122367377396328
-1.2534573441255994,-1.4357249968575718,1.0086121096100906,1.8594890125303492,0.0,0.0,1.0,0.0,12.959846800844963
3.5750743083711995,-1.4357249968575718,1.0086121096100906,1.8594890125303492,0.0,0.0,1.0,0.0,13.122367377396328
5.451281627689459,-1.4407135596233196,1.0086121096100906,1.8594890125303492,0.0,0.0,1.0,0.0,13.122367377396328
0.7400979484577007,-1.4407135596233196,1.0086121096100906,1.8594890125303492,0.0,0.0,1.0,0.0,13.122367377396328
0.05165301747479451,-1.4307364340918167,1.0086121096100906,1.8594890125303492,0.0,0.0,1.0,0.0,13.122367377396328
0.29362108539758053,-1.4307364340918167,1.0086121096100906,1.8594890125303492,0.0,0.0,1.0,0.0,13.122367377396328
1.33128479549067,-1.4307364340918167,1.0086121096100906,1.8594890125303492,0.0,0.0,1.0,0.0,13.122367377396328
0.27326960898202085,-1.425747871326069,1.0086121096100906,1.8594890125303492,0.0,0.0,1.0,0.0,13.122367377396328
0.17156454432431362,-1.425747871326069,1.0086121096100906,1.8594890125303492,0.0,0.0,1.0,0.0,13.122367377396328
-0.6359548347866494,-1.4207593085603138,1.0086121096100906,1.8594890125303492,0.0,0.0,1.0,0.0,11.37940550085183
-0.22704187935216372,-1.4207593085603138,1.0086121096100906,-1.7990037443280114,0.0,0.0,1.0,0.0,11.674202123168433
-0.6067617143756407,-1.425747871326069,1.0086121096100906,1.7004241100582467,0.0,0.0,1.0,0.0,13.122367377396328
-0.22955311551655153,-1.425747871326069,1.0086121096100906,1.8594890125303492,0.0,0.0,1.0,0.0,13.122367377396328
0.5904701269962591,-1.425747871326069,1.0086121096100906,-0.28788717084303633,0.0,0.0,1.0,0.0,13.038983942375959
0.29827733578571614,-1.4307364340918167,1.0086121096100906,1.8594890125303492,0.0,0.0,1.0,0.0,13.122367377396328
0.11087633701827401,-1.4307364340918167,1.0086121096100906,1.8594890125303492,0.0,0.0,1.0,0.0,13.057933650348467
-0.10205556275377752,-1.4307364340918167,1.0086121096100906,1.8594890125303492,0.0,0.0,1.0,0.0,13.122365377402328
-0.5333080565672966,-1.4307364340918167,1.0039321545707922,1.8594890125303492,0.0,0.0,1.0,0.0,12.827189309914244
-0.3759895743524171,-1.4357249968575718,1.0039321545707922,1.30276185387799,0.0,0.0,1.0,0.0,12.71680126459136
-0.08238421279940623,-1.4357249968575718,1.0086121096100906,1.3822943051140413,0.0,0.0,1.0,0.0,13.122367377396328
0.5960680909460403,-1.4357249968575718,1.0039321545707922,1.8594890125303492,0.0,0.0,1.0,0.0,13.122367377396328
-0.6267992862706521,-1.425747871326069,1.0086121096100906,-0.3674196220790877,0.0,0.0,1.0,0.0,13.017005083966255
-1.344594289924841,-1.425747871326069,1.0039321545707922,-1.4808739393838062,0.0,0.0,1.0,0.0,12.301387370778713
-1.250213664079932,-1.4307364340918167,1.0039321545707922,0.8255671464616822,0.0,0.0,1.0,0.0,12.377927112974284
-0.08390141798205716,-1.4357249968575718,1.0039321545707922,1.8594890125303492,0.0,0.0,1.0,0.0,13.111102207777295
0.06473237249764777,-1.4357249968575718,1.0039321545707922,1.8594890125303492,0.0,0.0,1.0,0.0,12.780720596528097
0.7347092541882851,-1.4407135596233196,1.0039321545707922,1.4618267563500926,0.0,0.0,1.0,0.0,12.899222326086994
-0.0987595652880185,-1.4307364340918167,1.0039321545707922,0.6665022439895795,0.0,0.0,1.0,0.0,13.106845597025968
-0.5288610758595264,-1.4307364340918167,1.0039321545707922,1.8594890125303492,0.0,0.0,1.0,0.0,12.54254845357358
-0.0006644026166187388,-1.4307364340918167,1.0039321545707922,1.2232294026419388,0.0,0.0,1.0,0.0,12.929993908996359
0.13373904959822175,-1.4357249968575718,1.0039321545707922,1.1436969514058875,0.0,0.0,1.0,0.0,12.684481476888676
-0.3532314966126524,-1.4357249968575718,1.0039321545707922,1.541359207586144,0.0,0.0,1.0,0.0,12.967581498412784
-0.9026167249925825,-1.4307364340918167,1.0039321545707922,-1.0036792319674983,0.0,0.0,1.0,0.0,11.897514169490739
-0.4693238517954982,-1.425747871326069,1.0039321545707922,1.6208916588221953,0.0,0.0,1.0,0.0,12.765691290604371
-0.2553456036216183,-1.4307364340918167,1.0039321545707922,1.8594890125303492,0.0,0.0,1.0,0.0,13.063464390822604
-0.4882627578685898,-1.4307364340918167,1.0039321545707922,1.8594890125303492,0.0,0.0,1.0,0.0,12.741691364642852
-0.7620921346270466,-1.4307364340918167,1.0039321545707922,1.8594890125303492,0.0,0.0,1.0,0.0,12.754774810223829
-0.37436773432958337,-1.4307364340918167,1.0039321545707922,0.18930753657327157,0.0,0.0,1.0,0.0,12.590657946392092
-0.647203080106303,-1.425747871326069,1.0039321545707922,-0.20835471960698504,0.0,0.0,1.0,0.0,12.568981617474362
-0.12167459528805752,-1.425747871326069,1.0039321545707922,-2.1171335492722165,0.0,0.0,1.0,0.0,12.524530013005734
-0.3819537602428382,-1.4207593085603138,1.0039321545707922,-0.7650818782593443,0.0,0.0,1.0,0.0,12.141539457711714
-1.0633358395134036,-1.4207593085603138,1.0039321545707922,-0.9241467807314468,0.0,0.0,1.0,0.0,11.19135563385109
-1.4645058167743603,-1.425747871326069,1.0039321545707922,-0.9241467807314468,0.0,0.0,1.0,0.0,11.652696102959753
-1.53853496620371,-1.425747871326069,1.0039321545707922,-0.3674196220790877,0.0,0.0,1.0,0.0,11.630717389475995
-0.7506869370471185,-1.4207593085603138,1.0039321545707922,1.8594890125303492,0.0,0.0,1.0,0.0,12.524530013005734
-0.9023028204720338,-1.4207593085603138,1.0039321545707922,1.8594890125303492,0.0,0.0,1.0,0.0,12.141539457711714
-1.3036820674133562,-1.425747871326069,1.0039321545707922,0.03024263410116893,0.0,0.0,1.0,0.0,12.086731521684555
-0.9266827382346325,-1.425747871326069,1.0039321545707922,1.8594890125303492,0.0,0.0,1.0,0.0,12.665713390084107
-0.5525085497408453,-1.425747871326069,1.0039321545707922,1.8594890125303492,0.0,0.0,1.0,0.0,13.001101547754756
-0.48109527131606616,-1.425747871326069,0.9992521995314939,1.8594890125303492,0.0,0.0,1.0,0.0,12.959846800844963
-0.6823080689876415,-1.4307364340918167,1.0039321545707922,1.8594890125303492,0.0,0.0,1.0,0.0,13.07107218827772
-0.9731929246958989,-1.4307364340918167,0.9992521995314939,1.8594890125303492,0.0,0.0,1.0,0.0,12.805735727983281
-0.26596603990017503,-1.4357249968575718,0.9992521995314939,1.8594890125303492,0.0,0.0,1.0,0.0,12.765691290604371
-0.2979319835760286,-1.4357249968575718,0.9992521995314939,1.8594890125303492,0.0,0.0,1.0,0.0,13.122367377396328
-0.41104224581366405,-1.4357249968575718,0.9992521995314939,1.8594890125303492,0.0,0.0,1.0,0.0,13.122367377396328
-0.1348062677310023,-1.4307364340918167,0.9992521995314939,1.8594890125303492,0.0,0.0,1.0,0.0,13.122367377396328
0.13886615676718037,-1.4357249968575718,0.9992521995314939,1.8594890125303492,0.0,0.0,1.0,0.0,13.122365377402328
-0.43704400359909623,-1.4357249968575718,0.9992521995314939,1.8594890125303492,0.0,0.0,1.0,0.0,13.122365377402328
-0.275330858096538,-1.4357249968575718,0.9992521995314939,1.8594890125303492,0.0,0.0,1.0,0.0,13.1080636215005
-0.2647627392380726,-1.425747871326069,0.9992521995314939,1.8594890125303492,0.0,0.0,1.0,0.0,12.723976161813853
0.29754489190443667,-1.425747871326069,0.9992521995314939,1.8594890125303492,0.0,0.0,1.0,0.0,12.899222326086994
-0.34130312483181013,-1.4307364340918167,0.9992521995314939,1.8594890125303492,0.0,0.0,1.0,0.0,13.099915293972703
-0.41836668462646176,-1.4307364340918167,0.9992521995314939,1.8594890125303492,0.0,0.0,1.0,0.0,12.992029154097061
-0.7102978887365474,-1.4207593085603138,0.9992521995314939,1.8594890125303492,0.0,0.0,1.0,0.0,12.429220196836383
-0.5217459067270943,-1.4207593085603138,0.9992521995314939,1.8594890125303492,0.0,0.0,1.0,0.0,13.017005083966255
-0.6198933868185855,-1.425747871326069,0.9992521995314939,1.8594890125303492,0.0,0.0,1.0,0.0,12.812302081080515
-0.7782582174352932,-1.425747871326069,0.9992521995314939,1.8594890125303492,0.0,0.0,1.0,0.0,12.729323752253295
-0.30248359912398165,-1.425747871326069,0.9992521995314939,1.8594890125303492,0.0,0.0,1.0,0.0,12.313585343581135
-0.5846837630970643,-1.425747871326069,0.9992521995314939,1.8594890125303492,0.0,0.0,1.0,0.0,12.778466445824812
-0.09776553430628164,-1.425747871326069,0.9992521995314939,1.8594890125303492,0.0,0.0,1.0,0.0,12.945151145750263
0.6814501205352266,-1.4307364340918167,0.9992521995314939,1.8594890125303492,0.0,0.0,1.0,0.0,13.075064201159773
0.27844903357107076,-1.4307364340918167,0.9992521995314939,1.8594890125303492,0.0,0.0,1.0,0.0,12.899222326086994
1.5787461925230548,-1.4307364340918167,0.9945722444921922,0.7460346952256308,0.0,0.0,1.0,0.0,13.030030959662605
0.31977979544328705,-1.4307364340918167,0.9992521995314939,1.8594890125303492,0.0,0.0,1.0,0.0,13.122367377396328
0.2565803519728599,-1.4307364340918167,0.9992521995314939,1.8594890125303492,0.0,0.0,1.0,0.0,13.122367377396328
0.426350380169496,-1.4357249968575718,0.9945722444921922,1.7004241100582467,0.0,0.0,1.0,0.0,13.122367377396328
0.4035923024297313,-1.4357249968575718,0.9945722444921922,1.8594890125303492,0.0,0.0,1.0,0.0,13.017005083966255
-0.15761666289085827,-1.4357249968575718,0.9992521995314939,1.8594890125303492,0.0,0.0,1.0,0.0,13.122367377396328
0.32903997879946745,-1.4357249968575718,0.9992521995314939,1.8594890125303492,0.0,0.0,1.0,0.0,13.122367377396328
-1.4427940874364238,-1.415770745794559,1.0039321545707922,1.8594890125303492,0.0,0.0,1.0,0.0,10.915106645867503
-1.2665366991484526,-1.415770745794559,1.0039321545707922,1.8594890125303492,0.0,0.0,1.0,0.0,12.834683971615659
-0.007204080128045483,-1.415770745794559,1.0039321545707922,1.8594890125303492,0.0,0.0,1.0,0.0,12.765691290604371
-0.3385303015669652,-1.415770745794559,0.9992521995314939,1.8594890125303492,0.0,0.0,1.0,0.0,12.524530013005734
-0.66336916291455,-1.415770745794559,0.9992521995314939,1.8594890125303492,0.0,0.0,1.0,0.0,12.174587138384211
-0.6812094031657219,-1.4107821830288112,1.0039321545707922,0.2688399878093229,0.0,0.0,1.0,0.0,12.765691290604371
-0.2140671591694933,-1.415770745794559,0.9992521995314939,1.8594890125303492,0.0,0.0,1.0,0.0,12.429220196836383
-1.0590981284859993,-1.415770745794559,1.0039321545707922,1.8594890125303492,0.0,0.0,1.0,0.0,10.389026137075234
0.43644764224713845,-1.405793620263056,1.0039321545707922,-2.0376010980361654,0.0,0.0,1.0,0.0,12.524530013005734
-0.14260156332462282,-1.405793620263056,1.0039321545707922,-1.8785361955640627,0.0,0.0,1.0,0.0,12.141539457711714
0.4080916005575926,-1.405793620263056,1.0086121096100906,1.8594890125303492,0.0,0.0,1.0,0.0,12.765691290604371
-0.5678375538276292,-1.3958164947315534,1.0179720196886908,-0.20835471960698504,0.0,0.0,1.0,0.0,12.429220196836383
-1.1843460321848425,-1.4107821830288112,1.0039321545707922,1.8594890125303492,0.0,0.0,1.0,0.0,11.630717389475995
0.2718047212194614,-1.4107821830288112,0.9992521995314939,1.8594890125303492,0.0,0.0,1.0,0.0,12.323860125621126
-0.9529460831205219,-1.4207593085603138,0.9992521995314939,1.8594890125303492,0.0,0.0,1.0,0.0,11.998439434579149
-1.308599904901949,-1.4207593085603138,0.9992521995314939,1.8594890125303492,0.0,0.0,1.0,0.0,12.652362948153474
-1.328742111637143,-1.4207593085603138,0.9945722444921922,0.6665022439895795,0.0,0.0,1.0,0.0,12.323860125621126
-0.5738540571381419,-1.4207593085603138,0.9992521995314939,1.8594890125303492,0.0,0.0,1.0,0.0,12.765691290604371
-0.6805292767045334,-1.4207593085603138,0.9992521995314939,1.8594890125303492,0.0,0.0,1.0,0.0,12.691583538230217
-0.6989450085767109,-1.4207593085603138,0.9945722444921922,1.8594890125303492,0.0,0.0,1.0,0.0,12.429220196836383
-0.14291546784517126,-1.425747871326069,0.9992521995314939,1.8594890125303492,0.0,0.0,1.0,0.0,12.524530013005734
-0.026247621041319884,-1.425747871326069,0.9945722444921922,1.8594890125303492,0.0,0.0,1.0,0.0,12.429220196836383
-0.5391152901974434,-1.425747871326069,0.9945722444921922,1.8594890125303492,0.0,0.0,1.0,0.0,12.765691290604371
0.1809816799407679,-1.4307364340918167,0.9945722444921922,1.8594890125303492,0.0,0.0,1.0,0.0,12.79829667298306
0.38140971631097176,-1.4307364340918167,0.9945722444921922,0.10977508533722025,0.0,0.0,1.0,0.0,12.863854272251563
0.2338222742330952,-1.4307364340918167,0.9898922894528938,-0.04928981713488239,0.0,0.0,1.0,0.0,12.664133366307853
0.09089108254335428,-1.4307364340918167,0.9945722444921922,0.5074373415174769,0.0,0.0,1.0,0.0,12.955366200212811
0.7196941546220497,-1.4307364340918167,0.9945722444921922,1.7004241100582467,0.0,0.0,1.0,0.0,12.838941550538891
0.9141056876817412,-1.4357249968575718,0.9945722444921922,1.779956561294298,0.0,0.0,1.0,0.0,13.122367377396328
-0.2647627392380726,-1.4307364340918167,0.9945722444921922,1.8594890125303492,0.0,0.0,1.0,0.0,12.821260987319457
0.016548028593456287,-1.4307364340918167,0.9945722444921922,1.8594890125303492,0.0,0.0,1.0,0.0,12.821260987319457
0.626150607498603,-1.4307364340918167,0.9945722444921922,1.8594890125303492,0.0,0.0,1.0,0.0,12.91263197969655
-0.16258681779954257,-1.425747871326069,0.9945722444921922,1.8594890125303492,0.0,0.0,1.0,0.0,12.96524396190553
0.4571130231832468,-1.425747871326069,0.9945722444921922,1.8594890125303492,0.0,0.0,1.0,0.0,13.122367377396328
0.19913582471248825,-1.425747871326069,0.9945722444921922,1.8594890125303492,0.0,0.0,1.0,0.0,13.028933628481127
-0.27193022579059617,-1.425747871326069,0.9945722444921922,1.8594890125303492,0.0,0.0,1.0,0.0,12.86463096930887
-0.19413422211466486,-1.4207593085603138,0.9945722444921922,1.8594890125303492,0.0,0.0,1.0,0.0,12.87697677337675
-0.6257006204487324,-1.4207593085603138,0.9945722444921922,1.8594890125303492,0.0,0.0,1.0,0.0,13.102162710901053
-0.9644035981205413,-1.4207593085603138,0.9945722444921922,1.8594890125303492,0.0,0.0,1.0,0.0,12.323860125621126
-1.1647269996505627,-1.4207593085603138,0.9945722444921922,1.8594890125303492,0.0,0.0,1.0,0.0,12.487488878546145
-1.3047284158151844,-1.4207593085603138,0.9945722444921922,1.3822943051140413,0.0,0.0,1.0,0.0,12.26670197321789
-0.9141788748327848,-1.4207593085603138,0.9898922894528938,1.8594890125303492,0.0,0.0,1.0,0.0,12.429220196836383
-0.2587985533476514,-1.4207593085603138,0.9898922894528938,1.8594890125303492,0.0,0.0,1.0,0.0,12.47801017053037
-0.8784983943304411,-1.4207593085603138,0.9898922894528938,1.8594890125303492,0.0,0.0,1.0,0.0,12.524530013005734
-0.8598210753578064,-1.4207593085603138,0.9898922894528938,1.8594890125303492,0.0,0.0,1.0,0.0,12.429220196836383
-0.6063431750149095,-1.4207593085603138,0.9898922894528938,1.8594890125303492,0.0,0.0,1.0,0.0,12.611541086966115
-0.16881259079042085,-1.4207593085603138,0.9898922894528938,1.8594890125303492,0.0,0.0,1.0,0.0,12.899222326086994
-0.5080387426631441,-1.4207593085603138,0.9898922894528938,1.8594890125303492,0.0,0.0,1.0,0.0,12.899222326086994
-0.4584418284164843,-1.4207593085603138,0.9898922894528938,1.8594890125303492,0.0,0.0,1.0,0.0,12.524530013005734
-0.15761666289085827,-1.425747871326069,0.9898922894528938,1.8594890125303492,0.0,0.0,1.0,0.0,12.89119017455097
0.09743076005478102,-1.425747871326069,0.9898922894528938,1.8594890125303492,0.0,0.0,1.0,0.0,12.781564594766413
0.09444866710957045,-1.425747871326069,0.9898922894528938,1.8594890125303492,0.0,0.0,1.0,0.0,12.868505431408751
0.29063899245236996,-1.425747871326069,0.9945722444921922,1.8594890125303492,0.0,0.0,1.0,0.0,12.988834270491479
0.4804465925440171,-1.425747871326069,0.9898922894528938,1.8594890125303492,0.0,0.0,1.0,0.0,12.781564594766413
0.06473237249764777,-1.4307364340918167,0.9898922894528938,1.8594890125303492,0.0,0.0,1.0,0.0,12.834683971615659
-0.06370689382677157,-1.425747871326069,0.9898922894528938,1.8594890125303492,0.0,0.0,1.0,0.0,12.85761888243441
0.20426293188144687,-1.4307364340918167,0.9898922894528938,1.3822943051140413,0.0,0.0,1.0,0.0,12.733168193349542
0.6143268705579438,-1.4307364340918167,0.9898922894528938,1.8594890125303492,0.0,0.0,1.0,0.0,12.848981238461693
-0.1908905420689971,-1.425747871326069,0.9898922894528938,1.8594890125303492,0.0,0.0,1.0,0.0,12.758522821680685
0.5225097982975133,-1.425747871326069,0.9898922894528938,1.8594890125303492,0.0,0.0,1.0,0.0,12.799954585333216
0.03857366245194126,-1.425747871326069,0.9898922894528938,1.8594890125303492,0.0,0.0,1.0,0.0,12.759098194034383
-0.3207423787358848,-1.4207593085603138,0.9898922894528938,1.8594890125303492,0.0,0.0,1.0,0.0,12.631343648903034
0.4072545218361301,-1.4207593085603138,0.9852123344135953,1.8594890125303492,0.0,0.0,1.0,0.0,12.693735061569713
-0.4148614174803371,-1.4207593085603138,0.9852123344135953,1.8594890125303492,0.0,0.0,1.0,0.0,12.701076766795813
0.5981607877496966,-1.425747871326069,0.9852123344135953,1.8594890125303492,0.0,0.0,1.0,0.0,12.689427375855256
-0.05298182270803199,-1.425747871326069,0.9898922894528938,1.8594890125303492,0.0,0.0,1.0,0.0,12.694348933246843
0.6150593144392232,-1.425747871326069,0.9898922894528938,0.9050995976977334,0.0,0.0,1.0,0.0,12.78296967746187
0.35085634297758655,-1.4307364340918167,0.9898922894528938,-0.6060169757872417,0.0,0.0,1.0,0.0,12.923182904342333
0.2045245189819038,-1.4307364340918167,0.9852123344135953,-0.446952073315139,0.0,0.0,1.0,0.0,12.878764535855812
0.5032569877038731,-1.4307364340918167,0.9852123344135953,1.8594890125303492,0.0,0.0,1.0,0.0,12.594394985777612
0.3459385054889936,-1.4307364340918167,0.9852123344135953,-0.446952073315139,0.0,0.0,1.0,0.0,12.765691290604371
0.45381702571748755,-1.425747871326069,0.9852123344135953,1.8594890125303492,0.0,0.0,1.0,0.0,12.709876675502672
0.0043580697121568404,-1.425747871326069,0.9852123344135953,1.8594890125303492,0.0,0.0,1.0,0.0,12.716201026278735
0.7601355203527121,-1.425747871326069,0.9852123344135953,1.8594890125303492,0.0,0.0,1.0,0.0,12.614536585975857
0.6194016603068107,-1.425747871326069,0.9805323793742937,1.8594890125303492,0.0,0.0,1.0,0.0,12.607867693866968
0.6288187959232648,-1.425747871326069,0.9805323793742937,1.8594890125303492,0.0,0.0,1.0,0.0,12.646908114973671
-1.2491673156781036,-1.4008050574973012,0.9945722444921922,1.8594890125303492,0.0,0.0,1.0,0.0,13.017005083966255
0.06692970414148712,-1.405793620263056,0.9945722444921922,1.8594890125303492,0.0,0.0,1.0,0.0,12.246739428005663
-0.10529924279944525,-1.405793620263056,0.9945722444921922,1.8594890125303492,0.0,0.0,1.0,0.0,11.998439434579149
0.05018812971223487,-1.405793620263056,0.9945722444921922,1.8594890125303492,0.0,0.0,1.0,0.0,12.580738282084809
0.3293015658999244,-1.405793620263056,0.9945722444921922,1.8594890125303492,0.0,0.0,1.0,0.0,12.68106692573485
-0.08955169935192986,-1.405793620263056,0.9945722444921922,1.8594890125303492,0.0,0.0,1.0,0.0,12.443911687242986
-0.5275531403572411,-1.4107821830288112,0.9898922894528938,1.2232294026419388,0.0,0.0,1.0,0.0,12.402054638915242
0.12699010240642936,-1.4107821830288112,0.9945722444921922,1.8594890125303492,0.0,0.0,1.0,0.0,12.60585832282709
0.29362108539758053,-1.4107821830288112,0.9945722444921922,1.8594890125303492,0.0,0.0,1.0,0.0,12.676079399771027
0.27787354195006514,-1.4107821830288112,0.9945722444921922,1.8594890125303492,0.0,0.0,1.0,0.0,12.532858837800037
-0.9845458048557355,-1.415770745794559,0.9945722444921922,1.8594890125303492,0.0,0.0,1.0,0.0,12.47801017053037
-0.49443621343937655,-1.4107821830288112,0.9945722444921922,1.8594890125303492,0.0,0.0,1.0,0.0,12.384641335788151
-0.5560138168869699,-1.415770745794559,0.9945722444921922,1.8594890125303492,0.0,0.0,1.0,0.0,12.469593932696368
-0.24770726028827186,-1.415770745794559,0.9945722444921922,1.8594890125303492,0.0,0.0,1.0,0.0,12.360084744326953
-0.41318726003741185,-1.415770745794559,0.9945722444921922,1.8594890125303492,0.0,0.0,1.0,0.0,12.323860125621126
-0.6328157895811645,-1.415770745794559,0.9945722444921922,1.8594890125303492,0.0,0.0,1.0,0.0,12.691583538230217
-0.41794814526573054,-1.415770745794559,0.9945722444921922,1.8594890125303492,0.0,0.0,1.0,0.0,12.611541086966115
-0.30337299526553546,-1.415770745794559,0.9945722444921922,1.8594890125303492,0.0,0.0,1.0,0.0,12.487488878546145
-0.9514288779378709,-1.4107821830288112,0.9898922894528938,1.8594890125303492,0.0,0.0,1.0,0.0,12.276535769000125
-0.744565798896423,-1.415770745794559,0.9898922894528938,1.8594890125303492,0.0,0.0,1.0,0.0,12.34148164933907
-0.2458761505850725,-1.415770745794559,0.9898922894528938,1.8594890125303492,0.0,0.0,1.0,0.0,12.444699706243501
0.21598203398192353,-1.415770745794559,0.9898922894528938,1.8594890125303492,0.0,0.0,1.0,0.0,12.345838935721968
-0.6777041360195969,-1.415770745794559,0.9898922894528938,1.8594890125303492,0.0,0.0,1.0,0.0,12.450198520182342
-0.9646128678009069,-1.415770745794559,0.9898922894528938,1.8594890125303492,0.0,0.0,1.0,0.0,12.090106084085123
-0.7774211387138307,-1.415770745794559,0.9898922894528938,1.8594890125303492,0.0,0.0,1.0,0.0,12.37201495855807
-0.6395647367729569,-1.415770745794559,0.9898922894528938,-1.5604063906198575,0.0,0.0,1.0,0.0,12.237091546357338
-0.6837206393301096,-1.405793620263056,0.9852123344135953,1.064164500169836,0.0,0.0,1.0,0.0,12.211065162153215
-0.22447832576768442,-1.4107821830288112,0.9805323793742937,1.30276185387799,0.0,0.0,1.0,0.0,12.325636317135203
-0.6729432507912785,-1.4107821830288112,0.9852123344135953,1.30276185387799,0.0,0.0,1.0,0.0,12.263402433573614
-1.280767037413317,-1.4008050574973012,0.9805323793742937,-0.8446143294953956,0.0,0.0,1.0,0.0,11.852257893055606
-1.2885623330069376,-1.4008050574973012,0.9805323793742937,-1.0832116832035494,0.0,0.0,1.0,0.0,12.222934679005357
-0.8891711480290893,-1.405793620263056,0.9852123344135953,1.30276185387799,0.0,0.0,1.0,0.0,12.129736808912964
-0.6546321537592839,-1.4008050574973012,0.9805323793742937,-0.6855494270232929,0.0,0.0,1.0,0.0,12.141539457711714
-0.8944028900382305,-1.4008050574973012,0.9805323793742937,0.7460346952256308,0.0,0.0,1.0,0.0,12.174587138384211
-0.8653667218874962,-1.405793620263056,0.9805323793742937,1.3822943051140413,0.0,0.0,1.0,0.0,12.181272652174695
-0.5074632510421385,-1.405793620263056,0.9805323793742937,1.8594890125303492,0.0,0.0,1.0,0.0,12.165255859329688
-0.5315292642841886,-1.405793620263056,0.9805323793742937,1.8594890125303492,0.0,0.0,1.0,0.0,12.149507585033072
-0.6486679678688627,-1.4107821830288112,0.9805323793742937,1.541359207586144,0.0,0.0,1.0,0.0,12.202571523749763
-1.4459331326419085,-1.405793620263056,0.9758524243349953,-0.04928981713488239,0.0,0.0,1.0,0.0,12.237091546357338
-0.11278063387251733,-1.405793620263056,0.9758524243349953,1.30276185387799,0.0,0.0,1.0,0.0,12.166817131771358
-0.9039769779149591,-1.405793620263056,0.9758524243349953,1.8594890125303492,0.0,0.0,1.0,0.0,12.107913912447533
-0.049685825242272975,-1.415770745794559,0.9898922894528938,1.8594890125303492,0.0,0.0,1.0,0.0,12.52779738470044
0.13886615676718037,-1.415770745794559,0.9852123344135953,0.7460346952256308,0.0,0.0,1.0,0.0,12.509139512775626
0.43257615316037407,-1.415770745794559,0.9852123344135953,0.42790489028142553,0.0,0.0,1.0,0.0,12.449806748940393
-0.2453529763841582,-1.415770745794559,0.9898922894528938,1.8594890125303492,0.0,0.0,1.0,0.0,12.447845587147512
-0.14914124083604932,-1.415770745794559,0.9898922894528938,1.8594890125303492,0.0,0.0,1.0,0.0,12.55989703048335
-0.10859524026520426,-1.415770745794559,0.9852123344135953,1.541359207586144,0.0,0.0,1.0,0.0,12.721888795877375
-1.0096581664996138,-1.415770745794559,0.9852123344135953,1.8594890125303492,0.0,0.0,1.0,0.0,12.425212191503038
0.8789483813803116,-1.415770745794559,0.9852123344135953,1.8594890125303492,0.0,0.0,1.0,0.0,12.432415074973783
0.1804585057398536,-1.4207593085603138,0.9852123344135953,1.8594890125303492,0.0,0.0,1.0,0.0,12.510984184596735
0.08518848375339053,-1.4207593085603138,0.9852123344135953,1.8594890125303492,0.0,0.0,1.0,0.0,12.5421912482017
0.005299783273802407,-1.4207593085603138,0.9852123344135953,1.8594890125303492,0.0,0.0,1.0,0.0,12.547180549395199
-0.4630980788046201,-1.4207593085603138,0.9852123344135953,1.8594890125303492,0.0,0.0,1.0,0.0,12.48332931179837
-0.27245339999151025,-1.4207593085603138,0.9898922894528938,1.8594890125303492,0.0,0.0,1.0,0.0,12.524530013005734
-0.311272925699339,-1.415770745794559,0.9852123344135953,1.4618267563500926,0.0,0.0,1.0,0.0,12.34409829881876
-0.12209313464878878,-1.415770745794559,0.9852123344135953,1.8594890125303492,0.0,0.0,1.0,0.0,12.345838935721968
-0.5170373389188672,-1.4207593085603138,0.9805323793742937,1.7004241100582467,0.0,0.0,1.0,0.0,12.414715569074824
-0.2186710921375376,-1.4207593085603138,0.9852123344135953,1.8594890125303492,0.0,0.0,1.0,0.0,12.392141339694389
-0.8201121535084238,-1.4207593085603138,0.9852123344135953,1.8594890125303492,0.0,0.0,1.0,0.0,12.463041612288443
0.22822431028331405,-1.4207593085603138,0.9852123344135953,1.8594890125303492,0.0,0.0,1.0,0.0,12.400820837540556
-0.2840678672518041,-1.4207593085603138,0.9805323793742937,1.8594890125303492,0.0,0.0,1.0,0.0,12.585539372236147
0.419758385237978,-1.425747871326069,0.9805323793742937,1.8594890125303492,0.0,0.0,1.0,0.0,12.480673277818179
-0.10822901832456429,-1.425747871326069,0.9805323793742937,1.8594890125303492,0.0,0.0,1.0,0.0,12.526346537332584
-0.106921082822279,-1.425747871326069,0.9758524243349953,1.541359207586144,0.0,0.0,1.0,0.0,12.467671232325932
0.22822431028331405,-1.4307364340918167,0.9758524243349953,1.8594890125303492,0.0,0.0,1.0,0.0,12.495756463152594
0.2686656760139765,-1.4307364340918167,0.9805323793742937,1.8594890125303492,0.0,0.0,1.0,0.0,12.506180941677357
0.5996256755122565,-1.4307364340918167,0.9805323793742937,1.8594890125303492,0.0,0.0,1.0,0.0,12.475721848739754
0.07163827194971448,-1.4207593085603138,0.9805323793742937,1.3822943051140413,0.0,0.0,1.0,0.0,12.343226842865814
0.3917162480689803,-1.4207593085603138,0.9805323793742937,0.5074373415174769,0.0,0.0,1.0,0.0,12.540045332306379
0.3665515690050107,-1.4207593085603138,0.9805323793742937,0.5074373415174769,0.0,0.0,1.0,0.0,12.447060044238079
-0.23708682400971512,-1.415770745794559,0.9805323793742937,1.064164500169836,0.0,0.0,1.0,0.0,12.346708119309138
-0.20894005200053467,-1.4107821830288112,0.9805323793742937,1.7004241100582467,0.0,0.0,1.0,0.0,12.382967001677175
-0.7919653814992436,-1.4107821830288112,0.9805323793742937,1.064164500169836,0.0,0.0,1.0,0.0,12.358798024384122
-0.04853484200026178,-1.415770745794559,0.9805323793742937,1.8594890125303492,0.0,0.0,1.0,0.0,12.510984184596735
0.09832015619633483,-1.415770745794559,0.9805323793742937,0.9846320489337848,0.0,0.0,1.0,0.0,12.515397562803473
0.10559227758904151,-1.4207593085603138,0.9805323793742937,1.541359207586144,0.0,0.0,1.0,0.0,12.430419472617638
0.2045245189819038,-1.4107821830288112,0.9758524243349953,1.4618267563500926,0.0,0.0,1.0,0.0,12.29865638469802
-0.9195152516821089,-1.4107821830288112,0.9758524243349953,0.6665022439895795,0.0,0.0,1.0,0.0,12.385477452742727
-0.006262366566399917,-1.415770745794559,0.9805323793742937,0.3483724390453742,0.0,0.0,1.0,0.0,12.528884140515583
0.4944676611285157,-1.415770745794559,0.9758524243349953,0.5074373415174769,0.0,0.0,1.0,0.0,12.400409231902334
0.09523342841094168,-1.415770745794559,0.9758524243349953,0.2688399878093229,0.0,0.0,1.0,0.0,12.37243841643669
0.06844690932413829,-1.4207593085603138,0.9758524243349953,0.6665022439895795,0.0,0.0,1.0,0.0,12.40779233605911
-0.10964158866703241,-1.425747871326069,0.9758524243349953,1.7004241100582467,0.0,0.0,1.0,0.0,12.439566447718878
-0.09823639108710443,-1.425747871326069,0.9758524243349953,1.6208916588221953,0.0,0.0,1.0,0.0,12.445093483000798
-0.0867265586669934,-1.425747871326069,0.9758524243349953,1.8594890125303492,0.0,0.0,1.0,0.0,12.431218191515056
-0.02556749458013147,-1.4307364340918167,0.9758524243349953,1.8594890125303492,0.0,0.0,1.0,0.0,12.437188334739655
-0.4528438644667031,-1.425747871326069,0.9758524243349953,1.8594890125303492,0.0,0.0,1.0,0.0,12.396697137361691
0.008962002680201392,-1.425747871326069,0.9805323793742937,1.8594890125303492,0.0,0.0,1.0,0.0,12.436394371990376
-0.3650029161332204,-1.425747871326069,0.9805323793742937,1.8594890125303492,0.0,0.0,1.0,0.0,12.313136210176474
-0.21752010889552642,-1.4307364340918167,0.9758524243349953,1.6208916588221953,0.0,0.0,1.0,0.0,12.487488878546145
0.04197429475788309,-1.4307364340918167,0.9758524243349953,1.541359207586144,0.0,0.0,1.0,0.0,12.500609917318906
0.22356805989517842,-1.4357249968575718,0.9758524243349953,1.8594890125303492,0.0,0.0,1.0,0.0,12.475339952160343
0.26594517016922287,-1.4357249968575718,0.9711724692956969,1.3822943051140413,0.0,0.0,0.0,1.0,12.508400690203496
-0.009401411771884827,-1.4357249968575718,0.9711724692956969,1.8594890125303492,0.0,0.0,0.0,1.0,12.474575721187843
0.021151961561500607,-1.4357249968575718,0.9711724692956969,0.9846320489337848,0.0,0.0,0.0,1.0,12.403286919899765
0.09335000128765102,-1.4407135596233196,0.9711724692956969,1.8594890125303492,0.0,0.0,0.0,1.0,12.413903554462665
0.06473237249764777,-1.4407135596233196,0.9711724692956969,1.4618267563500926,0.0,0.0,0.0,1.0,12.352771342460947
0.3263194729547138,-1.425747871326069,0.9711724692956969,0.5074373415174769,0.0,0.0,1.0,0.0,12.494633082107216
0.07697464879903827,-1.425747871326069,0.9711724692956969,1.8594890125303492,0.0,0.0,1.0,0.0,12.493133274926212
-0.358620190882068,-1.425747871326069,0.9711724692956969,1.8594890125303492,0.0,0.0,1.0,0.0,12.451372913840931
0.010217620762395171,-1.4307364340918167,0.9758524243349953,1.8594890125303492,0.0,0.0,1.0,0.0,12.419977652611005
0.0420789295980659,-1.4307364340918167,0.9711724692956969,1.8594890125303492,0.0,0.0,1.0,0.0,12.435202244657168
0.7926246382294798,-1.4307364340918167,0.9711724692956969,1.3822943051140413,0.0,0.0,1.0,0.0,12.424810506025395
0.598422374850154,-1.4307364340918167,0.9711724692956969,0.18930753657327157,0.0,0.0,1.0,0.0,12.484086884722583
-0.16881259079042085,-1.4357249968575718,0.9711724692956969,0.42790489028142553,0.0,0.0,0.0,1.0,12.433212202169729
-0.442066475927872,-1.4107821830288112,0.9758524243349953,0.9050995976977334,0.0,0.0,1.0,0.0,12.297288089699112
-0.43390495839361154,-1.4107821830288112,0.9711724692956969,0.9050995976977334,0.0,0.0,1.0,0.0,12.380030154325457
-0.20873078232016903,-1.415770745794559,0.9711724692956969,1.4618267563500926,0.0,0.0,1.0,0.0,12.329621250524813
-1.3860820040573318,-1.415770745794559,0.9711724692956969,-0.04928981713488239,0.0,0.0,1.0,0.0,12.111217862017215
0.5840350843250155,-1.415770745794559,0.9711724692956969,0.9050995976977334,0.0,0.0,1.0,0.0,12.273268570141383
-0.19947059896398886,-1.415770745794559,0.9711724692956969,1.6208916588221953,0.0,0.0,1.0,0.0,12.291337080838684
0.20740197708693178,-1.4107821830288112,0.9758524243349953,1.4618267563500926,0.0,0.0,1.0,0.0,12.39628383052922
-0.1740966502196536,-1.4357249968575718,0.9992521995314939,1.8594890125303492,0.0,0.0,1.0,0.0,12.53753592969685
-0.22139159798229102,-1.4407135596233196,0.9945722444921922,1.8594890125303492,0.0,0.0,1.0,0.0,12.934348041772452
-0.06606117773088525,-1.4407135596233196,0.9992521995314939,1.8594890125303492,0.0,0.0,1.0,0.0,12.984711507260117
0.02811017843365861,-1.4407135596233196,0.9945722444921922,1.8594890125303492,0.0,0.0,1.0,0.0,12.873904582205107
-0.15793056741140693,-1.4357249968575718,0.9945722444921922,0.18930753657327157,0.0,0.0,1.0,0.0,13.122365377402328
1.1966720735954637,-1.4407135596233196,0.9945722444921922,-0.04928981713488239,0.0,0.0,1.0,0.0,12.815025386894042
0.3447352048268911,-1.4407135596233196,0.9898922894528938,-0.20835471960698504,0.0,0.0,1.0,0.0,12.832548365186273
-0.46372588784571706,-1.4457021223890745,0.9945722444921922,1.8594890125303492,0.0,0.0,1.0,0.0,12.915341667991576
-0.6712167759282617,-1.4457021223890745,0.9945722444921922,1.8594890125303492,0.0,0.0,1.0,0.0,12.792750362443366
-0.3182834599915883,-1.4457021223890745,0.9945722444921922,1.6208916588221953,0.0,0.0,1.0,0.0,12.753329518587048
0.1062200866301384,-1.4457021223890745,0.9945722444921922,1.8594890125303492,0.0,0.0,1.0,0.0,12.633628610612188
-0.5258789829143158,-1.4457021223890745,0.9945722444921922,1.541359207586144,0.0,0.0,1.0,0.0,12.705638110993434
-0.3494646423660706,-1.4457021223890745,0.9945722444921922,0.9050995976977334,0.0,0.0,1.0,0.0,12.706850963741102
-0.28898570474039686,-1.4457021223890745,0.9945722444921922,1.8594890125303492,0.0,0.0,1.0,0.0,12.765691290604371
-0.12643548051637618,-1.4457021223890745,0.9945722444921922,0.8255671464616822,0.0,0.0,1.0,0.0,12.73080413304066
0.2903250879318213,-1.4457021223890745,0.9898922894528938,1.30276185387799,0.0,0.0,1.0,0.0,12.796636007394284
0.06938862288578337,-1.4457021223890745,0.9898922894528938,1.779956561294298,0.0,0.0,1.0,0.0,12.785493861878301
0.6869434496448251,-1.4457021223890745,0.9945722444921922,0.42790489028142553,0.0,0.0,1.0,0.0,12.948726400243292
0.3234943322697776,-1.4457021223890745,0.9945722444921922,1.541359207586144,0.0,0.0,1.0,0.0,12.789965628771702
1.014345864576889,-1.4407135596233196,0.9898922894528938,1.8594890125303492,0.0,0.0,1.0,0.0,13.122367377396328
3.5997681306543465,-1.4407135596233196,0.9898922894528938,1.8594890125303492,0.0,0.0,1.0,0.0,13.122367377396328
2.8691030416576697,-1.4457021223890745,0.9898922894528938,1.779956561294298,0.0,0.0,1.0,0.0,13.122367377396328
1.1943701071114419,-1.4457021223890745,0.9898922894528938,1.3822943051140413,0.0,0.0,1.0,0.0,12.852392858588416
0.38235142987261733,-1.4457021223890745,0.9898922894528938,1.8594890125303492,0.0,0.0,1.0,0.0,12.729027412930751
0.10899290989498335,-1.4457021223890745,0.9852123344135953,1.8594890125303492,0.0,0.0,1.0,0.0,12.717700947064154
1.1254157474309592,-1.4357249968575718,0.9898922894528938,0.5869697927535281,0.0,0.0,1.0,0.0,12.762830066509972
0.5617478633660733,-1.4357249968575718,0.9898922894528938,0.5869697927535281,0.0,0.0,1.0,0.0,12.684171544482453
-0.4163786226629881,-1.4357249968575718,0.9898922894528938,0.5074373415174769,0.0,0.0,1.0,0.0,12.655238799709434
1.392129955056984,-1.4407135596233196,0.9898922894528938,1.8594890125303492,0.0,0.0,1.0,0.0,12.884108726347916
0.2609226978404473,-1.4357249968575718,0.9852123344135953,1.8594890125303492,0.0,0.0,1.0,0.0,12.764261701882237
1.2450656871800212,-1.4407135596233196,0.9852123344135953,1.779956561294298,0.0,0.0,1.0,0.0,12.973865689268807
0.6343121250328635,-1.4357249968575718,0.9852123344135953,1.3822943051140413,0.0,0.0,1.0,0.0,12.722187257904775
0.8820351091657048,-1.4307364340918167,0.9805323793742937,1.1436969514058875,0.0,0.0,1.0,0.0,12.655876756228816
1.2172851371114808,-1.4357249968575718,0.9852123344135953,0.7460346952256308,0.0,0.0,1.0,0.0,12.75650640739071
0.7951358743938673,-1.4407135596233196,0.9852123344135953,1.8594890125303492,0.0,0.0,1.0,0.0,12.940604062522764
3.7055016366590925,-1.4407135596233196,0.9852123344135953,1.8594890125303492,0.0,0.0,1.0,0.0,13.122367377396328
0.9429849035722013,-1.4457021223890745,0.9852123344135953,1.8594890125303492,0.0,0.0,1.0,0.0,12.803812391556706
0.5636836079094557,-1.4457021223890745,0.9852123344135953,1.8594890125303492,0.0,0.0,1.0,0.0,12.80929785378815
2.0776974279348623,-1.4407135596233196,0.9805323793742937,1.8594890125303492,0.0,0.0,1.0,0.0,13.122367377396328
1.4892310867466467,-1.4407135596233196,0.9758524243349953,1.8594890125303492,0.0,0.0,0.0,1.0,12.912138519270698
1.071581122156895,-1.4457021223890745,0.9805323793742937,1.8594890125303492,0.0,0.0,0.0,1.0,13.091081150920006
3.5493341376862246,-1.4457021223890745,0.9805323793742937,1.7004241100582467,0.0,0.0,0.0,1.0,13.122367377396328
1.06472754012492,-1.4457021223890745,0.9758524243349953,1.3822943051140413,0.0,0.0,0.0,1.0,12.896719202134523
1.5464663443266529,-1.4407135596233196,0.9805323793742937,1.8594890125303492,0.0,0.0,1.0,0.0,12.884362500606924
0.6526755394849495,-1.4357249968575718,0.9805323793742937,1.8594890125303492,0.0,0.0,1.0,0.0,12.722187257904775
0.6971453465626507,-1.4407135596233196,0.9805323793742937,1.8594890125303492,0.0,0.0,1.0,0.0,12.74898106804298
0.4734883756718591,-1.4307364340918167,0.9805323793742937,0.8255671464616822,0.0,0.0,1.0,0.0,12.526346537332584
-0.023997971977389013,-1.4307364340918167,0.9805323793742937,1.8594890125303492,0.0,0.0,1.0,0.0,12.473810905719647
-0.3303687840327047,-1.4357249968575718,0.9805323793742937,1.8594890125303492,0.0,0.0,1.0,0.0,12.492006941510096
0.6210758177497356,-1.4357249968575718,0.9805323793742937,1.8594890125303492,0.0,0.0,1.0,0.0,12.484465456074554
0.16580962811425812,-1.4307364340918167,0.9805323793742937,1.3822943051140413,0.0,0.0,1.0,0.0,12.503213591456063
0.17810422183574037,-1.4357249968575718,0.9758524243349953,1.8594890125303492,0.0,0.0,1.0,0.0,12.354065835437861
0.4384357042106122,-1.4357249968575718,0.9758524243349953,1.3822943051140413,0.0,0.0,1.0,0.0,12.298200494359103
0.3132401179318603,-1.4357249968575718,0.9758524243349953,1.4618267563500926,0.0,0.0,1.0,0.0,12.306827069415759
-0.11414088679489391,-1.4357249968575718,0.9758524243349953,1.779956561294298,0.0,0.0,1.0,0.0,12.323860125621126
-0.29060754476323064,-1.4407135596233196,0.9758524243349953,1.4618267563500926,0.0,0.0,0.0,1.0,12.382547979752006
0.10967303635617152,-1.4407135596233196,0.9758524243349953,1.6208916588221953,0.0,0.0,0.0,1.0,12.339733404786474
-0.3080292456536713,-1.4407135596233196,0.9758524243349953,1.541359207586144,0.0,0.0,0.0,1.0,12.308182383129823
0.1094637666758059,-1.4407135596233196,0.9758524243349953,1.30276185387799,0.0,0.0,0.0,1.0,12.405337353054348
-0.18869321042515777,-1.4457021223890745,0.9711724692956969,1.064164500169836,0.0,0.0,0.0,1.0,12.385895249206726
-0.7026072279831097,-1.4457021223890745,0.9758524243349953,1.1436969514058875,0.0,0.0,0.0,1.0,12.385477452742727
-0.4584418284164843,-1.4457021223890745,0.9758524243349953,1.3822943051140413,0.0,0.0,0.0,1.0,12.415932356015515
0.3740852774981743,-1.4457021223890745,0.9758524243349953,1.6208916588221953,0.0,0.0,0.0,1.0,12.467286248240269
-0.5045334755170192,-1.4357249968575718,0.9758524243349953,1.30276185387799,0.0,0.0,1.0,0.0,12.34104487465108
0.19876960277184827,-1.4357249968575718,0.9711724692956969,1.30276185387799,0.0,0.0,0.0,1.0,12.308633746480464
0.13829066514617477,-1.4407135596233196,0.9711724692956969,1.8594890125303492,0.0,0.0,0.0,1.0,12.299112067295642
-0.5238386035307508,-1.4407135596233196,0.9711724692956969,1.6208916588221953,0.0,0.0,0.0,1.0,12.323860125621126
-0.4216626820922208,-1.4407135596233196,0.9758524243349953,0.6665022439895795,0.0,0.0,0.0,1.0,12.263402433573614
0.05207155683552577,-1.4506906851548296,0.9945722444921922,1.541359207586144,0.0,0.0,1.0,0.0,12.76168328068127
-0.31456892316509805,-1.4506906851548296,0.9945722444921922,1.541359207586144,0.0,0.0,1.0,0.0,12.713194418501526
0.017489742155101618,-1.4506906851548296,0.9945722444921922,1.8594890125303492,0.0,0.0,1.0,0.0,12.68788440854703
0.1158464919269583,-1.4506906851548296,0.9945722444921922,1.7004241100582467,0.0,0.0,1.0,0.0,12.682620439940363
0.1378198083653522,-1.4506906851548296,0.9945722444921922,1.8594890125303492,0.0,0.0,1.0,0.0,12.710782606695746
0.2789198903518933,-1.4506906851548296,0.9945722444921922,1.8594890125303492,0.0,0.0,1.0,0.0,12.72516698901374
1.0114684064718609,-1.4556792479205773,0.9945722444921922,1.8594890125303492,0.0,0.0,1.0,0.0,12.736115431123231
-0.14929819309632367,-1.4556792479205773,0.9945722444921922,1.8594890125303492,0.0,0.0,1.0,0.0,12.710480720812354
0.08518848375339053,-1.4556792479205773,0.9945722444921922,1.8594890125303492,0.0,0.0,1.0,0.0,12.714999467712902
-0.18231048517400536,-1.4556792479205773,0.9945722444921922,1.541359207586144,0.0,0.0,1.0,0.0,12.736115431123231
0.2727987522011983,-1.4556792479205773,0.9945722444921922,1.6208916588221953,0.0,0.0,1.0,0.0,12.775924437795926
0.23638582781757453,-1.4556792479205773,0.9945722444921922,1.6208916588221953,0.0,0.0,1.0,0.0,12.685720246824822
0.27400205286330076,-1.4506906851548296,0.9898922894528938,1.779956561294298,0.0,0.0,1.0,0.0,12.67106687365095
0.24224537886781264,-1.4506906851548296,0.9898922894528938,1.8594890125303492,0.0,0.0,1.0,0.0,12.66855115696477
-0.09959664400948103,-1.4506906851548296,0.9852123344135953,1.8594890125303492,0.0,0.0,0.0,1.0,12.650120442784763
-0.05381890142949451,-1.4506906851548296,0.9898922894528938,1.541359207586144,0.0,0.0,1.0,0.0,12.659378260676938
0.46773345946180356,-1.4506906851548296,0.9898922894528938,1.8594890125303492,0.0,0.0,1.0,0.0,12.709876675502672
-0.0733332991235917,-1.4556792479205773,0.9898922894528938,1.541359207586144,0.0,0.0,0.0,1.0,12.67670420258797
-0.08939474709165553,-1.4556792479205773,0.9898922894528938,1.4618267563500926,0.0,0.0,0.0,1.0,12.639480363813412
0.4851551603522445,-1.4556792479205773,0.9898922894528938,1.30276185387799,0.0,0.0,0.0,1.0,12.60418075718477
0.02314002352497432,-1.4556792479205773,0.9898922894528938,1.1436969514058875,0.0,0.0,0.0,1.0,12.673262946075276
-0.06281749768521752,-1.4556792479205773,0.9898922894528938,1.541359207586144,0.0,0.0,0.0,1.0,12.679822374374929
0.5102675219961228,-1.4556792479205773,0.9898922894528938,1.8594890125303492,0.0,0.0,0.0,1.0,12.68788440854703
-0.2186710921375376,-1.4556792479205773,0.9852123344135953,1.8594890125303492,0.0,0.0,0.0,1.0,12.68013365745516
0.07561439587666191,-1.4506906851548296,0.9852123344135953,1.8594890125303492,0.0,0.0,0.0,1.0,12.685720246824822
0.13326819281739918,-1.4506906851548296,0.9852123344135953,1.8594890125303492,0.0,0.0,0.0,1.0,12.658106404454157
0.02476186354780807,-1.4506906851548296,0.9852123344135953,1.8594890125303492,0.0,0.0,0.0,1.0,12.721888795877375
1.2493033982074255,-1.4556792479205773,0.9805323793742937,1.541359207586144,0.0,0.0,0.0,1.0,12.991117371293484
0.2692411676349821,-1.4556792479205773,0.9852123344135953,1.8594890125303492,0.0,0.0,0.0,1.0,12.668865967876197
0.36524363350272515,-1.4556792479205773,0.9852123344135953,1.8594890125303492,0.0,0.0,0.0,1.0,12.66096580954966
0.6758521565854454,-1.4506906851548296,0.9805323793742937,1.8594890125303492,0.0,0.0,0.0,1.0,13.122367377396328
0.6920705568137834,-1.4556792479205773,0.9805323793742937,0.8255671464616822,0.0,0.0,0.0,1.0,12.819638053836195
0.023872467406254025,-1.4556792479205773,0.9805323793742937,0.6665022439895795,0.0,0.0,0.0,1.0,12.979187915595174
0.9124838476589074,-1.4556792479205773,0.9805323793742937,0.5869697927535281,0.0,0.0,0.0,1.0,12.914603389966848
-0.3873424545122538,-1.4506906851548296,0.9805323793742937,0.7460346952256308,0.0,0.0,0.0,1.0,12.765691290604371
-0.35072026044826443,-1.4457021223890745,0.9758524243349953,1.4618267563500926,0.0,0.0,0.0,1.0,12.765691290604371
-0.18136877161236004,-1.4506906851548296,0.9711724692956969,1.1436969514058875,0.0,0.0,0.0,1.0,12.899222326086994
0.12311861331966499,-1.4506906851548296,0.9758524243349953,1.30276185387799,0.0,0.0,0.0,1.0,12.141539457711714
-0.33701309638431426,-1.4506906851548296,0.9758524243349953,1.3822943051140413,0.0,0.0,0.0,1.0,11.630717389475995
-0.0878775419090046,-1.4606678106863322,0.9945722444921922,1.8594890125303492,0.0,0.0,0.0,1.0,12.636883811223605
-0.3848835357679573,-1.4606678106863322,0.9945722444921922,1.1436969514058875,0.0,0.0,0.0,1.0,12.664133366307853
0.34353190416478857,-1.4606678106863322,0.9945722444921922,1.3822943051140413,0.0,0.0,0.0,1.0,12.538253544662647
0.13897079160736295,-1.4606678106863322,0.9898922894528938,1.30276185387799,0.0,0.0,0.0,1.0,12.582798715298532
0.11626503128768956,-1.4606678106863322,0.9898922894528938,1.1436969514058875,0.0,0.0,0.0,1.0,12.553912171868914
-0.5396384643983575,-1.4656563734520873,0.9945722444921922,1.1436969514058875,0.0,0.0,0.0,1.0,12.502098561104633
-0.43411422807397715,-1.4656563734520873,0.9945722444921922,1.1436969514058875,0.0,0.0,0.0,1.0,12.521616693076714
-0.3123715915212587,-1.4656563734520873,0.9945722444921922,0.9050995976977334,0.0,0.0,0.0,1.0,12.471512943383113
0.2030596312193444,-1.4606678106863322,0.9945722444921922,1.3822943051140413,0.0,0.0,0.0,1.0,12.557085087723449
-0.2809288220463192,-1.4606678106863322,0.9945722444921922,1.30276185387799,0.0,0.0,0.0,1.0,12.514663351075232
0.2666252966304115,-1.4606678106863322,0.9898922894528938,1.30276185387799,0.0,0.0,0.0,1.0,12.506921405463638
-0.20109243898682286,-1.4606678106863322,0.9898922894528938,1.2232294026419388,0.0,0.0,0.0,1.0,12.512825459868276
0.04380540446108247,-1.480622061749345,0.9945722444921922,1.30276185387799,0.0,0.0,0.0,1.0,12.514296042962041
-0.4776946390101243,-1.4606678106863322,0.9898922894528938,1.2232294026419388,0.0,0.0,0.0,1.0,12.564798983919784
-0.041524307708012485,-1.4606678106863322,0.9852123344135953,0.9050995976977334,0.0,0.0,0.0,1.0,12.60418075718477
-0.06334067188613182,-1.4606678106863322,0.9852123344135953,1.30276185387799,0.0,0.0,0.0,1.0,12.600143080224452
0.9450252829557664,-1.4556792479205773,0.9852123344135953,1.2232294026419388,0.0,0.0,0.0,1.0,12.611541086966115
-0.19685472795941827,-1.4606678106863322,0.9852123344135953,1.2232294026419388,0.0,0.0,0.0,1.0,12.52707222413625
-0.0006644026166187388,-1.4606678106863322,0.9852123344135953,1.2232294026419388,0.0,0.0,0.0,1.0,12.52707222413625
0.07608525265748446,-1.4606678106863322,0.9898922894528938,1.3822943051140413,0.0,0.0,0.0,1.0,12.51503052432271
0.09743076005478102,-1.4606678106863322,0.9852123344135953,1.2232294026419388,0.0,0.0,0.0,1.0,12.516497870633875
0.04291600831952842,-1.4606678106863322,0.9852123344135953,1.064164500169836,0.0,0.0,0.0,1.0,12.519791548657462
0.2536505764477411,-1.4606678106863322,0.9852123344135953,1.2232294026419388,0.0,0.0,0.0,1.0,12.499119054168606
0.1581712847809119,-1.480622061749345,0.9852123344135953,1.064164500169836,0.0,0.0,0.0,1.0,12.510246724155719
0.11856699777171195,-1.4407135596233196,1.0086121096100906,1.8594890125303492,0.0,0.0,1.0,0.0,13.122367377396328
-0.04581433615550836,-1.4407135596233196,1.0039321545707922,1.8594890125303492,0.0,0.0,1.0,0.0,13.122367377396328
-0.5928452806313248,-1.4457021223890745,1.0039321545707922,1.779956561294298,0.0,0.0,1.0,0.0,12.634931962691928
-0.07694320110989916,-1.4457021223890745,1.0039321545707922,1.8594890125303492,0.0,0.0,1.0,0.0,12.940124217215681
0.4571130231832468,-1.4457021223890745,1.0086121096100906,1.8594890125303492,0.0,0.0,1.0,0.0,13.122367377396328
-0.556536991087884,-1.4457021223890745,1.0086121096100906,1.8594890125303492,0.0,0.0,1.0,0.0,13.122367377396328
0.048409337429126786,-1.4457021223890745,1.0086121096100906,1.8594890125303492,0.0,0.0,1.0,0.0,13.08839492693925
-0.18529257811921593,-1.4457021223890745,1.0039321545707922,1.8594890125303492,0.0,0.0,1.0,0.0,13.002004276539308
0.13478539800004988,-1.4457021223890745,1.0039321545707922,1.8594890125303492,0.0,0.0,1.0,0.0,12.890181604139126
-0.39095235649856125,-1.4506906851548296,1.0039321545707922,1.541359207586144,0.0,0.0,1.0,0.0,12.834683971615659
0.12479277076259002,-1.4506906851548296,1.0086121096100906,1.8594890125303492,0.0,0.0,1.0,0.0,13.0341898708582
-0.37196113300537836,-1.4506906851548296,1.0039321545707922,1.2232294026419388,0.0,0.0,1.0,0.0,12.72278391485369
-0.3523421004710984,-1.4556792479205773,1.0039321545707922,0.2688399878093229,0.0,0.0,1.0,0.0,12.685101053675606
-0.13679432969447602,-1.4556792479205773,1.0039321545707922,1.3822943051140413,0.0,0.0,1.0,0.0,12.771957314336067
2.7790124442602564,-1.4506906851548296,1.0086121096100906,1.8594890125303492,0.0,0.0,1.0,0.0,13.122367377396328
1.1846913843945301,-1.4556792479205773,1.0086121096100906,1.8594890125303492,0.0,0.0,1.0,0.0,13.122367377396328
3.5730339289876345,-1.4556792479205773,1.0086121096100906,1.8594890125303492,0.0,0.0,1.0,0.0,13.122367377396328
-0.23682523690925797,-1.4407135596233196,1.0039321545707922,1.8594890125303492,0.0,0.0,1.0,0.0,12.839472475608636
-0.21752010889552642,-1.4407135596233196,1.0039321545707922,1.8594890125303492,0.0,0.0,1.0,0.0,12.998388461562133
-0.33308928987745834,-1.4407135596233196,1.0039321545707922,1.8594890125303492,0.0,0.0,1.0,0.0,12.834683971615659
-0.5341451352887591,-1.4407135596233196,1.0039321545707922,1.8594890125303492,0.0,0.0,1.0,0.0,12.795804639274813
0.032033984940514515,-1.4407135596233196,0.9992521995314939,1.8594890125303492,0.0,0.0,1.0,0.0,12.906446153181818
0.15027135434710837,-1.4457021223890745,0.9992521995314939,1.8594890125303492,0.0,0.0,1.0,0.0,12.895214314729591
0.09884333039724914,-1.4457021223890745,1.0039321545707922,1.8594890125303492,0.0,0.0,1.0,0.0,12.951102821569798
-0.35438247985466337,-1.4457021223890745,1.0039321545707922,1.8594890125303492,0.0,0.0,1.0,0.0,13.010092372556095
-0.385615979649237,-1.4457021223890745,1.0039321545707922,1.8594890125303492,0.0,0.0,1.0,0.0,12.953710378795629
0.07561439587666191,-1.4457021223890745,1.0039321545707922,1.8594890125303492,0.0,0.0,1.0,0.0,12.935071890944245
0.16183350418731068,-1.4457021223890745,1.0039321545707922,1.8594890125303492,0.0,0.0,1.0,0.0,12.910903801827052
-0.010029220812981717,-1.4457021223890745,0.9992521995314939,1.8594890125303492,0.0,0.0,1.0,0.0,12.812302081080515
-0.2029758661101135,-1.4506906851548296,1.0039321545707922,1.8594890125303492,0.0,0.0,1.0,0.0,12.72843447070449
0.17878434829692855,-1.4506906851548296,1.0039321545707922,1.8594890125303492,0.0,0.0,1.0,0.0,12.88360098454402
0.007130892977001784,-1.4506906851548296,0.9992521995314939,1.8594890125303492,0.0,0.0,1.0,0.0,12.761396378619057
-0.15160015958034584,-1.4506906851548296,1.0039321545707922,1.8594890125303492,0.0,0.0,1.0,0.0,12.648836749680669
-0.41255945099631497,-1.4556792479205773,1.0039321545707922,1.4618267563500926,0.0,0.0,1.0,0.0,12.704119973516908
-0.09033646065330109,-1.4556792479205773,0.9992521995314939,1.8594890125303492,0.0,0.0,1.0,0.0,12.819096490166213
0.13012914761191427,-1.4606678106863322,0.9992521995314939,1.8594890125303492,0.0,0.0,1.0,0.0,12.792472237780538
-0.6300952837364111,-1.4556792479205773,1.0039321545707922,1.8594890125303492,0.0,0.0,1.0,0.0,12.671380893706852
-0.12209313464878878,-1.4556792479205773,1.0039321545707922,1.064164500169836,0.0,0.0,1.0,0.0,12.701990701622766
-0.1532743170232711,-1.4606678106863322,1.0039321545707922,1.7004241100582467,0.0,0.0,1.0,0.0,12.761396378619057
0.0623257711734428,-1.4606678106863322,0.9992521995314939,1.8594890125303492,0.0,0.0,1.0,0.0,12.690660037852133
0.6173089635031539,-1.4606678106863322,0.9992521995314939,1.8594890125303492,0.0,0.0,1.0,0.0,12.726950575147725
-0.1532743170232711,-1.4606678106863322,0.9992521995314939,1.8594890125303492,0.0,0.0,1.0,0.0,12.685101053675606
-0.0834828786213259,-1.4606678106863322,1.0039321545707922,1.3822943051140413,0.0,0.0,1.0,0.0,12.715299992732369
0.4481144269275238,-1.4656563734520873,1.0039321545707922,1.30276185387799,0.0,0.0,1.0,0.0,12.768829210343865
0.08320042178991681,-1.4656563734520873,1.0039321545707922,1.4618267563500926,0.0,0.0,1.0,0.0,12.74315356270364
-0.5002434470695234,-1.4856106245150928,1.0086121096100906,0.2688399878093229,0.0,0.0,0.0,1.0,12.682930853382516
-0.2465039596261694,-1.4457021223890745,1.0179720196886908,1.30276185387799,0.0,0.0,1.0,0.0,13.122367377396328
5.819700899973191,-1.4606678106863322,1.0086121096100906,1.8594890125303492,0.0,0.0,1.0,0.0,13.122367377396328
-0.18272902453473663,-1.480622061749345,0.9758524243349953,-0.9241467807314468,0.0,0.0,0.0,1.0,12.672635988772473
-1.379908548486545,-1.4207593085603138,0.9758524243349953,1.064164500169836,0.0,0.0,1.0,0.0,12.268112735686705
-0.6110517428231367,-1.3908279319657983,0.9758524243349953,-1.4808739393838062,0.0,0.0,1.0,0.0,12.102937429832547
3.3222242170693996,-1.405793620263056,0.9852123344135953,1.8594890125303492,0.0,0.0,1.0,0.0,12.323860125621126
1.1821801482301426,-1.4107821830288112,0.9898922894528938,-0.20835471960698504,0.0,0.0,1.0,0.0,12.323860125621126
0.20640794610519492,-1.4008050574973012,0.9711724692956969,1.4618267563500926,0.0,0.0,1.0,0.0,12.240961875957243
-0.26879118058511153,-1.4107821830288112,0.9711724692956969,1.4618267563500926,0.0,0.0,1.0,0.0,12.318065617740915
-1.5380117920027958,-0.8520631532645402,1.0881713452781798,-0.04928981713488239,1.0,0.0,0.0,0.0,10.868587496017359
-1.4475549726647423,-0.8520631532645402,1.0834913902388814,1.6208916588221953,1.0,0.0,0.0,0.0,10.868587496017359
-1.3528604422992845,-0.8520631532645402,1.0834913902388814,1.3822943051140413,1.0,0.0,0.0,0.0,11.055656405795794
-1.3786529304043513,-0.8570517160302952,1.0881713452781798,1.8594890125303492,1.0,0.0,0.0,0.0,11.630717389475995
-1.5708148144001117,-0.8570517160302952,1.0881713452781798,1.8594890125303492,1.0,0.0,0.0,0.0,11.225256725762893
-1.6243878525737192,-0.8570517160302952,1.0834913902388814,-1.0036792319674983,1.0,0.0,0.0,0.0,11.37940550085183
-0.8757255710655961,-0.8620402787960431,1.0834913902388814,-1.5604063906198575,1.0,0.0,0.0,0.0,10.714439990727769
-1.613767416295162,-0.8570517160302952,1.0834913902388814,1.8594890125303492,1.0,0.0,0.0,0.0,10.021315031649332
-1.0927905470248693,-0.8620402787960431,1.0881713452781798,-0.3674196220790877,1.0,0.0,0.0,0.0,11.248972939884327
-0.8041030229604512,-0.8670288415617979,1.0881713452781798,1.541359207586144,1.0,0.0,0.0,0.0,11.259335592686217
-1.3498260319339823,-0.8570517160302952,1.0928513003174782,1.8594890125303492,1.0,0.0,0.0,0.0,11.610061250069942
-1.3378453427330488,-0.8570517160302952,1.0881713452781798,1.7004241100582467,1.0,0.0,0.0,0.0,11.43281025466844
-1.439393455130482,-0.8620402787960431,1.0881713452781798,0.18930753657327157,1.0,0.0,0.0,0.0,11.611874470755124
-0.11361771259397985,-0.8620402787960431,1.0881713452781798,1.8594890125303492,1.0,0.0,0.0,0.0,11.562677071567636
-1.0973421625728224,-0.8620402787960431,1.0881713452781798,1.8594890125303492,1.0,0.0,0.0,0.0,11.486591756518374
-0.27710965037964613,-0.8670288415617979,1.0881713452781798,1.8594890125303492,1.0,0.0,0.0,0.0,11.43605521971203
-1.1647269996505627,-0.8520631532645402,1.0928513003174782,1.4618267563500926,1.0,0.0,0.0,0.0,11.097425172408931
-1.2824411948562422,-0.8470745904987853,1.0881713452781798,1.1436969514058875,1.0,0.0,0.0,0.0,11.023551435004947
-1.1274769965454763,-0.8470745904987853,1.0834913902388814,1.1436969514058875,1.0,0.0,0.0,0.0,10.985309671896763
-1.072596022869584,-0.8470745904987853,1.0834913902388814,1.8594890125303492,1.0,0.0,0.0,0.0,10.907807476583594
-1.259526164856203,-0.8520631532645402,1.0788114351995797,1.2232294026419388,1.0,0.0,0.0,0.0,10.947309210188068
-1.1365279102212908,-0.8520631532645402,1.0788114351995797,1.541359207586144,1.0,0.0,0.0,0.0,10.872389709681492
-1.6638351873226445,-0.8570517160302952,1.0834913902388814,1.8594890125303492,1.0,0.0,0.0,0.0,10.657282884047461
-0.9657638510429182,-0.8570517160302952,1.0788114351995797,0.9050995976977334,1.0,0.0,0.0,0.0,11.063524143191238
-1.367457002504789,-0.8720174043275458,1.0834913902388814,0.9050995976977334,1.0,0.0,0.0,0.0,10.668978650219241
-1.0061528993534892,-0.8670288415617979,1.0788114351995797,0.9846320489337848,1.0,0.0,0.0,0.0,10.714439990727769
-1.3260216057923895,-0.8620402787960431,1.0788114351995797,0.9050995976977334,1.0,0.0,0.0,0.0,11.015361515187424
-0.7854257039878169,-0.8620402787960431,1.0788114351995797,1.8594890125303492,1.0,0.0,0.0,0.0,11.119897691565697
-0.13961947037941225,-0.8670288415617979,1.0881713452781798,1.8594890125303492,1.0,0.0,0.0,0.0,11.681832447342321
-0.361916188347827,-0.8720174043275458,1.0881713452781798,1.4618267563500926,1.0,0.0,0.0,0.0,11.375971077721223
-0.9607936961342339,-0.8720174043275458,1.0881713452781798,1.3822943051140413,1.0,0.0,0.0,0.0,11.386239162597649
-0.6944980278689407,-0.8770059670933008,1.0881713452781798,1.064164500169836,1.0,0.0,0.0,0.0,11.293537353157436
-0.9144404619332418,-0.8819945298590558,1.0881713452781798,-0.12882226837093372,1.0,0.0,0.0,0.0,10.992066340225865
-1.0922673728239554,-0.8720174043275458,1.0834913902388814,0.5869697927535281,1.0,0.0,0.0,0.0,11.036517370851499
-0.5810738611107569,-0.8720174043275458,1.0881713452781798,-1.8785361955640627,1.0,0.0,0.0,0.0,10.819798284210286
-0.0582135647171732,-0.8819945298590558,1.0928513003174782,0.3483724390453742,1.0,0.0,0.0,0.0,11.457423325808623
-0.439921461704124,-0.8819945298590558,1.0881713452781798,-0.446952073315139,1.0,0.0,0.0,0.0,11.641327474774709
-0.3848835357679573,-0.8869830926248036,1.0928513003174782,0.3483724390453742,1.0,0.0,0.0,0.0,11.44999631476691
0.06065161373051752,-0.8919716553905586,1.0881713452781798,0.2688399878093229,1.0,0.0,0.0,0.0,12.418765780969542
1.0585017671340415,-0.8869830926248036,1.0881713452781798,-0.6060169757872417,1.0,0.0,0.0,0.0,12.15425816271595
-0.4239123311561517,-0.8720174043275458,1.0975312553567766,0.6665022439895795,1.0,0.0,0.0,0.0,11.452123952509567
-0.21647376049369826,-0.8770059670933008,1.0975312553567766,0.5869697927535281,1.0,0.0,0.0,0.0,11.345701365855424
-0.17571849024248734,-0.8770059670933008,1.0928513003174782,0.7460346952256308,1.0,0.0,0.0,0.0,11.425197467633199
-0.28919497442076253,-0.8720174043275458,1.0928513003174782,1.3822943051140413,1.0,0.0,0.0,0.0,11.382828169079987
-0.5051612845581164,-0.8720174043275458,1.0928513003174782,1.1436969514058875,1.0,0.0,0.0,0.0,11.394153190178114
-0.7098270319557248,-0.8770059670933008,1.0881713452781798,-0.6855494270232929,1.0,0.0,0.0,0.0,11.43605521971203
-0.16007558163515476,-0.8770059670933008,1.0928513003174782,1.1436969514058875,1.0,0.0,0.0,0.0,11.37826200322577
-0.9793663802666855,-0.8770059670933008,1.0928513003174782,0.5869697927535281,1.0,0.0,0.0,0.0,11.416425577744599
-0.42574344085935106,-0.8670288415617979,1.0975312553567766,1.4618267563500926,1.0,0.0,0.0,0.0,11.860062063178267
0.09664599875340979,-0.8620402787960431,1.0928513003174782,1.8594890125303492,1.0,0.0,0.0,0.0,11.640447588047344
0.6880944328868359,-0.8670288415617979,1.0928513003174782,1.064164500169836,1.0,0.0,0.0,0.0,12.121064714846538
-0.10964158866703241,-0.8670288415617979,1.0928513003174782,1.30276185387799,1.0,0.0,0.0,0.0,11.720760435616398
-0.6546321537592839,-0.8570517160302952,1.0975312553567766,1.064164500169836,1.0,0.0,0.0,0.0,11.088292827848269
-1.0970282580522737,-0.8570517160302952,1.0928513003174782,1.8594890125303492,1.0,0.0,0.0,0.0,11.500863005142227
-0.7177792798096194,-0.8570517160302952,1.0975312553567766,1.6208916588221953,1.0,0.0,0.0,0.0,11.247670025080003
0.1562878576576208,-0.8620402787960431,1.0975312553567766,1.4618267563500926,1.0,0.0,0.0,0.0,11.495789479023493
-0.8256578000381137,-0.8620402787960431,1.0928513003174782,1.8594890125303492,1.0,0.0,0.0,0.0,11.565527402710426
-0.24179539181794227,-0.8570517160302952,1.1022112103960784,0.9846320489337848,1.0,0.0,0.0,0.0,11.41422052949775
-1.2352508819337875,-0.8570517160302952,1.1022112103960784,0.10977508533722025,1.0,0.0,0.0,0.0,11.305913595583258
-0.632501885060616,-0.8620402787960431,1.1022112103960784,0.7460346952256308,1.0,0.0,0.0,0.0,11.37940550085183
-0.6486679678688627,-0.8620402787960431,1.0975312553567766,0.8255671464616822,1.0,0.0,0.0,0.0,11.448930795918299
-0.5183975918412438,-0.8520631532645402,1.1022112103960784,1.064164500169836,1.0,0.0,0.0,0.0,10.92775337907558
-0.9154344929149786,-0.8420860277330374,1.0975312553567766,0.2688399878093229,1.0,0.0,0.0,0.0,10.92775337907558
-0.6826742909282812,-0.8470745904987853,1.0975312553567766,1.1436969514058875,1.0,0.0,0.0,0.0,11.156264806643742
-0.6252297636679096,-0.8470745904987853,1.0975312553567766,1.1436969514058875,1.0,0.0,0.0,0.0,11.195484970354173
-0.9068544360199868,-0.8520631532645402,1.0975312553567766,1.8594890125303492,1.0,0.0,0.0,0.0,11.154835234271214
-1.141498065129975,-0.8570517160302952,1.1022112103960784,1.30276185387799,1.0,0.0,0.0,0.0,11.227919807721856
-1.4450960539204458,-0.8470745904987853,1.0928513003174782,0.8255671464616822,1.0,0.0,0.0,0.0,10.904137815028022
-0.7200289288735503,-0.8420860277330374,1.0881713452781798,1.1436969514058875,1.0,0.0,0.0,0.0,11.060384472475045
-1.0014966489653534,-0.8470745904987853,1.0881713452781798,1.1436969514058875,1.0,0.0,0.0,0.0,10.872389709681492
-0.6873305413164171,-0.8470745904987853,1.0881713452781798,1.8594890125303492,1.0,0.0,0.0,0.0,10.900454637442037
-1.5161954278246768,-0.8420860277330374,1.0975312553567766,0.9846320489337848,1.0,0.0,0.0,0.0,10.900454637442037
-1.2259906985776075,-0.8370974649672824,1.0975312553567766,0.8255671464616822,1.0,0.0,0.0,0.0,10.785207543360087
-1.0917441986230412,-0.8370974649672824,1.0928513003174782,0.42790489028142553,1.0,0.0,0.0,0.0,11.052491896264268
-0.4400260965443068,-0.8420860277330374,1.0928513003174782,0.9846320489337848,1.0,0.0,0.0,0.0,11.153403615295403
-0.9619969967963363,-0.8370974649672824,1.0928513003174782,0.9846320489337848,1.0,0.0,0.0,0.0,11.225256725762893
-1.091587246362767,-0.8420860277330374,1.0881713452781798,0.5074373415174769,1.0,0.0,0.0,0.0,11.05881093278828
-0.9388726971159317,-0.8370974649672824,1.0834913902388814,0.9050995976977334,1.0,0.0,0.0,0.0,10.920546270529568
-1.1254889345820027,-0.8420860277330374,1.0834913902388814,1.2232294026419388,1.0,0.0,0.0,0.0,10.990381448250039
-0.8987975533259092,-0.8420860277330374,1.0834913902388814,0.8255671464616822,1.0,0.0,0.0,0.0,11.034905792929415
-1.3609173249933622,-0.8470745904987853,1.0881713452781798,0.9846320489337848,1.0,0.0,0.0,0.0,10.896757843893464
-0.7077866525721596,-0.8420860277330374,1.0881713452781798,0.9050995976977334,1.0,0.0,0.0,0.0,11.047726275896391
-0.7270394631657996,-0.8370974649672824,1.0881713452781798,-0.20835471960698504,1.0,0.0,0.0,0.0,11.131679686740132
-1.0241500918649353,-0.8321089022015276,1.0881713452781798,0.03024263410116893,1.0,0.0,0.0,0.0,10.96302978336854
-1.0129018465452815,-0.8370974649672824,1.0834913902388814,1.3822943051140413,1.0,0.0,0.0,0.0,11.038126355768453
-0.05381890142949451,-0.8321089022015276,1.0834913902388814,0.5869697927535281,1.0,0.0,0.0,0.0,11.063524143191238
-1.0968189883719082,-0.8370974649672824,1.0788114351995797,0.10977508533722025,1.0,0.0,0.0,0.0,11.095908894882296
-0.5261928874348645,-0.8321089022015276,1.0788114351995797,-1.8785361955640627,1.0,0.0,0.0,0.0,11.640447588047344
-0.9348965731889843,-0.8321089022015276,1.0741314801602813,-0.6060169757872417,1.0,0.0,0.0,0.0,11.082157933374816
-0.8105903830517865,-0.8370974649672824,1.0788114351995797,-0.04928981713488239,1.0,0.0,0.0,0.0,10.93133754807084
-0.9380356183944693,-0.8370974649672824,1.0741314801602813,0.18930753657327157,1.0,0.0,0.0,0.0,10.785207543360087
-1.2650194939658017,-0.8420860277330374,1.0741314801602813,0.3483724390453742,1.0,0.0,0.0,0.0,10.87806606028079
-1.1085380904723847,-0.8420860277330374,1.0788114351995797,1.1436969514058875,1.0,0.0,0.0,0.0,10.853232402669228
-0.9162192542163499,-0.8470745904987853,1.0741314801602813,-0.3674196220790877,1.0,0.0,0.0,0.0,11.021918808236205
-1.0143144168877496,-0.8520631532645402,1.0788114351995797,0.5074373415174769,1.0,0.0,0.0,0.0,10.945547126244623
-0.8924148280747568,-0.8520631532645402,1.069451525120983,0.5869697927535281,1.0,0.0,0.0,0.0,11.007103966325696
-1.0436644895590323,-0.8520631532645402,1.0788114351995797,0.9050995976977334,1.0,0.0,0.0,0.0,10.96302978336854
-0.6933470446269295,-0.8570517160302952,1.0741314801602813,0.6665022439895795,1.0,0.0,0.0,0.0,10.987003123724813
-0.5720229474349423,-0.8570517160302952,1.0741314801602813,-0.3674196220790877,1.0,0.0,0.0,0.0,11.031674824544641
-0.8983790139651779,-0.8520631532645402,1.0741314801602813,-0.446952073315139,1.0,0.0,0.0,0.0,11.124332223082254
-0.7507915718873014,-0.8520631532645402,1.069451525120983,0.10977508533722025,1.0,0.0,0.0,0.0,11.028433383156079
-0.4033515850602261,-0.8570517160302952,1.069451525120983,-1.3218090369117035,1.0,0.0,0.0,0.0,11.199597325534862
-1.1438000316139973,-0.8520631532645402,1.0647715700816813,0.18930753657327157,1.0,0.0,0.0,0.0,11.095908894882296
-0.737450629763991,-0.8670288415617979,1.0741314801602813,-0.6060169757872417,1.0,0.0,0.0,0.0,11.307142836927456
-1.1022600000614151,-0.8620402787960431,1.069451525120983,-0.04928981713488239,1.0,0.0,0.0,0.0,11.210481638644469
-1.4020388171852127,-0.8321089022015276,1.0975312553567766,0.3483724390453742,1.0,0.0,0.0,0.0,11.294781892900653
-0.8774520459286126,-0.8321089022015276,1.0928513003174782,1.4618267563500926,1.0,0.0,0.0,0.0,11.1154434073529
-0.5238386035307508,-0.8321089022015276,1.0881713452781798,0.6665022439895795,1.0,0.0,0.0,0.0,10.96302978336854
-1.1614310021848033,-0.8271203394357797,1.0881713452781798,0.6665022439895795,1.0,0.0,0.0,0.0,10.954326659732555
-1.2150040403584106,-0.8271203394357797,1.0881713452781798,1.2232294026419388,1.0,0.0,0.0,0.0,10.988693712621323
-0.6546321537592839,-0.8271203394357797,1.0834913902388814,0.5869697927535281,1.0,0.0,0.0,0.0,11.398647529267592
-0.7718231747640495,-0.8221317766700247,1.0928513003174782,0.6665022439895795,1.0,0.0,0.0,0.0,10.975088291957388
-0.988155706842043,-0.8221317766700247,1.0881713452781798,0.10977508533722025,1.0,0.0,0.0,0.0,10.94024216782542
-0.6546321537592839,-0.8221317766700247,1.0881713452781798,0.18930753657327157,1.0,0.0,0.0,0.0,11.185823192802378
-0.7672715592160965,-0.8370974649672824,1.069451525120983,-0.7650818782593443,1.0,0.0,0.0,0.0,11.097425172408931
-1.0361307810658689,-0.8271203394357797,1.069451525120983,-0.04928981713488239,1.0,0.0,0.0,0.0,11.358619773129229
0.756577935786496,-0.8919716553905586,1.1068911654353768,-0.9241467807314468,1.0,0.0,0.0,0.0,12.327409359385856
-0.10529924279944525,-0.8869830926248036,1.1068911654353768,-0.5264845245511903,1.0,0.0,0.0,0.0,11.934270483892945
-0.23708682400971512,-0.8869830926248036,1.1068911654353768,-1.7990037443280114,1.0,0.0,0.0,0.0,11.726430716744437
3.2083815109504847,-0.8969602181563135,1.1115711204746752,-1.0832116832035494,1.0,0.0,0.0,0.0,12.396697137361691
-0.14547902142965058,-0.8869830926248036,1.1115711204746752,-1.0832116832035494,1.0,0.0,0.0,0.0,11.455306945297822
0.0762945223378501,-0.8919716553905586,1.1115711204746752,-1.0036792319674983,1.0,0.0,0.0,0.0,12.062785246027499
-0.8069281636453878,-0.8919716553905586,1.1115711204746752,-1.0036792319674983,1.0,0.0,0.0,0.0,11.374823643830945
0.3408637157401267,-0.8919716553905586,1.1115711204746752,-1.0036792319674983,1.0,0.0,0.0,0.0,12.02515610124372
-0.30818619791394564,-0.8819945298590558,1.1115711204746752,-0.9241467807314468,1.0,0.0,0.0,0.0,12.07254696717504
0.7542759693024736,-0.8770059670933008,1.1115711204746752,-0.12882226837093372,1.0,0.0,0.0,0.0,11.951831796597101
0.08796130701823546,-0.8819945298590558,1.1068911654353768,0.2688399878093229,1.0,0.0,0.0,0.0,11.769124610238766
-0.3072968017723916,-0.8770059670933008,1.1068911654353768,0.2688399878093229,1.0,0.0,0.0,0.0,11.501874628783144
1.0687559814719587,-0.8770059670933008,1.1115711204746752,0.5869697927535281,1.0,0.0,0.0,0.0,11.930984271840668
-0.6276886824122061,-0.8720174043275458,1.1115711204746752,-0.6855494270232929,1.0,0.0,0.0,0.0,11.476271853988816
-0.6130398047866104,-0.8720174043275458,1.1115711204746752,0.5869697927535281,1.0,0.0,0.0,0.0,11.540550359582348
-0.9768551441022977,-0.8720174043275458,1.1068911654353768,-0.6060169757872417,1.0,0.0,0.0,0.0,11.527823929632195
-0.8701799245359062,-0.8720174043275458,1.1068911654353768,-0.5264845245511903,1.0,0.0,0.0,0.0,11.37940550085183
-0.3868192803113397,-0.8770059670933008,1.1068911654353768,-1.1627441344396008,1.0,0.0,0.0,0.0,11.691916481667727
-0.7200289288735503,-0.8770059670933008,1.1022112103960784,-1.0832116832035494,1.0,0.0,0.0,0.0,12.077676615757813
0.0445901657624537,-0.8819945298590558,1.1022112103960784,-1.4013414881477548,1.0,0.0,0.0,0.0,12.178706587466984
1.4019656300341694,-0.8819945298590558,1.1022112103960784,-1.1627441344396008,1.0,0.0,0.0,0.0,12.366067642588453
-1.3096985707238686,-0.8670288415617979,1.1022112103960784,-1.0832116832035494,1.0,0.0,0.0,0.0,11.610968271383634
-1.3200574199019683,-0.8720174043275458,1.0975312553567766,-0.6855494270232929,1.0,0.0,0.0,0.0,11.457423325808623
0.6627204841425006,-0.8770059670933008,1.0975312553567766,-1.5604063906198575,1.0,0.0,0.0,0.0,12.081081821061819
-0.61377224866789,-0.8770059670933008,1.0975312553567766,-1.4808739393838062,1.0,0.0,0.0,0.0,11.918397239722838
0.2001821731143164,-0.8919716553905586,1.1022112103960784,-1.6399388418559087,1.0,0.0,0.0,0.0,11.812296455066814
0.7449634685262024,-0.8819945298590558,1.0975312553567766,-1.6399388418559087,1.0,0.0,0.0,0.0,12.16369214550422
0.22210317213261857,-0.8770059670933008,1.1162510755139767,0.3483724390453742,1.0,0.0,0.0,0.0,11.823354355742923
0.6507921123616583,-0.8819945298590558,1.1162510755139767,0.10977508533722025,1.0,0.0,0.0,0.0,11.80410890048989
0.2772980503290596,-0.8819945298590558,1.1209310305532751,-0.6855494270232929,1.0,0.0,0.0,0.0,11.781432363235949
0.5450062889368211,-0.8770059670933008,1.1209310305532751,-0.7650818782593443,1.0,0.0,0.0,0.0,11.779902152762993
0.8718332122478792,-0.8919716553905586,1.1256109855925736,-1.958068646800114,1.0,0.0,0.0,0.0,11.9959748767362
0.8935449415858158,-0.8869830926248036,1.1256109855925736,-1.8785361955640627,1.0,0.0,0.0,0.0,11.977294499661248
-0.08144249923776066,-0.8869830926248036,1.1256109855925736,-1.3218090369117035,1.0,0.0,0.0,0.0,11.891368749982085
0.6028170381378327,-0.8919716553905586,1.1256109855925736,-1.5604063906198575,1.0,0.0,0.0,0.0,11.906324739459684
0.9095017547136969,-0.8819945298590558,1.130290940631872,-1.0036792319674983,1.0,0.0,0.0,0.0,12.40779233605911
-0.14019496200041784,-0.8819945298590558,1.1256109855925736,-1.0036792319674983,1.0,0.0,0.0,0.0,11.894104711087113
0.4035923024297313,-0.8770059670933008,1.1256109855925736,-1.0832116832035494,1.0,0.0,0.0,0.0,11.868506811148853
-0.8267041484399419,-0.8770059670933008,1.1209310305532751,-1.4808739393838062,1.0,0.0,0.0,0.0,11.749585258937909
0.5225097982975133,-0.8720174043275458,1.1209310305532751,-1.0036792319674983,1.0,0.0,0.0,0.0,11.871305953640322
0.3356842911510768,-0.8770059670933008,1.1256109855925736,-1.0832116832035494,1.0,0.0,0.0,0.0,11.888625282853006
0.686158688343454,-0.8770059670933008,1.1256109855925736,-1.4808739393838062,1.0,0.0,0.0,0.0,11.944064817531656
0.9646443154900466,-0.8869830926248036,1.1209310305532751,-1.6399388418559087,1.0,0.0,0.0,0.0,11.955692780409043
0.5806344520190736,-0.8819945298590558,1.1209310305532751,-1.3218090369117035,1.0,0.0,0.0,0.0,11.80186424743109
-0.5419927483024711,-0.8869830926248036,1.1162510755139767,-1.0036792319674983,1.0,0.0,0.0,0.0,11.792834908653468
0.1557123660366152,-0.8869830926248036,1.1209310305532751,-1.0036792319674983,1.0,0.0,0.0,0.0,11.785247676408115
-0.072600855242312,-0.8919716553905586,1.1209310305532751,-1.1627441344396008,1.0,0.0,0.0,0.0,11.840796531639839
-0.2345232704252358,-0.8869830926248036,1.1162510755139767,-1.0832116832035494,1.0,0.0,0.0,0.0,11.854392350397763
0.15466601763478705,-0.8919716553905586,1.1162510755139767,-1.8785361955640627,1.0,0.0,0.0,0.0,12.236121618880365
-0.16106961261689162,-0.8919716553905586,1.1209310305532751,-1.71947129309196,1.0,0.0,0.0,0.0,11.273411140805074
0.3263194729547138,-0.8720174043275458,1.1256109855925736,0.10977508533722025,1.0,0.0,0.0,0.0,11.438212694578302
-0.07061279327883828,-0.8670288415617979,1.1209310305532751,-0.3674196220790877,1.0,0.0,0.0,0.0,11.564578194753137
-0.6812094031657219,-0.8720174043275458,1.1209310305532751,-0.28788717084303633,1.0,0.0,0.0,0.0,11.496806245590331
-0.17702642574477265,-0.8720174043275458,1.1162510755139767,-0.20835471960698504,1.0,0.0,0.0,0.0,11.503894811084523
-0.7089376358141708,-0.8670288415617979,1.1209310305532751,-0.8446143294953956,1.0,0.0,0.0,0.0,11.608244735642321
-0.9974158901982232,-0.8570517160302952,1.1068911654353768,-1.3218090369117035,1.0,0.0,0.0,0.0,11.62893804540639
-1.0412578882348276,-0.8670288415617979,1.1022112103960784,-0.446952073315139,1.0,0.0,0.0,0.0,11.564578194753137
-1.098074606454102,-0.8620402787960431,1.1068911654353768,-0.446952073315139,1.0,0.0,0.0,0.0,11.51293546492023
-0.3125808612016243,-0.8620402787960431,1.1115711204746752,0.03024263410116893,1.0,0.0,0.0,0.0,11.51293546492023
-0.6418143858368874,-0.8620402787960431,1.1068911654353768,-0.12882226837093372,1.0,0.0,0.0,0.0,11.663076729214897
0.2718047212194614,-0.8670288415617979,1.1068911654353768,0.5074373415174769,1.0,0.0,0.0,0.0,11.593592593037384
0.05385034911863386,-0.8670288415617979,1.1068911654353768,-0.7650818782593443,1.0,0.0,0.0,0.0,11.789806920177805
-0.5640706995810477,-0.8670288415617979,1.1162510755139767,-0.3674196220790877,1.0,0.0,0.0,0.0,11.430641079947755
0.06159332729216309,-0.8620402787960431,1.1115711204746752,0.10977508533722025,1.0,0.0,0.0,0.0,11.466891997618188
-0.42030242916984395,-0.8720174043275458,1.1162510755139767,-0.446952073315139,1.0,0.0,0.0,0.0,11.559818592808288
-0.544870206407499,-0.8670288415617979,1.1115711204746752,-0.5264845245511903,1.0,0.0,0.0,0.0,11.528808656597766
-1.2811855767740483,-0.8670288415617979,1.1115711204746752,-0.5264845245511903,1.0,0.0,0.0,0.0,11.413116179350727
0.07289389003190826,-0.8620402787960431,1.1256109855925736,-1.6399388418559087,1.0,0.0,0.0,0.0,11.67505281781187
-0.38148290346201547,-0.8620402787960431,1.1209310305532751,-1.2422765856756521,1.0,0.0,0.0,0.0,11.540550359582348
0.07660842685839878,-0.8620402787960431,1.1209310305532751,-1.4808739393838062,1.0,0.0,0.0,0.0,11.587114148152441
-0.3653691380738601,-0.8570517160302952,1.1256109855925736,-1.0036792319674983,1.0,0.0,0.0,0.0,11.485564545613576
-0.8418238828463603,-0.8570517160302952,1.1209310305532751,-1.0036792319674983,1.0,0.0,0.0,0.0,11.419724060136211
-0.4109899283935725,-0.8520631532645402,1.1209310305532751,-1.4013414881477548,1.0,0.0,0.0,0.0,11.452123952509567
-0.6759776611565804,-0.8570517160302952,1.1209310305532751,-1.71947129309196,1.0,0.0,0.0,0.0,11.61999352194924
-0.6971662162936029,-0.8570517160302952,1.1162510755139767,-1.3218090369117035,1.0,0.0,0.0,0.0,11.502885230075814
-0.6952827891703119,-0.8620402787960431,1.1162510755139767,-1.0036792319674983,1.0,0.0,0.0,0.0,11.574029971623514
-0.7174130578689797,-0.8620402787960431,1.1209310305532751,-1.4013414881477548,1.0,0.0,0.0,0.0,11.461642696843066
-0.7854257039878169,-0.8570517160302952,1.1068911654353768,-1.958068646800114,1.0,0.0,0.0,0.0,11.732069026983156
0.31957052576292144,-0.8570517160302952,1.1115711204746752,-2.1171335492722165,1.0,0.0,0.0,0.0,11.834291315386718
-0.36688634325651126,-0.8520631532645402,1.1162510755139767,-1.6399388418559087,1.0,0.0,0.0,0.0,11.47107168834584
-0.06606117773088525,-0.8570517160302952,1.1115711204746752,-1.4808739393838062,1.0,0.0,0.0,0.0,11.701899842594283
-0.24357418410105033,-0.8470745904987853,1.130290940631872,-0.20835471960698504,1.0,0.0,0.0,0.0,11.324195417595107
-0.46780664661284727,-0.8470745904987853,1.1162510755139767,0.2688399878093229,1.0,0.0,0.0,0.0,11.951186847493476
-1.4263141001076287,-0.8620402787960431,1.130290940631872,1.8594890125303492,1.0,0.0,0.0,0.0,11.630717389475995
-0.1584014241922295,-0.8370974649672824,1.130290940631872,-0.28788717084303633,1.0,0.0,0.0,0.0,11.578722568760277
0.5806344520190736,-0.8370974649672824,1.1256109855925736,-0.20835471960698504,1.0,0.0,0.0,0.0,12.215037342290755
-0.6157079932112725,-0.8370974649672824,1.1115711204746752,-1.0036792319674983,1.0,0.0,0.0,0.0,11.630717389475995
1.205513717590913,-0.8271203394357797,1.1256109855925736,0.2688399878093229,1.0,0.0,0.0,0.0,12.420784751899777
0.8691650238232174,-0.8221317766700247,1.1256109855925736,1.064164500169836,1.0,0.0,0.0,0.0,12.26670197321789
1.456637334029696,-0.8370974649672824,1.1209310305532751,0.03024263410116893,1.0,0.0,0.0,0.0,12.30456412327217
-0.5543396594440447,-0.8221317766700247,1.1068911654353768,0.5074373415174769,1.0,0.0,0.0,0.0,11.9959748767362
-0.7544537912937002,-0.8321089022015276,1.1115711204746752,-0.5264845245511903,1.0,0.0,0.0,0.0,11.736077016252437
-0.512956580151737,-0.8370974649672824,1.1068911654353768,-0.6060169757872417,1.0,0.0,0.0,0.0,11.813037464800539
-0.8072420681659361,-0.8420860277330374,1.1022112103960784,-0.12882226837093372,1.0,0.0,0.0,0.0,11.37940550085183
-0.7363519639420714,-0.8321089022015276,1.1068911654353768,-0.28788717084303633,1.0,0.0,0.0,0.0,11.750374207389497
0.8857496459921953,-0.8271203394357797,1.1022112103960784,0.7460346952256308,1.0,0.0,0.0,0.0,11.938853113303086
0.6068454794848714,-0.8271203394357797,1.0975312553567766,-0.12882226837093372,1.0,0.0,0.0,0.0,12.107913912447533
1.1415295128191145,-0.8121546511385219,1.0928513003174782,0.8255671464616822,1.0,0.0,0.0,0.0,11.968456114085114
-0.3407276332108045,-0.8071660883727669,1.1256109855925736,0.5074373415174769,1.0,0.0,0.0,0.0,12.084475470282369
-1.2572241983721812,-0.7922004000755092,1.1209310305532751,-0.04928981713488239,1.0,0.0,0.0,0.0,11.959538914341756
-0.2553456036216183,-0.8121546511385219,1.1162510755139767,1.2232294026419388,1.0,0.0,0.0,0.0,11.736077016252437
-0.737084407823351,-0.802177525607019,1.1022112103960784,0.18930753657327157,1.0,0.0,0.0,0.0,11.782196591288216
-0.12418583145244531,-0.7971889628412642,1.0928513003174782,-0.04928981713488239,1.0,0.0,0.0,0.0,11.778369597156942
-0.5652740002431501,-0.8271203394357797,1.0834913902388814,0.2688399878093229,1.0,0.0,0.0,0.0,10.985309671896763
-0.9024597727323082,-0.8071660883727669,1.0741314801602813,-0.12882226837093372,1.0,0.0,0.0,0.0,11.5099309859899
-1.439393455130482,-0.8271203394357797,1.0788114351995797,-0.6855494270232929,1.0,0.0,0.0,0.0,11.918397239722838
0.4571130231832468,-0.8221317766700247,1.0741314801602813,-0.6060169757872417,1.0,0.0,0.0,0.0,11.7068543948059
-0.5277100926175154,-0.8221317766700247,1.0834913902388814,0.10977508533722025,1.0,0.0,0.0,0.0,11.250274159310356
-0.6873305413164171,-0.802177525607019,1.0881713452781798,0.5074373415174769,1.0,0.0,0.0,0.0,11.897514169490739
-0.6546321537592839,-0.8321089022015276,1.060091615042383,-1.0036792319674983,1.0,0.0,0.0,0.0,11.83138646878959
-0.36850818327934504,-0.8420860277330374,1.050731704963786,1.064164500169836,1.0,0.0,0.0,0.0,11.972253562968545
-1.5249847544000341,-0.8520631532645402,1.060091615042383,-0.04928981713488239,1.0,0.0,0.0,0.0,10.92775337907558
-0.48297869843935703,-0.8470745904987853,1.0460517499244844,0.42790489028142553,1.0,0.0,0.0,0.0,11.552155793461898
-0.5107592485078976,-0.8670288415617979,1.060091615042383,0.7460346952256308,1.0,0.0,0.0,0.0,11.736077016252437
0.9795024627960076,-0.8570517160302952,1.0554116600030845,-0.20835471960698504,1.0,0.0,0.0,0.0,11.998439434579149
-0.6382568012706715,-0.8570517160302952,1.0460517499244844,0.03024263410116893,1.0,0.0,0.0,0.0,11.54346436927906
-0.1183785978222985,-0.8271203394357797,1.0460517499244844,1.6208916588221953,1.0,0.0,0.0,0.0,11.998439434579149
-0.8303663678463409,-0.9568229713453374,1.0788114351995797,0.18930753657327157,1.0,0.0,0.0,0.0,11.998439434579149
-0.6236602410651672,-0.9019487809220613,1.050731704963786,1.2232294026419388,1.0,0.0,0.0,0.0,11.959538914341756
-0.8445967061112053,-0.9468458458138347,1.167730580946269,-1.2422765856756521,1.0,0.0,0.0,0.0,11.724004532183379
-0.9667578820246551,-0.9219030319850741,1.2098501762999612,0.5074373415174769,1.0,0.0,0.0,0.0,11.475233981948293
0.25061616608243875,-0.8919716553905586,1.1770904910248658,1.064164500169836,1.0,0.0,0.0,0.0,12.131893132355916
-0.19685472795941827,-0.8720174043275458,1.1817704460641643,-1.1627441344396008,1.0,0.0,0.0,0.0,12.3917261452321
0.898776683594957,-0.8720174043275458,1.167730580946269,-1.8785361955640627,1.0,0.0,0.0,0.0,12.138334343884129
0.8524757668140565,-0.8869830926248036,1.1490107607890723,0.2688399878093229,1.0,0.0,0.0,0.0,11.899554278732099
0.029313479095761097,-0.8720174043275458,1.1770904910248658,-1.8785361955640627,1.0,0.0,0.0,0.0,11.776066350866136
0.03857366245194126,-0.8271203394357797,1.1630506259069673,-0.5264845245511903,1.0,0.0,0.0,0.0,12.090106084085123
-0.12821427279948402,-0.8271203394357797,1.1583706708676689,1.541359207586144,1.0,0.0,0.0,0.0,12.219980481653478
1.349752844782939,-0.8271203394357797,1.1490107607890723,-0.446952073315139,1.0,0.0,0.0,0.0,12.345838935721968
-0.9489176417734831,-0.8420860277330374,1.1490107607890723,0.5074373415174769,1.0,0.0,0.0,0.0,11.951186847493476
-0.9453077397871756,-0.8620402787960431,1.1490107607890723,0.18930753657327157,1.0,0.0,0.0,0.0,12.07254696717504
-0.35814933410124516,-0.8570517160302952,1.1396508507104721,-0.6060169757872417,1.0,0.0,0.0,0.0,12.228328144428588
-0.4274699157223676,-0.8370974649672824,1.1396508507104721,-0.04928981713488239,1.0,0.0,0.0,0.0,11.93689170019576
-0.0006644026166187388,-0.8570517160302952,1.1724105359855674,-0.12882226837093372,1.0,0.0,0.0,0.0,11.755094871382958
-0.3473719455624141,-0.8620402787960431,1.1724105359855674,-0.9241467807314468,1.0,0.0,0.0,0.0,11.701071692055445
-0.3361237002427602,-0.8570517160302952,1.1724105359855674,0.42790489028142553,1.0,0.0,0.0,0.0,11.530775206233024
-0.7121813158598382,-0.8570517160302952,1.1724105359855674,0.42790489028142553,1.0,0.0,0.0,0.0,11.61549107852535
-0.7766886948325508,-0.8570517160302952,1.167730580946269,0.18930753657327157,1.0,0.0,0.0,0.0,11.63956692643747
-0.5137936588731994,-0.8620402787960431,1.167730580946269,-0.12882226837093372,1.0,0.0,0.0,0.0,11.667370387218226
-0.3379548099459596,-0.8620402787960431,1.167730580946269,-0.446952073315139,1.0,0.0,0.0,0.0,11.789048488275174
0.5244455428408957,-0.8570517160302952,1.1770904910248658,-0.446952073315139,1.0,0.0,0.0,0.0,12.074259775399616
-0.24985227451201994,-0.8520631532645402,1.1724105359855674,0.6665022439895795,1.0,0.0,0.0,0.0,11.507922973347437
-0.8307849072070721,-0.8470745904987853,1.1724105359855674,0.3483724390453742,1.0,0.0,0.0,0.0,11.372524818667134
0.09743076005478102,-0.8520631532645402,1.167730580946269,1.541359207586144,1.0,0.0,0.0,0.0,11.872004516724523
-0.8780798549697095,-0.8470745904987853,1.167730580946269,1.8594890125303492,1.0,0.0,0.0,0.0,11.644839300053654
-0.8889618783487236,-0.8470745904987853,1.167730580946269,0.9050995976977334,1.0,0.0,0.0,0.0,11.494771677590096
-0.6990496434168938,-0.8520631532645402,1.167730580946269,0.2688399878093229,1.0,0.0,0.0,0.0,11.73927188163082
-0.5506774400376457,-0.8520631532645402,1.1630506259069673,0.42790489028142553,1.0,0.0,0.0,0.0,11.614588152079595
-0.7226971172982125,-0.8470745904987853,1.1630506259069673,1.2232294026419388,1.0,0.0,0.0,0.0,11.58989576532275
0.5879065734117799,-0.8570517160302952,1.167730580946269,-0.6855494270232929,1.0,0.0,0.0,0.0,11.949895700065218
0.6155301712200463,-0.8620402787960431,1.167730580946269,-0.20835471960698504,1.0,0.0,0.0,0.0,11.942764435686394
0.04417162640172244,-0.8570517160302952,1.1630506259069673,-0.8446143294953956,1.0,0.0,0.0,0.0,11.794345471549745
1.9946696822497898,-0.8620402787960431,1.1630506259069673,-1.4013414881477548,1.0,0.0,0.0,0.0,12.342790829935483
0.16727451587681752,-0.8620402787960431,1.1583706708676689,-1.8785361955640627,1.0,0.0,0.0,0.0,12.05350987098043
-0.7471293524809024,-0.8470745904987853,1.1583706708676689,-1.4013414881477548,1.0,0.0,0.0,0.0,11.542493975902508
-0.004745161383748984,-0.8470745904987853,1.1583706708676689,-1.0832116832035494,1.0,0.0,0.0,0.0,11.696088334428081
-0.05298182270803199,-0.8570517160302952,1.1536907158283705,-1.1627441344396008,1.0,0.0,0.0,0.0,12.003350402638521
-0.6893186032798908,-0.8470745904987853,1.1630506259069673,0.6665022439895795,1.0,0.0,0.0,0.0,11.382828169079987
-0.8671455141706044,-0.8420860277330374,1.167730580946269,0.7460346952256308,1.0,0.0,0.0,0.0,11.138973558699526
-1.0561683529608803,-0.8420860277330374,1.1630506259069673,-0.12882226837093372,1.0,0.0,0.0,0.0,11.209127560632263
-0.3018557900828845,-0.8370974649672824,1.167730580946269,-0.28788717084303633,1.0,0.0,0.0,0.0,11.419724060136211
0.19280541688142713,-0.8420860277330374,1.1583706708676689,-1.958068646800114,1.0,0.0,0.0,0.0,11.924379271639218
-0.3912662610191097,-0.8420860277330374,1.1583706708676689,-1.6399388418559087,1.0,0.0,0.0,0.0,11.65356528276954
-0.8246637690563768,-0.8370974649672824,1.1724105359855674,-1.0036792319674983,1.0,0.0,0.0,0.0,11.80036500801413
-0.17943302706897762,-0.8420860277330374,1.1724105359855674,-1.4808739393838062,1.0,0.0,0.0,0.0,11.66822691098345
-1.1124095795591493,-0.8470745904987853,1.167730580946269,0.5074373415174769,1.0,0.0,0.0,0.0,11.325402403776808
-0.9358382867506299,-0.8420860277330374,1.167730580946269,-0.28788717084303633,1.0,0.0,0.0,0.0,11.32781201446548
-0.2528866848773218,-0.8321089022015276,1.2098501762999612,-0.04928981713488239,1.0,0.0,0.0,0.0,11.635151947212842
-0.2099340829822715,-0.8221317766700247,1.1817704460641643,-0.3674196220790877,1.0,0.0,0.0,0.0,11.926365356462313
0.11307366866211337,-0.8520631532645402,1.186450401103466,-0.7650818782593443,1.0,0.0,0.0,0.0,12.405746935654452
-0.12371497467162253,-0.8720174043275458,1.2051702212606628,-0.12882226837093372,1.0,0.0,0.0,0.0,11.896151780740423
-0.7249467663621431,-0.7922004000755092,1.1817704460641643,0.18930753657327157,1.0,0.0,0.0,0.0,11.715874472198905
-0.1563610448086645,-0.7822232745440063,1.1817704460641643,-1.1627441344396008,1.0,0.0,0.0,0.0,11.643084929027989
-0.11691371005973886,-0.742314772417988,1.2238900414178597,-1.2422765856756521,1.0,0.0,0.0,0.0,12.206077645517674
0.08382823083101369,-0.7872118373097613,1.2051702212606628,-0.8446143294953956,1.0,0.0,0.0,0.0,12.067965083912192
-0.7438333550151434,-0.7572804607152458,1.1958103111820626,-0.446952073315139,1.0,0.0,0.0,0.0,11.561725152903833
-0.05627782017379101,-0.8071660883727669,1.167730580946269,-0.12882226837093372,1.0,0.0,0.0,0.0,12.01491819331946
0.4898114107403801,-0.802177525607019,1.1396508507104721,-0.6060169757872417,1.0,0.0,0.0,0.0,11.989786776470444
0.4345642151238478,-0.6974177075262147,1.1068911654353768,-0.12882226837093372,1.0,0.0,0.0,0.0,12.083345533043149
-0.31456892316509805,-0.7373262096522331,1.0741314801602813,-0.9241467807314468,1.0,0.0,0.0,0.0,11.960817678718287
-0.49815075026586686,-0.7672575862467486,1.1256109855925736,0.2688399878093229,1.0,0.0,0.0,0.0,12.141539457711714
0.33521343437025425,-0.7572804607152458,1.1209310305532751,-0.6060169757872417,1.0,0.0,0.0,0.0,11.932957294690372
-0.23530803172660703,-0.7722461490125035,1.1068911654353768,0.5869697927535281,1.0,0.0,0.0,0.0,11.97603664577121
-0.5064169026403101,-0.7073948330577176,1.013292064649389,0.2688399878093229,1.0,0.0,0.0,0.0,11.638685488579059
-0.13893934391822382,-0.7123833958234725,1.013292064649389,-1.2422765856756521,1.0,0.0,0.0,0.0,11.85864764578841
-0.5705580596723829,-0.7024062702919697,1.0086121096100906,-0.6855494270232929,1.0,0.0,0.0,0.0,11.616393190430356
-0.5196532099234378,-0.6974177075262147,1.0320118848065893,-0.04928981713488239,1.0,0.0,0.0,0.0,11.862884910339652
-0.011964965356363908,-0.6924291447604598,0.9992521995314939,0.2688399878093229,1.0,0.0,0.0,0.0,11.967821801563451
-0.6863888277547717,-0.7323376468864852,1.0039321545707922,0.2688399878093229,1.0,0.0,0.0,0.0,12.206077645517674
-0.6242880501062642,-0.742314772417988,1.041371794885186,-0.3674196220790877,1.0,0.0,0.0,0.0,12.04002396437039
-0.7410605317502984,-0.7772347117782514,0.9852123344135953,0.18930753657327157,1.0,0.0,0.0,0.0,11.48350695288756
-0.2155320469320527,-0.7772347117782514,0.9852123344135953,-0.04928981713488239,1.0,0.0,0.0,0.0,11.417526281205168
-0.14370022914654249,-0.7772347117782514,0.9852123344135953,-0.6060169757872417,1.0,0.0,0.0,0.0,11.810070125585671
-0.2932234157678015,-0.7772347117782514,0.9805323793742937,0.9050995976977334,1.0,0.0,0.0,0.0,11.74325116281265
0.28514566334277136,-0.7672575862467486,0.9852123344135953,-1.4013414881477548,1.0,0.0,0.0,0.0,12.115606215804869
-0.2712500993294078,-0.7622690234809937,1.013292064649389,0.5074373415174769,1.0,0.0,0.0,0.0,11.91170829631447
0.16063020352520818,-0.7672575862467486,0.9945722444921922,-0.5264845245511903,1.0,0.0,0.0,0.0,12.16577655436517
-0.2268849270918894,-0.7922004000755092,0.9805323793742937,-1.71947129309196,1.0,0.0,0.0,0.0,11.842236406331555
-0.24870129127000873,-0.8370974649672824,0.9945722444921922,-0.5264845245511903,1.0,0.0,0.0,0.0,12.113962839063479
-0.648458698188497,-0.8221317766700247,0.9758524243349953,0.42790489028142553,1.0,0.0,0.0,0.0,12.017336559562407
-0.1247613230734509,-0.8221317766700247,1.0179720196886908,-0.9241467807314468,1.0,0.0,0.0,0.0,11.744838452135683
-0.9195675691022004,-0.8221317766700247,1.013292064649389,-0.04928981713488239,1.0,0.0,0.0,0.0,11.455306945297822
-0.9162192542163499,-0.8221317766700247,1.013292064649389,0.6665022439895795,1.0,0.0,0.0,0.0,11.428467189677395
-0.4610576994210549,-0.8171432139042697,1.0179720196886908,-0.8446143294953956,1.0,0.0,0.0,0.0,11.730461322518734
-0.5922174715902279,-0.8171432139042697,1.013292064649389,0.18930753657327157,1.0,0.0,0.0,0.0,11.45318607621936
-0.8881771170473525,-0.8171432139042697,1.013292064649389,1.2232294026419388,1.0,0.0,0.0,0.0,11.701899842594283
-1.2508937905411202,-0.8171432139042697,1.013292064649389,1.30276185387799,1.0,0.0,0.0,0.0,11.530775206233024
-1.153007897550086,-0.8171432139042697,1.0086121096100906,0.3483724390453742,1.0,0.0,0.0,0.0,11.481445117743048
-0.06365457640668028,-0.8121546511385219,1.013292064649389,-0.04928981713488239,1.0,0.0,0.0,0.0,11.815257205114566
-0.16415634040228502,-0.8121546511385219,1.013292064649389,-0.3674196220790877,1.0,0.0,0.0,0.0,11.781432363235949
-0.7305970477320158,-0.8121546511385219,1.0086121096100906,0.5869697927535281,1.0,0.0,0.0,0.0,11.527823929632195
0.11558490482650138,-0.8121546511385219,1.013292064649389,0.6665022439895795,1.0,0.0,0.0,0.0,11.530775206233024
0.6072117014255114,-0.8171432139042697,1.0179720196886908,-1.3218090369117035,1.0,0.0,0.0,0.0,12.007017865994577
-0.17775886962605233,-0.7971889628412642,1.050731704963786,-0.5264845245511903,1.0,0.0,0.0,0.0,11.624475784206961
0.29613232156196856,-0.8121546511385219,1.0273319297672876,-0.8446143294953956,1.0,0.0,0.0,0.0,11.991647230585656
1.8287711431399185,-0.8121546511385219,1.0179720196886908,-0.20835471960698504,1.0,0.0,0.0,0.0,12.26670197321789
-0.5986001968413803,-0.8071660883727669,1.0179720196886908,-1.6399388418559087,1.0,0.0,0.0,0.0,12.07254696717504
-1.0096581664996138,-0.802177525607019,1.0086121096100906,-1.0036792319674983,1.0,0.0,0.0,0.0,11.630717389475995
0.49525242242988693,-0.8271203394357797,1.0039321545707922,-0.6855494270232929,1.0,0.0,0.0,0.0,11.972253562968545
0.10397043756620777,-0.8321089022015276,1.0086121096100906,-1.71947129309196,1.0,0.0,0.0,0.0,12.180759965737863
-0.6110517428231367,-0.8470745904987853,1.0086121096100906,-1.0036792319674983,1.0,0.0,0.0,0.0,12.066241450757124
-1.1850784760661224,-0.8221317766700247,1.013292064649389,-1.2422765856756521,1.0,0.0,0.0,0.0,11.21318430646977
-1.1266399178240138,-0.8221317766700247,1.0086121096100906,0.5869697927535281,1.0,0.0,0.0,0.0,11.561725152903833
-0.718720993371265,-0.8221317766700247,1.0086121096100906,0.7460346952256308,1.0,0.0,0.0,0.0,11.531757032705352
0.1073710698721496,-0.8271203394357797,1.0086121096100906,-0.6060169757872417,1.0,0.0,0.0,0.0,11.6776005682537
0.3140771966533233,-0.8221317766700247,1.0086121096100906,-1.8785361955640627,1.0,0.0,0.0,0.0,12.04002396437039
-0.5769931023436266,-0.8271203394357797,1.0086121096100906,-0.446952073315139,1.0,0.0,0.0,0.0,11.66822691098345
-0.863692564444571,-0.8271203394357797,1.013292064649389,-1.4013414881477548,1.0,0.0,0.0,0.0,11.781432363235949
-0.16572586300502748,-0.8321089022015276,1.0179720196886908,-1.7990037443280114,1.0,0.0,0.0,0.0,11.989165855127435
0.19191602073987332,-0.8271203394357797,1.0179720196886908,-1.0832116832035494,1.0,0.0,0.0,0.0,11.82847315946983
0.07127205000907451,-0.8221317766700247,1.0179720196886908,-0.6855494270232929,1.0,0.0,0.0,0.0,11.707677772181546
-0.3556904153569487,-0.8221317766700247,1.0226519747279892,-1.2422765856756521,1.0,0.0,0.0,0.0,11.860062063178267
0.880413269142871,-0.8271203394357797,1.0179720196886908,-1.0036792319674983,1.0,0.0,0.0,0.0,11.913719681428494
0.4215894949411773,-0.8271203394357797,1.0226519747279892,-1.6399388418559087,1.0,0.0,0.0,0.0,11.83863282480007
0.5497671741651398,-0.8271203394357797,1.0226519747279892,-1.1627441344396008,1.0,0.0,0.0,0.0,11.953120448266079
0.07561439587666191,-0.8271203394357797,1.0320118848065893,-0.04928981713488239,1.0,0.0,0.0,0.0,11.955692780409043
0.6426829122474896,-0.8321089022015276,1.0226519747279892,-1.5604063906198575,1.0,0.0,0.0,0.0,11.969723533345908
-0.8565250778920473,-0.8620402787960431,1.0366918398458875,0.5074373415174769,1.0,0.0,0.0,0.0,11.695255355062795
-0.3836802351058548,-0.8670288415617979,1.0179720196886908,0.5869697927535281,1.0,0.0,0.0,0.0,12.09626335986454
-0.07694320110989916,-0.8570517160302952,1.013292064649389,-1.7990037443280114,1.0,0.0,0.0,0.0,13.07107218827772
-0.64375013038027,-0.8470745904987853,1.0226519747279892,-0.20835471960698504,1.0,0.0,0.0,0.0,11.755879486687116
-0.7118674113392899,-0.8520631532645402,1.0273319297672876,0.2688399878093229,1.0,0.0,0.0,0.0,11.3655964644899
-0.1183785978222985,-0.8520631532645402,1.0226519747279892,-1.4808739393838062,1.0,0.0,0.0,0.0,11.690242855114947
0.1326403837763023,-0.8969602181563135,0.9992521995314939,-0.7650818782593443,1.0,0.0,0.0,0.0,12.314034275355535
0.14320850263476775,-0.9119259064535713,0.9852123344135953,-0.6855494270232929,1.0,0.0,0.0,0.0,12.683551391346773
-0.6582420557455912,-0.926891594750829,1.0039321545707922,-0.3674196220790877,1.0,0.0,0.0,0.0,12.004574385508691
0.5971144393478685,-0.9518344085795896,0.9992521995314939,-0.7650818782593443,1.0,0.0,0.0,0.0,12.521616693076714
0.2336653219728209,-0.9717886596425952,0.9898922894528938,-0.8446143294953956,1.0,0.0,0.0,0.0,12.698635515785552
0.6731316507406917,-0.9418572830480797,0.9805323793742937,-0.6855494270232929,1.0,0.0,0.0,0.0,12.31448300568063
0.9802872240973789,-0.9368687202823318,0.9758524243349953,-2.1171335492722165,1.0,0.0,0.0,0.0,12.38923135181669
1.1314322507414716,-0.9318801575165769,0.9664925142563985,-1.8785361955640627,1.0,0.0,0.0,0.0,12.27886296424548
0.2580975571555111,-0.9219030319850741,0.9711724692956969,-1.71947129309196,1.0,0.0,0.0,0.0,12.047668766996187
0.1617811867672194,-0.9219030319850741,0.9945722444921922,-0.8446143294953956,1.0,0.0,0.0,0.0,11.9959748767362
-0.18419391229729626,-0.9219030319850741,0.9898922894528938,0.3483724390453742,1.0,0.0,0.0,0.0,11.7068543948059
0.48437039905087326,-0.9219030319850741,0.9852123344135953,1.30276185387799,1.0,0.0,0.0,0.0,11.80186424743109
-0.5499973135764573,-0.9219030319850741,0.9852123344135953,0.7460346952256308,1.0,0.0,0.0,0.0,11.934926432385152
-0.37996569827936455,-0.9219030319850741,0.9852123344135953,0.5074373415174769,1.0,0.0,0.0,0.0,11.939506063682469
0.25762670037468804,-0.9219030319850741,0.9898922894528938,0.3483724390453742,1.0,0.0,0.0,0.0,11.765247163561801
-0.38870270743463037,-0.926891594750829,0.9898922894528938,0.42790489028142553,1.0,0.0,0.0,0.0,11.790564777297387
-0.5892353786450173,-0.926891594750829,0.9898922894528938,0.9846320489337848,1.0,0.0,0.0,0.0,11.754309639974188
-0.2695236244663912,-0.926891594750829,0.9898922894528938,1.064164500169836,1.0,0.0,0.0,0.0,11.67505281781187
-0.41318726003741185,-0.926891594750829,0.9852123344135953,1.8594890125303492,1.0,0.0,0.0,0.0,11.693587311874056
-0.15557628350729327,-0.926891594750829,0.9852123344135953,0.9050995976977334,1.0,0.0,0.0,0.0,11.611874470755124
-0.907116023120444,-0.926891594750829,0.9898922894528938,0.10977508533722025,1.0,0.0,0.0,0.0,11.736077016252437
-0.12821427279948402,-0.926891594750829,0.9945722444921922,-1.71947129309196,1.0,0.0,0.0,0.0,11.902267966193309
0.6110831905122758,-0.9318801575165769,0.9945722444921922,-1.8785361955640627,1.0,0.0,0.0,0.0,12.179733803647622
0.3876878067219416,-0.9368687202823318,0.9898922894528938,-1.0832116832035494,1.0,0.0,0.0,0.0,12.012493964400264
-0.19183225563064268,-0.9318801575165769,0.9852123344135953,0.3483724390453742,1.0,0.0,0.0,0.0,11.86147448281689
0.2095469913106794,-0.9318801575165769,0.9898922894528938,0.03024263410116893,1.0,0.0,0.0,0.0,11.927026509139932
-0.20621954615578125,-0.9318801575165769,0.9898922894528938,-1.0036792319674983,1.0,0.0,0.0,0.0,12.04708277568725
-1.402405039125853,-0.9219030319850741,0.9852123344135953,-0.7650818782593443,1.0,0.0,0.0,0.0,11.54346436927906
-1.1418642870706148,-0.926891594750829,0.9852123344135953,1.8594890125303492,1.0,0.0,0.0,0.0,11.592669666556795
-1.1254889345820027,-0.926891594750829,0.9852123344135953,1.8594890125303492,1.0,0.0,0.0,0.0,11.621788838451959
-0.38943515131591033,-0.9318801575165769,0.9852123344135953,-0.28788717084303633,1.0,0.0,0.0,0.0,11.630717389475995
0.7616527255353629,-0.9318801575165769,0.9805323793742937,-1.71947129309196,1.0,0.0,0.0,0.0,12.245778817752209
-0.460796112320598,-0.926891594750829,0.9805323793742937,0.9050995976977334,1.0,0.0,0.0,0.0,11.810812786275873
1.1076278245998787,-0.9219030319850741,0.9805323793742937,-2.1171335492722165,1.0,0.0,0.0,0.0,12.189440088248315
-0.9924980527096303,-0.8570517160302952,0.9758524243349953,-0.5264845245511903,1.0,0.0,0.0,0.0,11.050905878263567
0.22246939407325853,-0.8720174043275458,0.9524526491385,-0.6060169757872417,1.0,0.0,0.0,0.0,12.429220196836383
0.4113352806032601,-0.9468458458138347,0.9103330537848046,-1.1627441344396008,1.0,0.0,0.0,0.0,12.591338447675579
-0.03163631531073543,-0.6624977681659513,0.025821551357233286,-1.1627441344396008,0.0,0.0,0.0,0.0,12.424006650692137
-0.33811176220623396,-0.6774634564632092,0.05858123663232864,-1.4013414881477548,0.0,0.0,0.0,0.0,11.946660519211651
-0.8683488148327069,-0.5627265128509019,0.05858123663232864,-1.0832116832035494,0.0,0.0,0.0,0.0,11.41422052949775
-1.175033531408571,-0.557737950085147,0.0071017312000364145,-1.1627441344396008,0.0,0.0,0.0,0.0,11.88380602959621
-0.977639905403669,-0.557737950085147,0.0024217761607380284,0.7460346952256308,0.0,0.0,0.0,0.0,11.643962499267984
-0.7426823717731322,-0.557737950085147,-0.00693813391786207,1.1436969514058875,0.0,0.0,0.0,0.0,11.849404844423074
-0.5020222393526315,-0.557737950085147,-0.00693813391786207,0.5074373415174769,0.0,0.0,0.0,0.0,11.993504229837974
-0.27679574585909766,-0.5727036383824048,-0.002258178878560358,0.18930753657327157,0.0,0.0,0.0,0.0,12.181785075898826
0.21336616297735247,-0.5477608245536442,-0.002258178878560358,-1.6399388418559087,0.0,0.0,0.0,0.0,12.455667262449618
-0.005320653004754582,-0.5477608245536442,-0.00693813391786207,-1.7990037443280114,0.0,0.0,0.0,0.0,12.032320268218989
-0.640087910973871,-0.5278065734906314,-0.02097799903575723,-1.5604063906198575,0.0,0.0,0.0,0.0,11.63956692643747
-0.4623133175032489,-0.5327951362563864,0.0071017312000364145,-1.5604063906198575,0.0,0.0,0.0,0.0,11.971621655408228
-0.07636770948889356,-0.4479895692385948,0.04922132655373187,-1.5604063906198575,0.0,0.0,0.0,0.0,11.999669439469741
-0.5573217523892553,-0.35819543945505533,-0.035017864153655716,-1.0832116832035494,0.0,0.0,0.0,0.0,11.864293351358109
0.3132401179318603,-0.5128408851933737,-0.016298043996458844,-1.2422765856756521,0.0,0.0,0.0,0.0,12.239995696974733
-0.3328800201970925,-0.7672575862467486,-0.05373768431085259,-1.5604063906198575,0.0,0.0,0.0,1.0,12.485978309945345
-0.03890843670344188,-0.7822232745440063,-0.03969781919295742,-1.2422765856756521,0.0,0.0,0.0,1.0,12.510615522357213
-0.2073705293977922,-0.7722461490125035,-0.025657954075058942,-1.0036792319674983,0.0,0.0,0.0,1.0,12.67857627217662
-0.09703309042500194,-0.6724748936974542,-0.10989714478244653,-0.446952073315139,0.0,0.0,0.0,1.0,12.538253544662647
-0.8207399625495208,-0.6375549543371837,-0.1192570548610433,-0.12882226837093372,0.0,0.0,0.0,1.0,12.123782831670258
-0.5973968961792778,-0.6425435171029387,-0.11457709982174491,-0.446952073315139,0.0,0.0,0.0,1.0,12.145797025305598
-0.6131444396267932,-0.6425435171029387,-0.10989714478244653,-0.6060169757872417,0.0,0.0,0.0,1.0,12.134582014379962
-0.44865847085939004,-0.6475320798686935,-0.10521718974314814,-1.0036792319674983,0.0,0.0,0.0,1.0,12.535739636044429
-0.05360963174912888,-0.6824520192289569,-0.10053723470384643,-0.8446143294953956,0.0,0.0,0.0,1.0,12.54040330489666
-0.6225092578231561,-0.6874405819947119,-0.09117732462524965,0.10977508533722025,0.0,0.0,0.0,1.0,12.555323599726982
-0.5540257549234963,-0.6375549543371837,-0.12393700990034501,-0.6060169757872417,0.0,0.0,0.0,1.0,12.332269077986075
-0.601477654946408,-0.6275778288056809,-0.1286169649396434,-0.04928981713488239,0.0,0.0,0.0,1.0,12.494258341142519
-0.6911497129830901,-0.6325663915714358,-0.12393700990034501,0.42790489028142553,0.0,0.0,0.0,1.0,12.206077645517674
-0.12298253079034283,-0.6325663915714358,-0.14265683005754187,-1.0832116832035494,0.0,0.0,0.0,1.0,12.244336169955224
0.3140771966533233,-0.6275778288056809,-0.14265683005754187,-1.1627441344396008,0.0,0.0,0.0,1.0,12.16889504380259
-0.2513694796946709,-0.6225892660399259,-0.14733678509684026,-1.3218090369117035,0.0,0.0,0.0,1.0,12.282111965715732
-0.34198325129299856,-0.6275778288056809,-0.14733678509684026,-1.4013414881477548,0.0,0.0,0.0,1.0,12.118339189722553
-0.20930627394117463,-0.6325663915714358,-0.14733678509684026,-1.0832116832035494,0.0,0.0,0.0,1.0,12.152677143050752
-0.1508153982789746,-0.6624977681659513,-0.14265683005754187,-1.0036792319674983,0.0,0.0,0.0,1.0,12.492382526958323
-0.18325219873565093,-0.6325663915714358,-0.14733678509684026,-0.9241467807314468,0.0,0.0,0.0,1.0,12.12215284831553
-0.537284180494244,-0.6325663915714358,-0.15201674013613867,-0.446952073315139,0.0,0.0,0.0,1.0,12.186385111610496
0.554371107133184,-0.6325663915714358,-0.15669669517544035,-1.0832116832035494,0.0,0.0,0.0,1.0,12.668865967876197
-0.7110303326178273,-0.6225892660399259,-0.15201674013613867,-1.0036792319674983,0.0,0.0,0.0,1.0,12.590998254919084
-0.3479474371834197,-0.7622690234809937,-0.016298043996458844,-0.6855494270232929,0.0,0.0,0.0,1.0,12.228328144428588
-0.36332875869029513,-0.5377836990221414,-0.16137665021473876,0.5869697927535281,0.0,0.0,0.0,1.0,12.42761892187964
-1.0000840786228853,-0.5427722617878893,-0.16137665021473876,-0.446952073315139,0.0,0.0,0.0,1.0,12.443517444755098
-1.6604345550167026,-0.5477608245536442,-0.15669669517544035,-0.7650818782593443,0.0,0.0,0.0,1.0,13.122367377396328
-1.489199639057507,-0.5377836990221414,-0.14733678509684026,-0.6855494270232929,0.0,0.0,0.0,1.0,12.611541086966115
1.275566743093315,-0.5228180107248837,-0.16605660525403715,-0.04928981713488239,0.0,0.0,0.0,1.0,12.703207983522068
-1.2697803791941205,-0.5377836990221414,-0.16137665021473876,0.03024263410116893,0.0,0.0,0.0,1.0,12.31448300568063
-0.6962245027319572,-0.5377836990221414,-0.16605660525403715,0.2688399878093229,0.0,0.0,0.0,1.0,12.019146503887916
0.19086967233804517,-0.5377836990221414,-0.17073656029333553,-0.12882226837093372,0.0,0.0,0.0,1.0,12.464201028227341
-0.713279981681758,-0.5377836990221414,-0.17073656029333553,-1.0832116832035494,0.0,0.0,0.0,1.0,12.32785212918379
-0.9027736772528566,-0.5327951362563864,-0.17541651533263725,-0.6060169757872417,0.0,0.0,0.0,1.0,12.308182383129823
0.6695217487543843,-0.5278065734906314,-0.17073656029333553,-0.446952073315139,0.0,0.0,0.0,1.0,12.434406702831367
-0.9376693964538292,-0.5427722617878893,-0.16137665021473876,0.8255671464616822,0.0,0.0,0.0,1.0,12.360084744326953
-1.2936371227558048,-0.5427722617878893,-0.16605660525403715,0.18930753657327157,0.0,0.0,0.0,1.0,12.252961002410009
-0.8881771170473525,-0.5427722617878893,-0.16605660525403715,1.3822943051140413,0.0,0.0,0.0,1.0,12.237091546357338
-0.6568294854031231,-0.5377836990221414,-0.17073656029333553,1.8594890125303492,0.0,0.0,0.0,1.0,12.333150131430498
-0.562605811818488,-0.5427722617878893,-0.17073656029333553,1.3822943051140413,0.0,0.0,0.0,1.0,12.16837597044068
-1.1451079671162827,-0.5427722617878893,-0.17073656029333553,0.3483724390453742,0.0,0.0,0.0,1.0,12.067965083912192
-0.07458891720578571,-0.5427722617878893,-0.17073656029333553,-0.9241467807314468,0.0,0.0,0.0,1.0,12.246259238225438
-0.8426609615678229,-0.5427722617878893,-0.17541651533263725,-1.0832116832035494,0.0,0.0,0.0,1.0,12.329179263520874
-0.8683488148327069,-0.5477608245536442,-0.15669669517544035,0.2688399878093229,0.0,0.0,0.0,1.0,12.35320302633692
0.41625311809185306,-0.5627265128509019,-0.15201674013613867,-0.3674196220790877,0.0,0.0,0.0,1.0,12.727841176689147
-0.3276482781879513,-0.5527493873193992,-0.16137665021473876,0.6665022439895795,0.0,0.0,0.0,1.0,12.323860125621126
-0.832668334330363,-0.557737950085147,-0.16605660525403715,-0.20835471960698504,0.0,0.0,0.0,1.0,12.417147664184915
-0.4148614174803371,-0.5477608245536442,-0.16137665021473876,1.2232294026419388,0.0,0.0,0.0,1.0,12.298200494359103
0.3917162480689803,-0.557737950085147,-0.17541651533263725,-0.6855494270232929,0.0,0.0,0.0,1.0,12.309535862454515
0.38235142987261733,-0.5627265128509019,-0.16605660525403715,-1.1627441344396008,0.0,0.0,0.0,1.0,12.3879816172226
0.8121913533436683,-0.5677150756166498,-0.17073656029333553,-1.5604063906198575,0.0,0.0,0.0,1.0,12.711687717920274
-0.3295317053112422,-0.5527493873193992,-0.17541651533263725,-0.20835471960698504,0.0,0.0,0.0,1.0,12.245298166364206
-0.5662157138047955,-0.557737950085147,-0.18009647037193563,-1.0832116832035494,0.0,0.0,0.0,1.0,12.47801017053037
0.202798044118887,-0.5627265128509019,-0.14733678509684026,1.3822943051140413,0.0,0.0,0.0,1.0,12.765691290604371
0.6018753245761871,-0.47293238306735536,-0.184776425411234,-1.8785361955640627,0.0,0.0,0.0,0.0,12.442333783869854
-0.8315696685084433,-0.5527493873193992,-0.18009647037193563,-1.0036792319674983,0.0,0.0,0.0,1.0,12.361797799507952
-1.1614310021848033,-0.557737950085147,-0.13797687501824016,-1.0036792319674983,0.0,0.0,0.0,1.0,10.657282884047461
-0.05899832601854443,-0.617600703274178,-0.2081762006077326,-1.1627441344396008,0.0,0.0,0.0,1.0,12.725464474372217
1.0941299302162941,-0.5427722617878893,-0.20349624556843088,-1.2422765856756521,0.0,0.0,0.0,1.0,12.847929163278053
-0.17843899608724076,-0.5627265128509019,-0.23157597580422784,-0.9241467807314468,0.0,0.0,0.0,1.0,12.787732244910313
-0.9997701741023367,-0.5427722617878893,-0.23625593084352625,0.9846320489337848,0.0,0.0,0.0,0.0,12.37201495855807
-1.092633594764595,-0.5278065734906314,-0.23625593084352625,-1.0036792319674983,0.0,0.0,0.0,0.0,10.915106645867503
0.508907269073746,-0.5327951362563864,-0.22689602076492946,-1.71947129309196,0.0,0.0,0.0,0.0,12.524530013005734
0.4192352110370636,-0.5078523224276259,-0.23625593084352625,-1.6399388418559087,0.0,0.0,0.0,0.0,12.596427499917318
0.2757285277263171,-0.4928866341303681,-0.23625593084352625,-1.0832116832035494,0.0,0.0,0.0,0.0,12.497252344150006
-0.5199671144439862,-0.4978751968961159,-0.24093588588282794,0.8255671464616822,0.0,0.0,0.0,0.0,12.181785075898826
-0.18419391229729626,-0.4978751968961159,-0.24561584092212635,-0.8446143294953956,0.0,0.0,0.0,0.0,11.962732764429129
-0.22254258122430223,-0.5128408851933737,-0.24093588588282794,-0.5264845245511903,0.0,0.0,0.0,0.0,12.290877840689351
-0.678593532161151,-0.5178294479591287,-0.24093588588282794,-1.0036792319674983,0.0,0.0,0.0,0.0,12.006407555388575
-0.8925717803350312,-0.5078523224276259,-0.24093588588282794,-0.12882226837093372,0.0,0.0,0.0,0.0,12.09904963758644
-0.8442828015906566,-0.5128408851933737,-0.24561584092212635,-0.9241467807314468,0.0,0.0,0.0,0.0,11.938199736300925
-0.6167543416131006,-0.5178294479591287,-0.24093588588282794,0.18930753657327157,0.0,0.0,0.0,0.0,12.016128107502665
-0.5996465452432085,-0.5178294479591287,-0.23625593084352625,-1.0036792319674983,0.0,0.0,0.0,0.0,12.15688765342645
-0.46780664661284727,-0.5178294479591287,-0.24093588588282794,-1.3218090369117035,0.0,0.0,0.0,0.0,11.995357787034976
-0.29824588809657704,-0.5178294479591287,-0.24561584092212635,-1.4013414881477548,0.0,0.0,0.0,0.0,11.973516181427835
-0.47858403515167836,-0.5377836990221414,-0.24093588588282794,-0.7650818782593443,0.0,0.0,0.0,0.0,12.090106084085123
-0.6086974589190229,-0.5228180107248837,-0.23625593084352625,-0.20835471960698504,0.0,0.0,0.0,0.0,12.254391269970792
-0.9663393426639237,-0.5228180107248837,-0.24561584092212635,-0.8446143294953956,0.0,0.0,0.0,0.0,11.956334830883424
-0.63893692773186,-0.5228180107248837,-0.24093588588282794,-0.5264845245511903,0.0,0.0,0.0,0.0,11.982935344196433
-0.9271012775953638,-0.5427722617878893,-0.2502957959614247,-0.7650818782593443,0.0,0.0,0.0,0.0,12.499864763577847
-0.7721893967046892,-0.5178294479591287,-0.2502957959614247,-1.1627441344396008,0.0,0.0,0.0,0.0,11.864293351358109
-0.4303996912474869,-0.5178294479591287,-0.2502957959614247,-0.9241467807314468,0.0,0.0,0.0,0.0,11.874793899360315
-0.6219337662021506,-0.5128408851933737,-0.2502957959614247,-1.0036792319674983,0.0,0.0,0.0,0.0,12.09066740567538
-1.2575381028927297,-0.5028637596618709,-0.2970953463544186,0.6665022439895795,0.0,0.0,0.0,0.0,11.574029971623514
0.3873739022013929,-0.5178294479591287,-0.26901561611862157,-1.2422765856756521,0.0,0.0,0.0,0.0,12.517596969117488
-0.2699421638271225,-0.4928866341303681,-0.2643356610793232,-1.1627441344396008,0.0,0.0,0.0,0.0,12.543262481758047
0.2536505764477411,-0.47293238306735536,-0.26901561611862157,-1.4013414881477548,0.0,0.0,0.0,0.0,12.70594146211558
0.3504378036168553,-0.36318400222080316,-0.2502957959614247,-1.0036792319674983,0.0,0.0,0.0,0.0,12.509139512775626
-0.01322058343855792,-0.42803531817558915,-0.21753611068632936,-1.0036792319674983,0.0,0.0,0.0,0.0,12.660331092405906
0.08581629279448741,-0.4978751968961159,-0.21285615564703098,-1.0036792319674983,0.0,0.0,0.0,0.0,12.754485918957602
-0.5524562323207538,-0.4529781320043498,-0.2736955711579233,-0.3674196220790877,0.0,0.0,0.0,0.0,11.93558195089097
-0.49114021597361757,-0.4479895692385948,-0.27837552619722167,0.03024263410116893,0.0,0.0,0.0,0.0,11.883115664987255
-0.16117424745707443,-0.46295525753585254,-0.2830554812365201,-1.4808739393838062,0.0,0.0,0.0,0.0,12.532858837800037
-0.46900994727494977,-0.4529781320043498,-0.2877354362758185,-0.9241467807314468,0.0,0.0,0.0,0.0,12.22979405494807
-0.4976798934850443,-0.557737950085147,-0.05373768431085259,-0.20835471960698504,0.0,0.0,0.0,0.0,12.10846532932714
0.23308983035181527,-0.5527493873193992,-0.058417639350154295,-0.9241467807314468,0.0,0.0,0.0,0.0,12.250572667806054
-0.311272925699339,-0.5477608245536442,-0.06309759438945269,-1.0832116832035494,0.0,0.0,0.0,0.0,12.07254696717504
-0.294949890630818,-0.5427722617878893,-0.06309759438945269,-0.7650818782593443,0.0,0.0,0.0,0.0,12.007017865994577
-0.548166203873258,-0.5427722617878893,-0.06777754942875107,-0.9241467807314468,0.0,0.0,0.0,0.0,12.051177522006789
-0.3407276332108045,-0.5377836990221414,-0.07245750446805278,-0.7650818782593443,0.0,0.0,0.0,0.0,12.02515610124372
-0.6971662162936029,-0.5327951362563864,-0.08181741454664955,-1.7990037443280114,0.0,0.0,0.0,0.0,11.894104711087113
0.13666882512334103,-0.557737950085147,-0.06777754942875107,-1.0036792319674983,0.0,0.0,0.0,0.0,12.312237337751334
-0.5736447874577763,-0.5527493873193992,-0.07245750446805278,-1.0832116832035494,0.0,0.0,0.0,0.0,12.234664961456772
-0.27857453814220573,-0.5477608245536442,-0.07245750446805278,-0.8446143294953956,0.0,0.0,0.0,0.0,12.078812973059884
0.015710949871993535,-0.5427722617878893,-0.07713745950735117,-0.8446143294953956,0.0,0.0,0.0,0.0,12.12703484943049
0.3356842911510768,-0.5427722617878893,-0.08181741454664955,-0.9241467807314468,0.0,0.0,0.0,0.0,12.32652323122033
-0.19685472795941827,-0.5627265128509019,-0.03969781919295742,-1.4808739393838062,0.0,0.0,0.0,0.0,12.055836792757997
-0.10964158866703241,-0.5926578894454175,-0.05373768431085259,-1.71947129309196,0.0,0.0,0.0,0.0,12.431617311859128
0.7191186630010441,-0.5677150756166498,-0.06309759438945269,-1.3218090369117035,0.0,0.0,0.0,0.0,12.587589946944513
0.637451170238348,-0.4928866341303681,-0.07245750446805278,-1.3218090369117035,0.0,0.0,0.0,0.0,12.496878583628968
-0.4269467415214535,-0.17860717988796923,-0.20349624556843088,0.03024263410116893,1.0,0.0,0.0,0.0,11.153403615295403
-0.37258894204647525,-0.4579666947700976,-0.13329691997894177,-0.9241467807314468,0.0,0.0,0.0,0.0,11.974146893333247
0.16282753516904752,-0.5377836990221414,-0.10521718974314814,-1.0832116832035494,0.0,0.0,0.0,0.0,12.474575721187843
-0.9212417265451255,-0.5327951362563864,-0.07713745950735117,-1.6399388418559087,0.0,0.0,0.0,0.0,11.671645688511857
-0.2587985533476514,-1.4107821830288112,0.9571326041777984,0.5869697927535281,0.0,0.0,1.0,0.0,12.442728493191302
0.12468813592240743,-1.4107821830288112,0.9571326041777984,0.9846320489337848,0.0,0.0,1.0,0.0,12.514296042962041
1.0932928514948315,-1.3708736809027857,0.9618125592170969,1.541359207586144,0.0,0.0,1.0,0.0,12.66096580954966
-0.7664344804946337,-1.415770745794559,0.9664925142563985,-0.446952073315139,0.0,0.0,1.0,0.0,12.274670105518968
-0.10127080145240629,-1.4207593085603138,0.9711724692956969,1.2232294026419388,0.0,0.0,1.0,0.0,12.279792328023508
0.38376400021508544,-1.425747871326069,0.9711724692956969,-0.3674196220790877,0.0,0.0,1.0,0.0,12.57901800545302
0.467995046562261,-1.425747871326069,0.9664925142563985,-0.7650818782593443,0.0,0.0,1.0,0.0,12.548601503733918
0.552226092909436,-1.4307364340918167,0.9664925142563985,-1.7990037443280114,0.0,0.0,0.0,1.0,12.46110626016646
0.07127205000907451,-1.4357249968575718,0.9664925142563985,1.3822943051140413,0.0,0.0,0.0,1.0,12.346273621950562
0.3481358371328329,-1.4357249968575718,0.9711724692956969,1.7004241100582467,0.0,0.0,0.0,1.0,12.361797799507952
0.46438514457595303,-1.4357249968575718,0.9711724692956969,1.6208916588221953,0.0,0.0,0.0,1.0,12.435202244657168
-0.1950236182562189,-1.4407135596233196,0.9664925142563985,0.6665022439895795,0.0,0.0,0.0,1.0,12.382547979752006
0.10831278343379516,-1.4407135596233196,0.9618125592170969,0.5074373415174769,0.0,0.0,0.0,1.0,12.493883459694384
-0.29029364024268217,-1.4407135596233196,0.9664925142563985,0.6665022439895795,0.0,0.0,0.0,1.0,12.4016435409078
-0.11377466485425418,-1.4457021223890745,0.9664925142563985,1.30276185387799,0.0,0.0,0.0,1.0,12.382547979752006
-0.7289228902890905,-1.4407135596233196,0.9711724692956969,1.2232294026419388,0.0,0.0,0.0,1.0,12.275136847806356
-0.018975499648613437,-1.4407135596233196,0.9664925142563985,1.064164500169836,0.0,0.0,0.0,1.0,12.371167504471138
0.3441597132058855,-1.4457021223890745,0.9664925142563985,1.2232294026419388,0.0,0.0,0.0,1.0,12.373707715234994
-0.35600431987749714,-1.4407135596233196,0.9711724692956969,0.8255671464616822,0.0,0.0,0.0,1.0,12.354927900740968
-0.43280629257169184,-1.4506906851548296,0.9664925142563985,0.3483724390453742,0.0,0.0,0.0,1.0,12.634606283893019
-0.4298765170465726,-1.4506906851548296,0.9664925142563985,0.3483724390453742,0.0,0.0,0.0,1.0,12.604516495526891
0.6480192890968134,-1.4506906851548296,0.9711724692956969,0.8255671464616822,0.0,0.0,0.0,1.0,12.65778818748478
1.1779424372027378,-1.4506906851548296,0.9711724692956969,0.03024263410116893,0.0,0.0,0.0,1.0,12.942281710183714
0.19406103496362137,-1.480622061749345,0.9664925142563985,0.5869697927535281,0.0,0.0,0.0,1.0,12.586223364451623
0.41897362393660675,-1.4556792479205773,0.9524526491385,0.5074373415174769,0.0,0.0,0.0,1.0,12.49275797139508
0.6223837532520212,-1.4556792479205773,0.9571326041777984,0.5074373415174769,0.0,0.0,0.0,1.0,12.380030154325457
0.7369065858321245,-1.4556792479205773,0.9524526491385,0.03024263410116893,0.0,0.0,0.0,1.0,12.469593932696368
0.7349708412887426,-1.4556792479205773,0.9664925142563985,0.5869697927535281,0.0,0.0,0.0,1.0,12.56967702537649
0.3263194729547138,-1.4556792479205773,0.9618125592170969,0.5869697927535281,0.0,0.0,0.0,1.0,12.526709446562082
-0.22343197736585627,-1.4506906851548296,0.9618125592170969,0.3483724390453742,0.0,0.0,0.0,1.0,12.484843884164489
0.5552081858546466,-1.4556792479205773,0.9618125592170969,0.5074373415174769,0.0,0.0,0.0,1.0,12.531776395271262
0.4514104243932826,-1.4556792479205773,0.9618125592170969,0.5074373415174769,0.0,0.0,0.0,1.0,12.516497870633875
-0.05298182270803199,-1.4457021223890745,0.9664925142563985,1.4618267563500926,0.0,0.0,0.0,1.0,12.547180549395199
-0.22353661220603907,-1.4457021223890745,0.9618125592170969,-0.12882226837093372,0.0,0.0,0.0,1.0,12.384641335788151
0.5225097982975133,-1.4457021223890745,0.9618125592170969,0.10977508533722025,0.0,0.0,0.0,1.0,12.463814705589053
0.31695465475835083,-1.4506906851548296,0.9618125592170969,1.064164500169836,0.0,0.0,0.0,1.0,12.438774371606481
-0.48915215401014384,-1.4407135596233196,0.9571326041777984,-0.446952073315139,0.0,0.0,0.0,1.0,12.343226842865814
-0.14929819309632367,-1.4457021223890745,0.9618125592170969,0.5074373415174769,0.0,0.0,0.0,1.0,12.45332717690471
0.40202277982698886,-1.4457021223890745,0.9618125592170969,0.42790489028142553,0.0,0.0,0.0,1.0,12.626429650198945
0.34395044352551984,-1.4457021223890745,0.9571326041777984,0.18930753657327157,0.0,0.0,0.0,1.0,12.633628610612188
0.8833430446679903,-1.4506906851548296,0.9571326041777984,0.18930753657327157,0.0,0.0,0.0,1.0,12.501354516219285
-0.2540899855394243,-1.4506906851548296,0.9524526491385,-1.0832116832035494,0.0,0.0,0.0,1.0,12.6237989437515
0.6430491341881296,-1.4506906851548296,0.9524526491385,0.18930753657327157,0.0,0.0,0.0,1.0,12.593037677653752
0.761129551334449,-1.4556792479205773,0.9571326041777984,0.42790489028142553,0.0,0.0,0.0,1.0,12.509139512775626
-0.47727609964939305,-1.4506906851548296,0.9524526491385,-1.1627441344396008,0.0,0.0,0.0,1.0,12.675141462975478
-0.42574344085935106,-1.4357249968575718,0.9618125592170969,-0.9241467807314468,0.0,0.0,0.0,1.0,11.37940550085183
0.2889648350094449,-1.4357249968575718,0.9524526491385,0.5074373415174769,0.0,0.0,0.0,1.0,12.382547979752006
0.8937018938460901,-1.4457021223890745,0.9524526491385,-0.6855494270232929,0.0,0.0,0.0,1.0,12.625772622110356
0.9821183338005782,-1.4457021223890745,0.9477726940991983,-0.8446143294953956,0.0,0.0,0.0,1.0,12.604516495526891
0.8087384036176352,-1.4407135596233196,0.9477726940991983,-1.0832116832035494,0.0,0.0,0.0,1.0,12.559194785729225
0.722519295306986,-1.4407135596233196,0.9430927390599,-0.6060169757872417,0.0,0.0,0.0,1.0,12.685101053675606
0.4734883756718591,-1.4357249968575718,0.9524526491385,0.5869697927535281,0.0,0.0,0.0,1.0,12.414715569074824
0.7681924030467896,-1.4357249968575718,0.9477726940991983,0.5074373415174769,0.0,0.0,0.0,1.0,12.481053143426296
0.7656811668824021,-1.4407135596233196,0.9477726940991983,0.5869697927535281,0.0,0.0,0.0,1.0,12.471896304003637
0.47045396530655725,-1.4357249968575718,0.9477726940991983,0.5869697927535281,0.0,0.0,0.0,1.0,12.545045324865894
0.05018812971223487,-1.4307364340918167,0.9430927390599,0.7460346952256308,0.0,0.0,0.0,1.0,12.528884140515583
0.2237250121554523,-1.425747871326069,0.9477726940991983,0.03024263410116893,0.0,0.0,0.0,1.0,12.536817799389974
-0.35762615990033114,-1.4307364340918167,0.9477726940991983,-0.6060169757872417,0.0,0.0,0.0,1.0,12.439566447718878
0.46438514457595303,-1.4307364340918167,0.9477726940991983,0.5869697927535281,0.0,0.0,0.0,1.0,12.48975046163757
0.2870814078861538,-1.4307364340918167,0.9524526491385,0.5074373415174769,0.0,0.0,0.0,1.0,12.500237409855137
0.6509490646219327,-1.4207593085603138,0.9524526491385,1.064164500169836,0.0,0.0,0.0,1.0,12.329621250524813
-0.01698743768513972,-1.415770745794559,0.9477726940991983,0.6665022439895795,0.0,0.0,0.0,1.0,12.432016272969701
0.4498409017905406,-1.4207593085603138,0.9477726940991983,0.9846320489337848,0.0,0.0,0.0,1.0,12.620170385023595
0.5479360644619403,-1.4207593085603138,0.9477726940991983,-0.04928981713488239,0.0,0.0,0.0,1.0,12.519060557144618
0.13012914761191427,-1.4207593085603138,0.9477726940991983,0.5869697927535281,0.0,0.0,0.0,1.0,12.699551683459445
0.3132401179318603,-1.415770745794559,0.9477726940991983,0.2688399878093229,0.0,0.0,0.0,1.0,12.415932356015515
-0.45572132257173087,-1.415770745794559,0.9477726940991983,0.42790489028142553,0.0,0.0,0.0,1.0,12.398761113062513
-0.10964158866703241,-1.415770745794559,0.9477726940991983,0.9050995976977334,0.0,0.0,0.0,1.0,12.295917919903431
0.38402558731554237,-1.415770745794559,0.9477726940991983,0.6665022439895795,0.0,0.0,0.0,1.0,12.377927112974284
-0.31022657729751063,-1.415770745794559,0.9477726940991983,1.2232294026419388,0.0,0.0,0.0,1.0,12.360084744326953
-0.19481434857585325,-1.415770745794559,0.9430927390599,0.2688399878093229,0.0,0.0,0.0,1.0,12.356219606876625
-0.6346992167044554,-1.4207593085603138,0.9477726940991983,-0.20835471960698504,0.0,0.0,0.0,1.0,12.404927602627597
0.3521119610597803,-1.425747871326069,0.9477726940991983,1.1436969514058875,0.0,0.0,0.0,1.0,12.547891278953442
-0.010343125333530162,-1.4207593085603138,0.9430927390599,0.8255671464616822,0.0,0.0,0.0,1.0,12.38756469170864
0.11877626745207759,-1.425747871326069,0.9384127840206016,0.42790489028142553,0.0,0.0,0.0,1.0,12.614868865984631
0.17302943208687302,-1.425747871326069,0.9384127840206016,1.064164500169836,0.0,0.0,0.0,1.0,12.516131235860326
1.2417696897142618,-1.4357249968575718,0.9384127840206016,-0.7650818782593443,0.0,0.0,0.0,1.0,12.775075663798933
0.4882942055577289,-1.4407135596233196,0.9430927390599,-1.0036792319674983,0.0,0.0,0.0,1.0,12.476103599529843
0.37539321300045936,-1.4407135596233196,0.9384127840206016,-0.9241467807314468,0.0,0.0,0.0,1.0,12.434008694459976
0.4022843669274458,-1.4457021223890745,0.9430927390599,-0.12882226837093372,0.0,0.0,0.0,1.0,12.37243841643669
0.8334845433208735,-1.47563349898359,0.9477726940991983,-0.28788717084303633,0.0,0.0,0.0,1.0,12.51503052432271
0.09382085806847357,-1.47563349898359,0.9430927390599,-0.6855494270232929,0.0,0.0,0.0,1.0,12.524530013005734
0.20039144279468202,-1.4506906851548296,0.9430927390599,0.8255671464616822,0.0,0.0,0.0,1.0,12.334470257826283
0.6689985745534704,-1.4556792479205773,0.9337328289813032,0.18930753657327157,0.0,0.0,0.0,1.0,12.48332931179837
-0.183775372936565,-1.4556792479205773,0.9337328289813032,0.42790489028142553,0.0,0.0,0.0,1.0,12.445487104758993
-0.3304734188728875,-1.4556792479205773,0.9337328289813032,0.18930753657327157,0.0,0.0,0.0,1.0,12.365641477767022
-0.5062076329599445,-1.47563349898359,0.9337328289813032,-0.12882226837093372,0.0,0.0,0.0,1.0,12.337982098521458
4.5117130802677705,-1.4506906851548296,0.9384127840206016,-1.71947129309196,0.0,0.0,0.0,1.0,12.546113507028412
0.816219794690707,-1.4457021223890745,0.924372918902703,0.42790489028142553,0.0,0.0,0.0,1.0,12.540045332306379
0.2889648350094449,-1.480622061749345,0.9290528739420014,0.5074373415174769,0.0,0.0,0.0,1.0,12.476485204641877
0.6549775059689714,-1.4556792479205773,0.9150130088241063,0.5074373415174769,0.0,0.0,0.0,1.0,12.47801017053037
0.25004067446143313,-1.4606678106863322,0.9150130088241063,0.5869697927535281,0.0,0.0,0.0,1.0,12.377927112974284
0.1955259227261808,-1.4606678106863322,0.9196929638634047,0.5074373415174769,0.0,0.0,0.0,1.0,12.39545670404338
0.16031629900465952,-1.4856106245150928,0.9150130088241063,0.18930753657327157,0.0,0.0,0.0,1.0,12.75275081654168
-0.8573621566135101,-1.4656563734520873,0.9103330537848046,-0.6855494270232929,0.0,0.0,0.0,1.0,13.017005083966255
0.10632472147032145,-1.4556792479205773,0.9196929638634047,0.3483724390453742,0.0,0.0,0.0,1.0,12.508400690203496
0.3554079585255396,-1.4506906851548296,0.9056530987455061,0.42790489028142553,0.0,0.0,0.0,1.0,12.425212191503038
0.9882917893713651,-1.4407135596233196,0.9150130088241063,-0.6060169757872417,0.0,0.0,0.0,1.0,12.69404204451308
0.6129666176355669,-1.4407135596233196,0.9337328289813032,-0.5264845245511903,0.0,0.0,0.0,1.0,12.543976000470021
1.4880801035046356,-1.4357249968575718,0.9290528739420014,-0.20835471960698504,0.0,0.0,0.0,1.0,12.75014250498702
0.9792408756955507,-1.4357249968575718,0.9337328289813032,-0.04928981713488239,0.0,0.0,0.0,1.0,12.618516677531483
0.46365270069467357,-1.4307364340918167,0.9337328289813032,0.5074373415174769,0.0,0.0,0.0,1.0,12.547180549395199
0.5738855048272813,-1.425747871326069,0.9337328289813032,0.42790489028142553,0.0,0.0,0.0,1.0,12.743445745927973
0.15325344729231893,-1.425747871326069,0.924372918902703,-0.6060169757872417,0.0,0.0,0.0,1.0,12.749852272189257
0.1955259227261808,-1.415770745794559,0.9290528739420014,1.6208916588221953,0.0,0.0,0.0,1.0,12.557085087723449
-0.028706539785616148,-1.415770745794559,0.924372918902703,1.3822943051140413,0.0,0.0,0.0,1.0,12.519426119694613
0.4309543131375403,-1.4207593085603138,0.924372918902703,0.6665022439895795,0.0,0.0,0.0,1.0,12.740520064864135
1.2912096517006473,-1.4207593085603138,0.9290528739420014,0.8255671464616822,0.0,0.0,0.0,1.0,12.690660037852133
0.3076421539820791,-1.4207593085603138,0.9290528739420014,0.9050995976977334,0.0,0.0,0.0,1.0,12.63818293027894
0.14388862909595596,-1.4207593085603138,0.924372918902703,-0.9241467807314468,0.0,0.0,0.0,1.0,11.83138646878959
-0.23347692202340742,-1.4207593085603138,0.9337328289813032,1.3822943051140413,0.0,0.0,0.0,1.0,12.587589946944513
0.4987053721559205,-1.4207593085603138,0.9290528739420014,1.1436969514058875,0.0,0.0,0.0,1.0,12.672949516558306
0.48327173322895334,-1.4207593085603138,0.9290528739420014,0.5869697927535281,0.0,0.0,0.0,1.0,12.633954607922337
0.27876293809161895,-1.4207593085603138,0.9290528739420014,0.5869697927535281,0.0,0.0,0.0,1.0,12.669495292537231
-0.34250642549391264,-1.415770745794559,0.9290528739420014,0.8255671464616822,0.0,0.0,0.0,1.0,12.399585512019348
-0.4030899979597692,-1.4107821830288112,0.9290528739420014,0.2688399878093229,0.0,0.0,0.0,1.0,12.441148720271016
-0.6473077149464861,-1.415770745794559,0.9337328289813032,0.8255671464616822,0.0,0.0,0.0,1.0,12.398761113062513
-0.8639018341249366,-1.4207593085603138,0.9384127840206016,0.9846320489337848,0.0,0.0,0.0,1.0,12.26670197321789
-0.1856588000598559,-1.425747871326069,0.9337328289813032,-1.0832116832035494,0.0,0.0,0.0,1.0,11.8789634386217
-0.7854257039878169,-1.4207593085603138,0.9337328289813032,1.3822943051140413,0.0,0.0,0.0,1.0,12.524530013005734
0.18307437674442464,-1.415770745794559,0.9337328289813032,0.6665022439895795,0.0,0.0,0.0,1.0,12.339295865674435
-0.4584418284164843,-1.415770745794559,0.9337328289813032,0.5074373415174769,0.0,0.0,0.0,1.0,12.341918233338216
0.07718391847940391,-1.4107821830288112,0.9290528739420014,1.2232294026419388,0.0,0.0,0.0,1.0,12.32029824991355
0.29827733578571614,-1.415770745794559,0.9384127840206016,0.7460346952256308,0.0,0.0,0.0,1.0,12.280256686219182
-0.37326906850766367,-1.4107821830288112,0.924372918902703,0.5074373415174769,0.0,0.0,0.0,1.0,12.67106687365095
-0.2684249586444715,-1.4008050574973012,0.9196929638634047,0.3483724390453742,0.0,0.0,0.0,1.0,12.48786616443145
-0.6886384768187024,-1.405793620263056,0.9196929638634047,0.5869697927535281,0.0,0.0,0.0,1.0,12.517596969117488
0.9749508472480546,-1.415770745794559,0.924372918902703,1.064164500169836,0.0,0.0,0.0,1.0,12.726059179728116
0.45088725019236875,-1.415770745794559,0.924372918902703,1.1436969514058875,0.0,0.0,0.0,1.0,12.758235011311193
0.13609333350233543,-1.415770745794559,0.9196929638634047,0.18930753657327157,0.0,0.0,0.0,1.0,12.928781055513184
1.0474104740746621,-1.4207593085603138,0.9196929638634047,0.42790489028142553,0.0,0.0,0.0,1.0,12.911891697714024
1.3056492596458777,-1.415770745794559,0.9196929638634047,-0.20835471960698504,0.0,0.0,0.0,1.0,13.053872522742985
1.2652078939152152,-1.415770745794559,0.9150130088241063,0.42790489028142553,0.0,0.0,0.0,1.0,13.017005083966255
1.226702272727935,-1.4107821830288112,0.9196929638634047,1.8594890125303492,0.0,0.0,0.0,1.0,12.948726400243292
0.4058419514936619,-1.405793620263056,0.9196929638634047,1.2232294026419388,0.0,0.0,0.0,1.0,12.866440919874208
0.2609226978404473,-1.405793620263056,0.9196929638634047,0.42790489028142553,0.0,0.0,0.0,1.0,12.739347391533249
1.1802967211068516,-1.405793620263056,0.9150130088241063,0.2688399878093229,0.0,0.0,0.0,1.0,13.122367377396328
1.2317247450567108,-1.4107821830288112,0.9150130088241063,-0.5264845245511903,0.0,0.0,0.0,1.0,13.122367377396328
-0.419517667868473,-1.4008050574973012,0.9150130088241063,0.18930753657327157,0.0,0.0,0.0,1.0,13.033971411476577
0.4114922328635344,-1.4008050574973012,0.9150130088241063,1.2232294026419388,0.0,0.0,0.0,1.0,13.037243301685471
2.104954803802489,-1.405793620263056,0.9103330537848046,0.5869697927535281,0.0,0.0,0.0,1.0,13.122367377396328
1.298377138253171,-1.4107821830288112,0.9103330537848046,-0.20835471960698504,0.0,0.0,0.0,1.0,13.122367377396328
1.1306474894401004,-1.405793620263056,0.9150130088241063,0.3483724390453742,0.0,0.0,0.0,1.0,13.122367377396328
1.3656050230706374,-1.405793620263056,0.9056530987455061,0.5074373415174769,0.0,0.0,0.0,1.0,13.017005083966255
0.6130189350556582,-1.3958164947315534,0.9196929638634047,-0.20835471960698504,0.0,0.0,0.0,1.0,12.765691290604371
-0.22761737097316934,-1.3958164947315534,0.9150130088241063,0.8255671464616822,0.0,0.0,0.0,1.0,12.776489887159451
0.997918194668185,-1.4008050574973012,0.9150130088241063,1.6208916588221953,0.0,0.0,0.0,1.0,12.842916634678488
0.9669462819740685,-1.3958164947315534,0.9150130088241063,1.8594890125303492,0.0,0.0,0.0,1.0,13.122365377402328
0.27400205286330076,-1.3958164947315534,0.9103330537848046,1.8594890125303492,0.0,0.0,0.0,1.0,13.122365377402328
2.4035303202641836,-1.4008050574973012,0.9103330537848046,1.8594890125303492,0.0,0.0,0.0,1.0,13.122367377396328
1.3574958229564682,-1.4008050574973012,0.9103330537848046,1.8594890125303492,0.0,0.0,0.0,1.0,13.122367377396328
0.6274585430008881,-1.3908279319657983,0.9103330537848046,1.8594890125303492,0.0,0.0,0.0,1.0,12.832548365186273
0.11636966612787261,-1.3908279319657983,0.9103330537848046,0.6665022439895795,0.0,0.0,0.0,1.0,12.980802117227352
0.45209055085447125,-1.3958164947315534,0.9103330537848046,1.1436969514058875,0.0,0.0,0.0,1.0,13.122367377396328
0.35174573911914087,-1.3958164947315534,0.9103330537848046,1.8594890125303492,0.0,0.0,0.0,1.0,13.122367377396328
0.91258848249909,-1.3808508064342957,0.9150130088241063,1.2232294026419388,0.0,0.0,0.0,1.0,12.86463096930887
0.4789293873613659,-1.3758622436685406,0.9103330537848046,0.9050995976977334,0.0,0.0,0.0,1.0,12.79358427261286
-0.018295373187425024,-1.3808508064342957,0.9103330537848046,1.7004241100582467,0.0,0.0,0.0,1.0,12.827189309914244
0.1094637666758059,-1.3858393692000435,0.9103330537848046,1.8594890125303492,0.0,0.0,0.0,1.0,12.925864191308163
-0.19031505044799152,-1.3908279319657983,0.9150130088241063,-0.6855494270232929,0.0,0.0,0.0,1.0,12.767404103718484
-0.2769526981193718,-1.3858393692000435,0.9103330537848046,0.10977508533722025,0.0,0.0,0.0,1.0,12.75130259456002
0.19066040265767956,-1.3808508064342957,0.9056530987455061,0.8255671464616822,0.0,0.0,0.0,1.0,12.980341182582029
0.5722113473843558,-1.3858393692000435,0.9056530987455061,1.8594890125303492,0.0,0.0,0.0,1.0,13.122367377396328
4.474620029422958,-1.3958164947315534,0.9103330537848046,0.42790489028142553,0.0,0.0,0.0,1.0,13.122367377396328
3.5877351240333217,-1.3908279319657983,0.9056530987455061,0.5074373415174769,0.0,0.0,0.0,1.0,13.122367377396328
5.819700899973191,-1.3908279319657983,0.9009731437062078,0.2688399878093229,0.0,0.0,0.0,1.0,13.122367377396328
4.084436710381198,-1.3958164947315534,0.9009731437062078,-0.6060169757872417,0.0,0.0,0.0,1.0,13.122367377396328
4.585846864537302,-1.3808508064342957,0.9009731437062078,0.8255671464616822,0.0,0.0,0.0,1.0,13.122367377396328
4.978018245542535,-1.3808508064342957,0.8962931886669061,-0.28788717084303633,0.0,0.0,0.0,1.0,13.122367377396328
3.2914092566355575,-1.3908279319657983,0.8916132336276077,-0.446952073315139,0.0,0.0,0.0,1.0,13.122367377396328
5.517201577004641,-1.3858393692000435,0.9009731437062078,1.8594890125303492,0.0,0.0,0.0,1.0,13.122367377396328
1.6563329265186204,-1.3808508064342957,0.9056530987455061,1.8594890125303492,0.0,0.0,0.0,1.0,13.122367377396328
2.2933498335516673,-1.3808508064342957,0.9056530987455061,1.8594890125303492,0.0,0.0,0.0,1.0,13.122367377396328
3.428010040494237,-1.3858393692000435,0.9056530987455061,1.8594890125303492,0.0,0.0,0.0,1.0,13.122367377396328
-0.4003171746949242,-1.3758622436685406,0.9056530987455061,1.1436969514058875,0.0,0.0,0.0,1.0,12.67106687365095
-0.23175044716039087,-1.3758622436685406,0.9056530987455061,-0.12882226837093372,0.0,0.0,0.0,1.0,12.577639650232573
-0.20543478485441002,-1.3758622436685406,0.9103330537848046,-0.12882226837093372,0.0,0.0,0.0,1.0,12.570371950022508
-0.25963563206911416,-1.3758622436685406,0.9103330537848046,-0.04928981713488239,0.0,0.0,0.0,1.0,12.561650487872974
-0.10210788017386904,-1.365885118137038,0.9196929638634047,0.42790489028142553,0.0,0.0,1.0,0.0,12.51723073716405
0.048827876789858046,-1.365885118137038,0.9103330537848046,1.2232294026419388,0.0,0.0,1.0,0.0,12.461880850543723
0.16282753516904752,-1.365885118137038,0.9056530987455061,1.30276185387799,0.0,0.0,0.0,1.0,12.496130643234865
-0.5905956315673941,-1.3758622436685406,0.9103330537848046,1.1436969514058875,0.0,0.0,0.0,1.0,12.359227115018937
-0.30719216693220874,-1.3708736809027857,0.9056530987455061,1.064164500169836,0.0,0.0,0.0,1.0,12.379609899729042
-0.3388965235076052,-1.3708736809027857,0.9056530987455061,0.3483724390453742,0.0,0.0,0.0,1.0,12.366493625870792
-0.46189477814251767,-1.3708736809027857,0.9056530987455061,1.8594890125303492,0.0,0.0,0.0,1.0,12.454107814022272
-0.07014193649801549,-1.365885118137038,0.9056530987455061,1.064164500169836,0.0,0.0,0.0,1.0,12.586565185197317
-0.5332034217271138,-1.3708736809027857,0.9009731437062078,1.2232294026419388,0.0,0.0,0.0,1.0,12.429220196836383
-0.13145795284515174,-1.3758622436685406,0.9056530987455061,-0.6855494270232929,0.0,0.0,0.0,1.0,12.554265215639417
-0.023317845516200603,-1.3708736809027857,0.9009731437062078,-1.5604063906198575,0.0,0.0,0.0,1.0,12.377927112974284
0.8751292097136385,-1.3708736809027857,0.9009731437062078,1.6208916588221953,0.0,0.0,0.0,1.0,13.122367377396328
-0.37368760786839494,-1.3708736809027857,0.9009731437062078,-0.20835471960698504,0.0,0.0,0.0,1.0,12.936036208848487
3.2426494211103596,-1.3758622436685406,0.9009731437062078,1.7004241100582467,0.0,0.0,0.0,1.0,13.122367377396328
0.3998777656032408,-1.3708736809027857,0.8962931886669061,1.7004241100582467,0.0,0.0,0.0,1.0,13.122367377396328
2.8738639268859885,-1.3758622436685406,0.8962931886669061,1.779956561294298,0.0,0.0,0.0,1.0,13.122367377396328
1.6098227400573537,-1.3808508064342957,0.8962931886669061,1.2232294026419388,0.0,0.0,0.0,1.0,13.122367377396328
0.048409337429126786,-1.365885118137038,0.9009731437062078,1.8594890125303492,0.0,0.0,0.0,1.0,12.785213711379622
-0.3276482781879513,-1.365885118137038,0.8962931886669061,1.8594890125303492,0.0,0.0,0.0,1.0,12.59946854621754
0.4868293177951695,-1.3708736809027857,0.8962931886669061,1.3822943051140413,0.0,0.0,0.0,1.0,12.820449849816926
0.3045031087765947,-1.3708736809027857,0.8962931886669061,1.2232294026419388,0.0,0.0,0.0,1.0,12.891945935373538
1.1816569740292284,-1.3758622436685406,0.8962931886669061,0.3483724390453742,0.0,0.0,0.0,1.0,13.122367377396328
0.6284002565625336,-1.3708736809027857,0.8916132336276077,0.42790489028142553,0.0,0.0,0.0,1.0,12.917062200011113
1.795444946541688,-1.3808508064342957,0.8869332785883093,-0.12882226837093372,0.0,0.0,0.0,1.0,13.048934251705282
1.4795000466096437,-1.3758622436685406,0.8869332785883093,-0.8446143294953956,0.0,0.0,0.0,1.0,12.931205293247745
2.0393487590078565,-1.3858393692000435,0.8869332785883093,-0.12882226837093372,0.0,0.0,0.0,1.0,13.023870337671113
1.4751577007420564,-1.3808508064342957,0.882253323549011,0.42790489028142553,0.0,0.0,0.0,1.0,12.92683742502675
0.08654873667576689,-1.3758622436685406,0.8869332785883093,-0.28788717084303633,0.0,0.0,0.0,1.0,13.03571775170136
1.314700173321692,-1.3708736809027857,0.882253323549011,-0.9241467807314468,0.0,0.0,0.0,1.0,13.08320874206786
0.8155396682295188,-1.3608965553712828,0.8869332785883093,0.6665022439895795,0.0,0.0,0.0,1.0,12.838941550538891
1.111080774325912,-1.3608965553712828,0.8869332785883093,0.9050995976977334,0.0,0.0,0.0,1.0,12.858921132124243
0.7585136803298784,-1.3608965553712828,0.8869332785883093,0.7460346952256308,0.0,0.0,0.0,1.0,12.839472475608636
1.5471987882079323,-1.365885118137038,0.882253323549011,0.5074373415174769,0.0,0.0,0.0,1.0,13.032878398126998
-0.4895706933708751,-1.3608965553712828,0.8916132336276077,0.8255671464616822,0.0,0.0,0.0,1.0,12.738173341424954
0.3323882936853175,-1.3608965553712828,0.8869332785883093,1.1436969514058875,0.0,0.0,0.0,1.0,12.730212243683011
0.5941846638227491,-1.355907992605535,0.8869332785883093,0.9846320489337848,0.0,0.0,0.0,1.0,12.81638426369269
0.8698974677044968,-1.365885118137038,0.8916132336276077,1.30276185387799,0.0,0.0,0.0,1.0,12.891442158294312
0.38517657055755355,-1.365885118137038,0.8869332785883093,0.9846320489337848,0.0,0.0,0.0,1.0,12.798573182658513
0.9954592759238887,-1.3708736809027857,0.8869332785883093,0.8255671464616822,0.0,0.0,0.0,1.0,12.866440919874208
0.05018812971223487,-1.365885118137038,0.8962931886669061,-0.12882226837093372,0.0,0.0,0.0,1.0,12.777337462157007
0.102714819484014,-1.365885118137038,0.8916132336276077,0.7460346952256308,0.0,0.0,0.0,1.0,12.862039629665835
-0.3620731406081011,-1.365885118137038,0.8916132336276077,1.064164500169836,0.0,0.0,0.0,1.0,12.773659437577876
0.05599536334238168,-1.3608965553712828,0.8962931886669061,0.5074373415174769,0.0,0.0,0.0,1.0,12.744905382854366
-0.6593930389876025,-1.365885118137038,0.8962931886669061,1.30276185387799,0.0,0.0,0.0,1.0,12.51686437103563
0.2193303488677736,-1.365885118137038,0.9009731437062078,1.30276185387799,0.0,0.0,0.0,1.0,12.643362594887305
0.4789293873613659,-1.365885118137038,0.9009731437062078,0.5869697927535281,0.0,0.0,0.0,1.0,12.663500657121004
0.536269279781555,-1.365885118137038,0.9009731437062078,1.30276185387799,0.0,0.0,0.0,1.0,12.70715394722173
-0.29102608412396214,-1.365885118137038,0.9009731437062078,0.9050995976977334,0.0,0.0,0.0,1.0,12.587589946944513
0.06473237249764777,-1.365885118137038,0.9056530987455061,0.6665022439895795,0.0,0.0,0.0,1.0,12.519791548657462
0.3980466559000414,-1.365885118137038,0.9056530987455061,0.18930753657327157,0.0,0.0,0.0,1.0,12.510246724155719
0.6051713220419463,-1.3608965553712828,0.9056530987455061,0.5869697927535281,0.0,0.0,1.0,0.0,12.509508719465414
0.44895150564898634,-1.3608965553712828,0.9009731437062078,0.6665022439895795,0.0,0.0,0.0,1.0,12.512825459868276
0.4789293873613659,-1.3608965553712828,0.9056530987455061,0.5869697927535281,0.0,0.0,1.0,0.0,12.528522019787818
0.7805916316084545,-1.355907992605535,0.9009731437062078,0.42790489028142553,0.0,0.0,1.0,0.0,12.73493757815388
0.8694266109236743,-1.3608965553712828,0.9009731437062078,0.5869697927535281,0.0,0.0,0.0,1.0,12.549665896013254
1.0180080839832877,-1.355907992605535,0.9009731437062078,0.5869697927535281,0.0,0.0,1.0,0.0,12.575568548598568
0.8591200791656658,-1.3608965553712828,0.9009731437062078,0.5074373415174769,0.0,0.0,0.0,1.0,12.523802478333899
0.6063746227040488,-1.355907992605535,0.9009731437062078,-1.3218090369117035,0.0,0.0,1.0,0.0,12.630689842582935
1.0886889185267872,-1.3409423043082773,0.8962931886669061,-0.9241467807314468,0.0,0.0,1.0,0.0,13.00313154274533
0.433308597041654,-1.3409423043082773,0.8962931886669061,-0.9241467807314468,0.0,0.0,1.0,0.0,13.122367377396328
1.7638452248064744,-1.3409423043082773,0.8916132336276077,-1.0036792319674983,0.0,0.0,1.0,0.0,12.837347081942964
2.221308746085791,-1.345930867074025,0.8962931886669061,-1.0832116832035494,0.0,0.0,1.0,0.0,13.08839492693925
1.175326566198167,-1.3509194298397802,0.8962931886669061,-0.9241467807314468,0.0,0.0,1.0,0.0,12.836548893256682
0.5582949136400397,-1.345930867074025,0.9009731437062078,-0.9241467807314468,0.0,0.0,1.0,0.0,12.58485491185508
0.9507801991658218,-1.345930867074025,0.9009731437062078,-1.8785361955640627,0.0,0.0,1.0,0.0,12.682930853382516
0.7577812364485985,-1.3409423043082773,0.8916132336276077,-1.2422765856756521,0.0,0.0,1.0,0.0,12.700161995927848
2.754632526497658,-1.3409423043082773,0.8916132336276077,-1.8785361955640627,0.0,0.0,1.0,0.0,13.122367377396328
1.6151591169066781,-1.3409423043082773,0.8916132336276077,-1.8785361955640627,0.0,0.0,1.0,0.0,12.941563062934309
1.1293918713579065,-1.345930867074025,0.8916132336276077,-1.8785361955640627,0.0,0.0,1.0,0.0,12.991801286323186
1.8248996540531537,-1.345930867074025,0.8916132336276077,-1.0036792319674983,0.0,0.0,1.0,0.0,12.94729783197312
2.6326283028444823,-1.345930867074025,0.8916132336276077,-1.0832116832035494,0.0,0.0,1.0,0.0,13.122367377396328
0.9375438918826945,-1.3409423043082773,0.9009731437062078,-0.446952073315139,0.0,0.0,1.0,0.0,12.876465396508989
1.4222647890296378,-1.3409423043082773,0.9056530987455061,-0.446952073315139,0.0,0.0,1.0,0.0,12.90917263218775
0.9225287923164586,-1.3359537415425222,0.9009731437062078,-0.7650818782593443,0.0,0.0,1.0,0.0,12.972240242784018
0.2687703108541591,-1.355907992605535,0.8962931886669061,-0.12882226837093372,0.0,0.0,0.0,1.0,12.506551242106323
0.048984829050132385,-1.3509194298397802,0.8916132336276077,-0.3674196220790877,0.0,0.0,0.0,1.0,12.588613659630019
0.540350038548685,-1.355907992605535,0.8916132336276077,1.1436969514058875,0.0,0.0,0.0,1.0,12.588613659630019
0.6768985049872736,-1.3509194298397802,0.8916132336276077,0.6665022439895795,0.0,0.0,0.0,1.0,12.592018486191964
0.5921442844391842,-1.355907992605535,0.8916132336276077,0.8255671464616822,0.0,0.0,0.0,1.0,12.605187634239536
0.5598644362427821,-1.355907992605535,0.8916132336276077,0.9846320489337848,0.0,0.0,0.0,1.0,12.551083325671442
-0.4438975856310714,-1.355907992605535,0.8869332785883093,0.5074373415174769,0.0,0.0,0.0,1.0,12.646264409266557
0.48573065197325005,-1.3509194298397802,0.8869332785883093,-1.0832116832035494,0.0,0.0,0.0,1.0,12.989976472461
0.6510536994621157,-1.3509194298397802,0.8869332785883093,0.42790489028142553,0.0,0.0,0.0,1.0,12.64722981250999
-0.19685472795941827,-1.345930867074025,0.8869332785883093,1.1436969514058875,0.0,0.0,0.0,1.0,12.496504683358769
-0.1735734760187393,-1.3509194298397802,0.8869332785883093,-0.28788717084303633,0.0,0.0,0.0,1.0,12.566195139831894
0.7713314482522745,-1.355907992605535,0.882253323549011,0.3483724390453742,0.0,0.0,0.0,1.0,12.869020894009179
0.10663862599086966,-1.3509194298397802,0.882253323549011,-0.12882226837093372,0.0,0.0,0.0,1.0,12.893707159224892
0.08110772498626004,-1.3509194298397802,0.882253323549011,0.03024263410116893,0.0,0.0,0.0,1.0,12.983563272315347
0.8347924788231587,-1.3509194298397802,0.882253323549011,0.7460346952256308,0.0,0.0,0.0,1.0,12.893958509606131
1.57079394466916,-1.355907992605535,0.882253323549011,0.7460346952256308,0.0,0.0,0.0,1.0,12.865665627873343
0.8966839867913007,-1.3608965553712828,0.882253323549011,0.7460346952256308,0.0,0.0,0.0,1.0,12.940843898859598
0.8140224630468677,-1.3608965553712828,0.8775733685097092,0.5074373415174769,0.0,0.0,0.0,1.0,12.876465396508989
2.211786975629154,-1.3608965553712828,0.882253323549011,0.2688399878093229,0.0,0.0,0.0,1.0,12.853701927216076
2.4029548286431783,-1.3708736809027857,0.882253323549011,-0.20835471960698504,0.0,0.0,0.0,1.0,12.946105797482307
0.2708106902377246,-1.365885118137038,0.8728934134704108,-0.5264845245511903,0.0,0.0,0.0,1.0,13.104608691643616
-0.09221988777659176,-1.345930867074025,0.882253323549011,0.5074373415174769,0.0,0.0,0.0,1.0,12.73582109791826
1.0568799271112077,-1.345930867074025,0.8775733685097092,0.5869697927535281,0.0,0.0,0.0,1.0,12.935554166134988
1.1636074640976906,-1.355907992605535,0.8775733685097092,0.5074373415174769,0.0,0.0,0.0,1.0,12.963135497046782
-0.4148614174803371,-1.3409423043082773,0.882253323549011,0.42790489028142553,0.0,0.0,0.0,1.0,12.454107814022272
0.7586706325901523,-1.3409423043082773,0.8775733685097092,1.3822943051140413,0.0,0.0,0.0,1.0,12.46110626016646
0.5032569877038731,-1.3359537415425222,0.8775733685097092,1.30276185387799,0.0,0.0,0.0,1.0,12.575568548598568
0.467995046562261,-1.3359537415425222,0.8728934134704108,1.2232294026419388,0.0,0.0,0.0,1.0,12.444305774364985
0.33024327946156995,-1.345930867074025,0.8775733685097092,0.8255671464616822,0.0,0.0,0.0,1.0,12.807381362897626
-0.6114702821838679,-1.3409423043082773,0.8775733685097092,0.03024263410116893,0.0,0.0,0.0,1.0,12.68788440854703
-0.13873007423785821,-1.3409423043082773,0.8728934134704108,-0.3674196220790877,0.0,0.0,0.0,1.0,12.74110588624638
-0.0898656038724783,-1.3409423043082773,0.8728934134704108,1.8594890125303492,0.0,0.0,0.0,1.0,12.795250009628397
0.5617478633660733,-1.3359537415425222,0.8728934134704108,1.30276185387799,0.0,0.0,0.0,1.0,12.75130259456002
0.18192339350241346,-1.3359537415425222,0.8682134584311124,1.1436969514058875,0.0,0.0,0.0,1.0,12.764547783171325
0.39778506879958403,-1.3359537415425222,0.8682134584311124,0.9050995976977334,0.0,0.0,0.0,1.0,12.887908594631655
1.1853715108557188,-1.3359537415425222,0.8682134584311124,1.2232294026419388,0.0,0.0,0.0,1.0,12.885883795217529
1.1667465093031755,-1.3509194298397802,0.8775733685097092,0.3483724390453742,0.0,0.0,0.0,1.0,12.91164481522143
1.8846984652176388,-1.3509194298397802,0.8728934134704108,0.3483724390453742,0.0,0.0,0.0,1.0,12.974561501205006
1.3975186493263994,-1.3509194298397802,0.8682134584311124,-0.28788717084303633,0.0,0.0,0.0,1.0,13.122367377396328
1.5882156455596004,-1.3509194298397802,0.8682134584311124,0.03024263410116893,0.0,0.0,0.0,1.0,13.032878398126998
2.4286426819080615,-1.345930867074025,0.8635335033918108,-0.20835471960698504,0.0,0.0,0.0,1.0,13.122367377396328
0.9037991559237326,-1.3409423043082773,0.8635335033918108,0.42790489028142553,0.0,0.0,0.0,1.0,13.0198898016336
1.8789958664276751,-1.355907992605535,0.8635335033918108,-1.0832116832035494,0.0,0.0,0.0,1.0,13.122367377396328
1.4803371253311064,-1.345930867074025,0.8588535483525124,1.2232294026419388,0.0,0.0,0.0,1.0,13.114131589010784
1.6343072926601352,-1.3409423043082773,0.854173593313214,-0.20835471960698504,0.0,0.0,0.0,1.0,13.122367377396328
1.57560714731757,-1.3509194298397802,0.8588535483525124,1.2232294026419388,0.0,0.0,0.0,1.0,13.122367377396328
0.6439385303296834,-1.3309651787767673,0.8588535483525124,0.9846320489337848,0.0,0.0,0.0,1.0,12.65746986922113
0.6330565069506692,-1.3359537415425222,0.8635335033918108,0.6665022439895795,0.0,0.0,0.0,1.0,12.995213862920007
1.1761636449196298,-1.3309651787767673,0.8588535483525124,0.9050995976977334,0.0,0.0,0.0,1.0,12.640452335469483
0.8331706388003249,-1.3359537415425222,0.8588535483525124,0.7460346952256308,0.0,0.0,0.0,1.0,12.628070334272698
1.0620070342801664,-1.3359537415425222,0.8588535483525124,0.5074373415174769,0.0,0.0,0.0,1.0,12.856314934678778
1.7190615132082245,-1.3359537415425222,0.8635335033918108,1.30276185387799,0.0,0.0,0.0,1.0,13.122367377396328
0.5338103610372588,-1.3309651787767673,0.8635335033918108,1.30276185387799,0.0,0.0,0.0,1.0,12.799678457417967
-0.18000851868998322,-1.3309651787767673,0.8635335033918108,0.9050995976977334,0.0,0.0,0.0,1.0,12.799125972742269
-0.06799692227426744,-1.3309651787767673,0.8682134584311124,0.10977508533722025,0.0,0.0,0.0,1.0,12.96594579676453
-0.0041173523426520945,-1.3309651787767673,0.8682134584311124,0.7460346952256308,0.0,0.0,0.0,1.0,12.48975046163757
-0.8072420681659361,-1.3259766160110196,0.8682134584311124,-1.4013414881477548,0.0,0.0,0.0,1.0,12.39545670404338
-0.8379523937595957,-1.3159994904795096,0.8682134584311124,-0.3674196220790877,0.0,0.0,1.0,0.0,12.323860125621126
-0.5600422582340087,-1.3209880532452645,0.8635335033918108,1.4618267563500926,0.0,0.0,0.0,1.0,12.343662665771719
-0.6886384768187024,-1.3209880532452645,0.8635335033918108,0.42790489028142553,0.0,0.0,0.0,1.0,12.429220196836383
-0.6764485179374031,-1.3309651787767673,0.8682134584311124,-0.7650818782593443,0.0,0.0,0.0,1.0,13.122367377396328
1.498909809463558,-1.3309651787767673,0.8962931886669061,-2.0376010980361654,0.0,0.0,1.0,0.0,12.985170432328005
1.9933617467475042,-1.3359537415425222,0.8869332785883093,-1.0036792319674983,0.0,0.0,1.0,0.0,12.95394709264047
1.2160818364493784,-1.3409423043082773,0.8869332785883093,-1.958068646800114,0.0,0.0,1.0,0.0,12.650120442784763
0.25276118030618683,-1.3359537415425222,0.882253323549011,-1.1627441344396008,0.0,0.0,1.0,0.0,12.810391344620207
-0.59451943807425,-1.3159994904795096,0.882253323549011,-0.8446143294953956,0.0,0.0,1.0,0.0,11.37940550085183
0.1576481105799976,-1.3060223649480067,0.8635335033918108,0.5074373415174769,0.0,0.0,1.0,0.0,12.488620309436481
-0.4957964663617534,-1.3159994904795096,0.8635335033918108,-0.6855494270232929,0.0,0.0,1.0,0.0,12.377927112974284
-0.45075116766304657,-1.3159994904795096,0.8635335033918108,0.6665022439895795,0.0,0.0,1.0,0.0,12.292713537231938
-0.9897775468648768,-1.3110109277137618,0.8635335033918108,0.2688399878093229,0.0,0.0,1.0,0.0,12.506180941677357
0.6744395862429773,-1.3110109277137618,0.8635335033918108,0.9846320489337848,0.0,0.0,1.0,0.0,12.361369810748965
-0.2268326096717981,-1.3110109277137618,0.8635335033918108,0.10977508533722025,0.0,0.0,1.0,0.0,12.481812442022767
0.20640794610519492,-1.3060223649480067,0.8635335033918108,1.30276185387799,0.0,0.0,1.0,0.0,12.495007682693725
0.35603576756663646,-1.3060223649480067,0.8635335033918108,0.7460346952256308,0.0,0.0,1.0,0.0,12.56689248749841
0.4868293177951695,-1.3060223649480067,0.8588535483525124,1.2232294026419388,0.0,0.0,1.0,0.0,12.651722745315356
0.17370955854806167,-1.3110109277137618,0.8588535483525124,1.2232294026419388,0.0,0.0,1.0,0.0,12.536099153001324
-0.35438247985466337,-1.3110109277137618,0.8588535483525124,0.6665022439895795,0.0,0.0,1.0,0.0,12.67857627217662
-0.5495787742157261,-1.3110109277137618,0.8588535483525124,0.6665022439895795,0.0,0.0,1.0,0.0,12.35793929036284
-0.5002957644896149,-1.3159994904795096,0.8588535483525124,0.3483724390453742,0.0,0.0,0.0,1.0,12.219980481653478
-0.4337480061333372,-1.3159994904795096,0.8588535483525124,-0.20835471960698504,0.0,0.0,0.0,1.0,12.259618151783465
-0.3167662548089374,-1.3159994904795096,0.8588535483525124,1.1436969514058875,0.0,0.0,0.0,1.0,12.450198520182342
-0.28746849955774595,-1.3209880532452645,0.8588535483525124,-0.446952073315139,0.0,0.0,0.0,1.0,12.684791313266565
-0.7200289288735503,-1.3209880532452645,0.8588535483525124,0.5074373415174769,0.0,0.0,0.0,1.0,12.023957067521133
-0.3609221573660901,-1.3209880532452645,0.8588535483525124,-0.04928981713488239,0.0,0.0,0.0,1.0,12.516497870633875
-0.30070480684087353,-1.3259766160110196,0.8635335033918108,0.3483724390453742,0.0,0.0,0.0,1.0,12.497625965026309
-0.1325043012469799,-1.3259766160110196,0.8588535483525124,0.8255671464616822,0.0,0.0,0.0,1.0,12.530331313535255
-0.5646985086221445,-1.3259766160110196,0.8635335033918108,0.7460346952256308,0.0,0.0,0.0,1.0,12.606193498512562
0.3554079585255396,-1.3309651787767673,0.8588535483525124,0.5074373415174769,0.0,0.0,0.0,1.0,12.671694815185111
0.0275870042327443,-1.3309651787767673,0.8588535483525124,0.5869697927535281,0.0,0.0,0.0,1.0,12.621821362281626
0.1815048541416822,-1.3259766160110196,0.854173593313214,0.3483724390453742,0.0,0.0,0.0,1.0,12.804087380490135
0.2827390620185664,-1.3259766160110196,0.854173593313214,-0.20835471960698504,0.0,0.0,0.0,1.0,12.718300286011257
1.165647843481256,-1.3309651787767673,0.854173593313214,0.5869697927535281,0.0,0.0,0.0,1.0,12.746945301848456
1.0736738189605513,-1.3409423043082773,0.8494936382739156,-0.9241467807314468,0.0,0.0,0.0,1.0,13.114333221834064
0.9347187511977578,-1.3259766160110196,0.854173593313214,0.5869697927535281,0.0,0.0,0.0,1.0,12.747236379448887
0.6118156343935557,-1.3259766160110196,0.8494936382739156,0.42790489028142553,0.0,0.0,0.0,1.0,12.886896707401087
2.0492367514051333,-1.3259766160110196,0.8494936382739156,0.03024263410116893,0.0,0.0,0.0,1.0,13.060277313201007
1.1244217164492223,-1.3209880532452645,0.854173593313214,-1.2422765856756521,0.0,0.0,0.0,1.0,12.92220610567321
3.1458098765211546,-1.3110109277137618,0.854173593313214,0.9050995976977334,0.0,0.0,0.0,1.0,13.122367377396328
5.819700899973191,-1.3110109277137618,0.8448136832346139,0.18930753657327157,0.0,0.0,0.0,1.0,13.122367377396328
5.819700899973191,-1.3209880532452645,0.8448136832346139,0.2688399878093229,0.0,0.0,0.0,1.0,13.122367377396328
3.661973543143037,-1.3159994904795096,0.854173593313214,1.541359207586144,0.0,0.0,0.0,1.0,13.122367377396328
5.819700899973191,-1.3159994904795096,0.854173593313214,0.9050995976977334,0.0,0.0,0.0,1.0,13.122367377396328
5.819700899973191,-1.301033802182259,0.854173593313214,0.9050995976977334,0.0,0.0,1.0,0.0,13.122367377396328
3.152768093393312,-1.3110109277137618,0.8588535483525124,0.9050995976977334,0.0,0.0,1.0,0.0,13.122367377396328
4.965305112460323,-1.301033802182259,0.8588535483525124,0.6665022439895795,0.0,0.0,1.0,0.0,13.122367377396328
0.7956067311746904,-1.291056676650749,0.8588535483525124,1.2232294026419388,0.0,0.0,1.0,0.0,12.741691364642852
-0.6412388942158821,-1.291056676650749,0.8588535483525124,0.3483724390453742,0.0,0.0,1.0,0.0,11.999054626138436
-0.78443167300608,-1.291056676650749,0.8635335033918108,0.5869697927535281,0.0,0.0,1.0,0.0,11.965916446305247
5.819700899973191,-1.2810795511192463,0.8728934134704108,1.3822943051140413,0.0,0.0,1.0,0.0,13.122367377396328
-0.0442448135527659,-1.2810795511192463,0.8588535483525124,0.5869697927535281,0.0,0.0,1.0,0.0,11.986678307125475
-0.02975288818744453,-1.2711024255877434,0.8635335033918108,0.5869697927535281,0.0,0.0,1.0,0.0,11.979178318844294
0.6346260295534116,-1.2760909883534912,0.8588535483525124,-0.28788717084303633,0.0,0.0,1.0,0.0,12.063362110324636
-0.7046476073666749,-1.2760909883534912,0.854173593313214,0.6665022439895795,0.0,0.0,1.0,0.0,11.979178318844294
-0.075896852708071,-1.2760909883534912,0.854173593313214,0.5074373415174769,0.0,0.0,1.0,0.0,11.980432229642377
-0.9765935570018408,-1.2711024255877434,0.8494936382739156,0.7460346952256308,0.0,0.0,1.0,0.0,11.955692780409043
-0.3202192045349705,-1.2760909883534912,0.854173593313214,0.18930753657327157,0.0,0.0,1.0,0.0,12.131354487250757
0.5790126119962394,-1.2760909883534912,0.8588535483525124,0.10977508533722025,0.0,0.0,1.0,0.0,12.023957067521133
-0.517665147959964,-1.2810795511192463,0.8588535483525124,0.6665022439895795,0.0,0.0,1.0,0.0,11.961456448214491
-0.5634428905399506,-1.2860681138850012,0.8588535483525124,0.6665022439895795,0.0,0.0,1.0,0.0,11.8879382384223
-0.4311844525488581,-1.2860681138850012,0.8588535483525124,0.7460346952256308,0.0,0.0,1.0,0.0,11.928347504569842
-0.7527273164306836,-1.2810795511192463,0.854173593313214,-0.12882226837093372,0.0,0.0,1.0,0.0,12.149507585033072
0.9231042839374641,-1.2860681138850012,0.8588535483525124,0.8255671464616822,0.0,0.0,1.0,0.0,12.695881965792886
0.9140533702616499,-1.2860681138850012,0.854173593313214,1.064164500169836,0.0,0.0,1.0,0.0,12.84687598006639
1.22984131793342,-1.291056676650749,0.854173593313214,1.30276185387799,0.0,0.0,1.0,0.0,12.942760521591445
1.9549084429803154,-1.291056676650749,0.8494936382739156,1.7004241100582467,0.0,0.0,1.0,0.0,12.929993908996359
0.20426293188144687,-1.291056676650749,0.854173593313214,0.2688399878093229,0.0,0.0,1.0,0.0,12.924402562452649
2.9207403352878942,-1.296045239416504,0.854173593313214,1.4618267563500926,0.0,0.0,1.0,0.0,13.122367377396328
0.16858245137910305,-1.3060223649480067,0.854173593313214,0.42790489028142553,0.0,0.0,1.0,0.0,13.122367377396328
0.30178260293184106,-1.296045239416504,0.8494936382739156,0.3483724390453742,0.0,0.0,1.0,0.0,13.122367377396328
0.692279826494149,-1.296045239416504,0.8494936382739156,0.5074373415174769,0.0,0.0,1.0,0.0,13.122367377396328
0.3099964378861928,-1.301033802182259,0.8494936382739156,1.1436969514058875,0.0,0.0,1.0,0.0,13.039418629549317
0.6418981509461184,-1.3060223649480067,0.8494936382739156,-0.8446143294953956,0.0,0.0,0.0,1.0,13.048934251705282
2.2848744114968587,-1.301033802182259,0.8448136832346139,1.2232294026419388,0.0,0.0,0.0,1.0,13.122367377396328
2.8479144865206476,-1.3060223649480067,0.8448136832346139,0.7460346952256308,0.0,0.0,0.0,1.0,13.122367377396328
2.6782490931641942,-1.3060223649480067,0.8448136832346139,0.8255671464616822,0.0,0.0,0.0,1.0,13.122367377396328
1.826835398596536,-1.3110109277137618,0.8401337281953155,0.7460346952256308,0.0,0.0,0.0,1.0,13.122367377396328
0.42614111048913034,-1.3159994904795096,0.8448136832346139,0.5074373415174769,0.0,0.0,0.0,1.0,13.122367377396328
0.7145670474530911,-1.3110109277137618,0.8401337281953155,0.9050995976977334,0.0,0.0,0.0,1.0,13.004707583652351
1.4321004640068233,-1.3060223649480067,0.8401337281953155,0.8255671464616822,0.0,0.0,0.0,1.0,13.066429860131011
0.7129975248503486,-1.3110109277137618,0.8401337281953155,-0.5264845245511903,0.0,0.0,0.0,1.0,13.122367377396328
2.521715372250686,-1.3159994904795096,0.8401337281953155,0.3483724390453742,0.0,0.0,0.0,1.0,13.122367377396328
0.9651674896909604,-1.3159994904795096,0.8401337281953155,-0.446952073315139,0.0,0.0,0.0,1.0,13.122367377396328
1.8718806972952429,-1.3259766160110196,0.8354537731560171,-1.0036792319674983,0.0,0.0,0.0,1.0,13.122367377396328
2.3863178890541086,-1.3060223649480067,0.8354537731560171,1.4618267563500926,0.0,0.0,0.0,1.0,13.122367377396328
3.0884699841009655,-1.3159994904795096,0.8401337281953155,-0.6855494270232929,0.0,0.0,0.0,1.0,13.122367377396328
4.232651961500172,-1.3159994904795096,0.8354537731560171,-0.04928981713488239,0.0,0.0,0.0,1.0,13.122367377396328
2.3029762388484873,-1.3110109277137618,0.826093863077417,0.6665022439895795,0.0,0.0,0.0,1.0,13.122367377396328
3.2289422570464095,-1.3110109277137618,0.826093863077417,0.10977508533722025,0.0,0.0,0.0,1.0,13.122367377396328
3.8931119051069007,-1.3159994904795096,0.8167339529988202,-0.04928981713488239,0.0,0.0,0.0,1.0,13.122367377396328
4.929519997117796,-1.3110109277137618,0.8026940878809218,-0.9241467807314468,0.0,0.0,1.0,0.0,13.122367377396328
2.30826029827772,-1.3159994904795096,0.8120539979595185,0.42790489028142553,0.0,0.0,0.0,1.0,13.122367377396328
0.6836997695991572,-1.3209880532452645,0.8120539979595185,-0.20835471960698504,0.0,0.0,0.0,1.0,12.765691290604371
2.5436363712689887,-1.3209880532452645,0.8073740429202201,0.42790489028142553,0.0,0.0,0.0,1.0,13.122367377396328
5.819700899973191,-1.3209880532452645,0.826093863077417,0.2688399878093229,0.0,0.0,0.0,1.0,13.122367377396328
3.3508418458594025,-1.3359537415425222,0.8494936382739156,0.42790489028142553,0.0,0.0,0.0,1.0,13.122367377396328
1.3111425887554757,-1.345930867074025,0.8494936382739156,0.9846320489337848,0.0,0.0,0.0,1.0,13.122367377396328
1.975364554236058,-1.3309651787767673,0.8401337281953155,0.5869697927535281,0.0,0.0,0.0,1.0,13.122367377396328
5.819700899973191,-1.345930867074025,0.8401337281953155,0.3483724390453742,0.0,0.0,0.0,1.0,13.122367377396328
3.544573252457906,-1.3359537415425222,0.8214139080381186,0.3483724390453742,0.0,0.0,0.0,1.0,13.122367377396328
2.0859112628892142,-1.3409423043082773,0.8167339529988202,-0.04928981713488239,0.0,0.0,0.0,1.0,13.122367377396328
3.5630936191702656,-1.355907992605535,0.8307738181167154,0.10977508533722025,0.0,0.0,0.0,1.0,13.122367377396328
0.916773876106403,-1.4407135596233196,0.8775733685097092,-0.446952073315139,0.0,0.0,0.0,1.0,12.927080585530902
0.5225097982975133,-1.4457021223890745,0.8728934134704108,-0.8446143294953956,0.0,0.0,0.0,1.0,12.720694056173551
-0.3571029856994168,-1.4457021223890745,0.8728934134704108,-0.28788717084303633,0.0,0.0,0.0,1.0,12.673576277384964
0.46119378195037686,-1.4506906851548296,0.8775733685097092,-0.5264845245511903,0.0,0.0,0.0,1.0,12.671380893706852
1.509007071541201,-1.4457021223890745,0.8775733685097092,-1.0832116832035494,0.0,0.0,0.0,1.0,12.805735727983281
1.1068430632985076,-1.4307364340918167,0.882253323549011,-1.0036792319674983,0.0,0.0,0.0,1.0,12.751592406792705
1.2102746028192315,-1.47563349898359,0.8728934134704108,-0.7650818782593443,0.0,0.0,0.0,1.0,12.710178743766354
1.281426294143553,-1.4556792479205773,0.8916132336276077,-1.0832116832035494,0.0,0.0,0.0,1.0,12.81584093453868
1.7874926986877935,-1.4656563734520873,0.8869332785883093,-0.9241467807314468,0.0,0.0,0.0,1.0,12.782126864777657
2.2811075572502766,-1.4606678106863322,0.8775733685097092,-1.4013414881477548,0.0,0.0,0.0,1.0,12.826114043883939
0.35901786051184703,-1.4556792479205773,0.8728934134704108,-0.6060169757872417,0.0,0.0,0.0,1.0,13.122365377402328
0.5044602883659756,-1.425747871326069,0.8401337281953155,-0.9241467807314468,0.0,0.0,0.0,1.0,12.777902113316417
2.040918281610599,-1.4008050574973012,0.7980141328416234,0.3483724390453742,0.0,0.0,0.0,1.0,13.030907958453746
1.22947509599278,-1.3758622436685406,0.8214139080381186,1.8594890125303492,0.0,0.0,0.0,1.0,13.122367377396328
0.7946127001929535,-1.345930867074025,0.7886542227630232,0.6665022439895795,0.0,0.0,0.0,1.0,12.53430027429669
0.6403286283433759,-1.345930867074025,0.7512145824486295,0.10977508533722025,0.0,0.0,0.0,1.0,12.67420264562853
-0.29903064939794827,-1.4008050574973012,0.7231348522128326,1.8594890125303492,0.0,0.0,0.0,1.0,12.564100174313463
-0.7348347587594204,-0.09879017563592547,-0.5591728285551815,-0.3674196220790877,0.0,0.0,0.0,1.0,12.595750454113006
0.17506981147043804,-0.10377873840168042,-0.5544928735158797,-1.5604063906198575,0.0,0.0,0.0,1.0,13.017005083966255
1.039667495901133,-0.10876730116743538,-0.5544928735158797,-0.3674196220790877,0.0,0.0,0.0,1.0,12.761970100454297
0.13666882512334103,-0.08881305010442267,-0.5544928735158797,-0.20835471960698504,0.0,0.0,0.0,1.0,12.886643575525625
-1.0636497440339523,-0.08881305010442267,-0.5591728285551815,-0.04928981713488239,0.0,0.0,0.0,1.0,12.698635515785552
-0.7356718374808829,-0.09380161287017762,-0.5591728285551815,-0.04928981713488239,0.0,0.0,0.0,1.0,12.580738282084809
0.853312845535519,-0.08881305010442267,-0.5544928735158797,-1.7990037443280114,0.0,0.0,0.0,1.0,12.482950310008736
2.1180864762454337,-0.10377873840168042,-0.5404530083979845,-0.6060169757872417,0.0,0.0,0.0,1.0,13.122367377396328
1.0860730475222167,-0.08881305010442267,-0.5310930983193844,-0.20835471960698504,0.0,0.0,0.0,0.0,12.99088929563524
1.3592746152395763,-0.10377873840168042,-0.5544928735158797,-0.446952073315139,0.0,0.0,0.0,1.0,13.122367377396328
-0.38708086741179665,-0.07883592457291985,-0.5591728285551815,0.7460346952256308,0.0,0.0,0.0,1.0,12.786893438315085
0.3408637157401267,-0.07883592457291985,-0.5638527835944798,0.5074373415174769,0.0,0.0,0.0,1.0,12.73787961339737
-0.24671322930653503,-0.08382448733866771,-0.5591728285551815,-0.20835471960698504,0.0,0.0,0.0,1.0,12.593037677653752
-0.7127568074808439,-0.0738473618071649,-0.5638527835944798,0.10977508533722025,0.0,0.0,0.0,0.0,12.540761149388421
-0.6837206393301096,-0.0738473618071649,-0.5638527835944798,-0.12882226837093372,0.0,0.0,0.0,0.0,12.524530013005734
-0.6669790649008573,-0.0738473618071649,-0.5638527835944798,0.5869697927535281,0.0,0.0,0.0,0.0,12.677952638304316
-0.8783414420701667,-0.06885879904140994,-0.5638527835944798,-0.8446143294953956,0.0,0.0,0.0,0.0,12.449022745701502
-0.3766697008136055,-0.06885879904140994,-0.5685327386337782,0.18930753657327157,0.0,0.0,0.0,0.0,12.495007682693725
-0.6452673355629208,-0.06885879904140994,-0.5638527835944798,1.4618267563500926,0.0,0.0,0.0,0.0,12.539687231525832
1.3201935024312905,-0.0738473618071649,-0.5591728285551815,1.7004241100582467,0.0,0.0,0.0,0.0,13.122367377396328
0.1335820973379474,-0.06885879904140994,-0.5591728285551815,1.8594890125303492,0.0,0.0,0.0,0.0,13.001327306361068
0.668736987453013,-0.06387023627566209,-0.5638527835944798,0.6665022439895795,0.0,0.0,0.0,0.0,12.944195581787355
-0.1857111174799472,-0.06885879904140994,-0.5638527835944798,1.541359207586144,0.0,0.0,0.0,0.0,13.035935829953063
-0.6219337662021506,-0.06387023627566209,-0.5638527835944798,0.8255671464616822,0.0,0.0,0.0,0.0,12.677952638304316
-0.9162192542163499,-0.06387023627566209,-0.5638527835944798,1.8594890125303492,0.0,0.0,0.0,0.0,12.611541086966115
1.0279483938006564,-0.0738473618071649,-0.5451329634372829,0.42790489028142553,0.0,0.0,0.0,0.0,12.852654809442695
0.8977303351931288,-0.06885879904140994,-0.5544928735158797,0.5074373415174769,0.0,0.0,0.0,0.0,12.859441557531706
0.7544852389828393,-0.06885879904140994,-0.5591728285551815,0.9846320489337848,0.0,0.0,0.0,0.0,12.837347081942964
0.4309543131375403,-0.0738473618071649,-0.5591728285551815,1.1436969514058875,0.0,0.0,0.0,0.0,12.590657946392092
0.0029454993696887235,-0.0738473618071649,-0.5591728285551815,0.8255671464616822,0.0,0.0,0.0,0.0,12.57729476436913
0.48437039905087326,-0.07883592457291985,-0.5591728285551815,1.541359207586144,0.0,0.0,0.0,1.0,12.768829210343865
1.500793236586849,-0.07883592457291985,-0.5544928735158797,1.2232294026419388,0.0,0.0,0.0,0.0,12.937480944364083
-0.5630766685993108,-0.08382448733866771,-0.5591728285551815,-0.12882226837093372,0.0,0.0,0.0,1.0,12.77422616877261
1.1423142741204857,-0.08382448733866771,-0.5544928735158797,0.03024263410116893,0.0,0.0,0.0,0.0,12.856053940969854
1.5508610076143314,-0.05888167350990714,-0.5591728285551815,0.9846320489337848,0.0,0.0,0.0,0.0,13.122367377396328
-0.6569864376633975,-0.06387023627566209,-0.5638527835944798,0.5074373415174769,0.0,0.0,0.0,0.0,12.672322362656137
-0.5238386035307508,-0.05888167350990714,-0.5638527835944798,1.1436969514058875,0.0,0.0,0.0,0.0,12.544689010436022
1.0227166517915152,-0.05888167350990714,-0.5638527835944798,0.6665022439895795,0.0,0.0,0.0,0.0,12.867989702969597
2.544264180310085,-0.05389311074415928,-0.5591728285551815,-0.446952073315139,0.0,0.0,0.0,0.0,13.122367377396328
0.5751934403295663,-0.04890454797840432,-0.5451329634372829,0.5074373415174769,0.0,0.0,0.0,0.0,13.122367377396328
1.4056801668606598,-0.043915985212649375,-0.5591728285551815,-0.20835471960698504,0.0,0.0,0.0,0.0,13.122367377396328
-0.016045724123494153,-0.043915985212649375,-0.5638527835944798,-0.12882226837093372,0.0,0.0,0.0,0.0,13.122367377396328
0.7389992826357813,-0.04890454797840432,-0.5591728285551815,0.2688399878093229,0.0,0.0,0.0,0.0,13.047210859903013
-0.7145879171840432,-0.05888167350990714,-0.5638527835944798,0.10977508533722025,0.0,0.0,0.0,0.0,12.337543792304956
-0.46388284010599135,-0.05389311074415928,-0.5638527835944798,0.3483724390453742,0.0,0.0,0.0,0.0,12.371591321286905
-0.18597270458040435,-0.05389311074415928,-0.5638527835944798,1.6208916588221953,0.0,0.0,0.0,0.0,12.434008694459976
-0.3734260207679378,-0.04890454797840432,-0.587252558790975,-0.04928981713488239,0.0,0.0,0.0,0.0,12.805735727983281
-0.7890356059741243,-0.04890454797840432,-0.5638527835944798,0.8255671464616822,0.0,0.0,0.0,0.0,12.39421473013906
-0.9479759282118377,-0.04890454797840432,-0.5685327386337782,0.6665022439895795,0.0,0.0,0.0,0.0,12.415932356015515
-0.670484332046982,-0.04890454797840432,-0.5685327386337782,-0.446952073315139,0.0,0.0,0.0,0.0,12.357079818283598
-0.7854257039878169,-0.06387023627566209,-0.5638527835944798,1.8594890125303492,0.0,0.0,0.0,0.0,12.590657946392092
-1.2577473725730952,-0.06387023627566209,-0.5685327386337782,1.8594890125303492,0.0,0.0,0.0,0.0,12.765691290604371
-0.37122868912409845,-0.06387023627566209,-0.5685327386337782,0.9846320489337848,0.0,0.0,0.0,0.0,12.80078251189375
-1.3602895159522652,-0.05888167350990714,-0.5685327386337782,-0.9241467807314468,0.0,0.0,0.0,0.0,12.443517444755098
-0.6688624920241483,-0.05888167350990714,-0.5685327386337782,1.8594890125303492,0.0,0.0,0.0,0.0,12.461880850543723
-1.250998425381303,-0.06885879904140994,-0.5685327386337782,1.8594890125303492,0.0,0.0,0.0,0.0,12.377927112974284
-0.4976798934850443,-0.06885879904140994,-0.5685327386337782,1.6208916588221953,0.0,0.0,0.0,0.0,12.41674272554783
-0.8979081571843551,-0.06885879904140994,-0.5685327386337782,0.8255671464616822,0.0,0.0,0.0,0.0,12.464973226056454
-0.8719063993989228,-0.06885879904140994,-0.5685327386337782,1.7004241100582467,0.0,0.0,0.0,0.0,12.461880850543723
-0.6284734437135773,-0.06387023627566209,-0.5685327386337782,1.1436969514058875,0.0,0.0,0.0,0.0,12.420784751899777
-0.8733712871614824,-0.06387023627566209,-0.5732126936730799,1.8594890125303492,0.0,0.0,0.0,1.0,12.330504638906516
-0.6667174778004002,-0.0738473618071649,-0.5685327386337782,0.18930753657327157,0.0,0.0,0.0,1.0,12.429220196836383
-0.6162834848322779,-0.0738473618071649,-0.5685327386337782,1.6208916588221953,0.0,0.0,0.0,1.0,12.468825296104477
0.07127205000907451,-0.0738473618071649,-0.5685327386337782,1.8594890125303492,0.0,0.0,0.0,1.0,12.472279517715116
0.12029347263472875,-0.06885879904140994,-0.5685327386337782,1.8594890125303492,0.0,0.0,0.0,0.0,12.440753386782307
-0.6935563143072951,-0.06885879904140994,-0.5685327386337782,-0.446952073315139,0.0,0.0,0.0,0.0,12.349311146362329
-0.6395647367729569,-0.06885879904140994,-0.5732126936730799,0.18930753657327157,0.0,0.0,0.0,1.0,12.35363452394233
0.2609226978404473,-0.07883592457291985,-0.6012924239088735,-0.6855494270232929,0.0,0.0,0.0,1.0,12.722485630879172
0.16110106030603075,-0.06885879904140994,-0.5966124688695752,0.42790489028142553,0.0,0.0,0.0,1.0,12.804911893867851
0.4524567727951112,-0.06387023627566209,-0.5966124688695752,0.5074373415174769,0.0,0.0,0.0,1.0,12.726059179728116
0.1841730425663441,-0.06885879904140994,-0.5778926487123783,0.5869697927535281,0.0,0.0,0.0,1.0,12.697106701938823
-0.4093680883707388,-0.06387023627566209,-0.5778926487123783,-0.28788717084303633,0.0,0.0,0.0,1.0,12.652362948153474
0.23288056067144966,-0.0738473618071649,-0.5732126936730799,0.5074373415174769,0.0,0.0,0.0,1.0,12.741983975346884
0.08832752895887497,-0.06885879904140994,-0.5778926487123783,-0.12882226837093372,0.0,0.0,0.0,1.0,12.886896707401087
-0.10148007113277192,-0.06885879904140994,-0.5732126936730799,-0.8446143294953956,0.0,0.0,0.0,1.0,12.449022745701502
-0.6359548347866494,-0.06387023627566209,-0.5732126936730799,-0.7650818782593443,0.0,0.0,0.0,1.0,12.330504638906516
-0.5608793369554714,-0.06387023627566209,-0.5732126936730799,-0.7650818782593443,0.0,0.0,0.0,1.0,12.37201495855807
-0.8508224791020833,-0.05888167350990714,-0.587252558790975,0.8255671464616822,0.0,0.0,0.0,1.0,12.547180549395199
-0.6623228145127216,-0.05888167350990714,-0.5732126936730799,1.2232294026419388,0.0,0.0,0.0,0.0,13.122365377402328
-0.26089125015130793,-0.08881305010442267,-0.5638527835944798,-0.446952073315139,0.0,0.0,0.0,1.0,12.553912171868914
0.6106123337314532,-0.08382448733866771,-0.5638527835944798,-0.20835471960698504,0.0,0.0,0.0,1.0,12.73787961339737
1.5781183834819574,-0.08881305010442267,-0.5778926487123783,0.18930753657327157,0.0,0.0,0.0,1.0,13.122367377396328
-0.8230942464536344,-0.07883592457291985,-0.5638527835944798,-0.12882226837093372,0.0,0.0,0.0,1.0,12.472279517715116
0.7594553938915235,-0.07883592457291985,-0.5685327386337782,-0.446952073315139,0.0,0.0,0.0,1.0,12.933382093776428
0.8038205661290422,-0.07883592457291985,-0.5685327386337782,-0.28788717084303633,0.0,0.0,0.0,1.0,12.881058401284054
0.5378911198043888,-0.0738473618071649,-0.5732126936730799,0.5074373415174769,0.0,0.0,0.0,1.0,12.72278391485369
0.8996660797365114,-0.08382448733866771,-0.5732126936730799,0.10977508533722025,0.0,0.0,0.0,1.0,12.754774810223829
0.29362108539758053,-0.07883592457291985,-0.5732126936730799,0.03024263410116893,0.0,0.0,0.0,1.0,12.765691290604371
-0.30698289725184313,-0.0738473618071649,-0.5732126936730799,-0.20835471960698504,0.0,0.0,0.0,1.0,12.721888795877375
0.5879065734117799,-0.08382448733866771,-0.6012924239088735,0.42790489028142553,0.0,0.0,0.0,1.0,12.705031132543777
0.7684016727271553,-0.08382448733866771,-0.587252558790975,0.2688399878093229,0.0,0.0,0.0,1.0,12.684171544482453
2.450825268026821,-0.02895029691539161,-0.5685327386337782,1.064164500169836,0.0,0.0,0.0,0.0,13.122367377396328
0.9138441005812842,-0.03393885968114656,-0.5638527835944798,0.42790489028142553,0.0,0.0,0.0,0.0,13.122367377396328
1.1146906763122193,-0.02895029691539161,-0.5778926487123783,0.03024263410116893,0.0,0.0,0.0,0.0,13.122367377396328
0.3917162480689803,-0.03393885968114656,-0.5638527835944798,0.2688399878093229,0.0,0.0,0.0,0.0,13.122367377396328
0.7952405092340504,-0.018973171383888796,-0.5544928735158797,0.3483724390453742,0.0,0.0,0.0,0.0,13.122367377396328
2.917182750721678,-0.02895029691539161,-0.5591728285551815,0.6665022439895795,0.0,0.0,0.0,0.0,13.122367377396328
2.694572128232715,-0.018973171383888796,-0.5638527835944798,-1.0036792319674983,0.0,0.0,0.0,0.0,13.122367377396328
0.48641077843443825,0.02592389350788449,-0.5732126936730799,-0.6855494270232929,0.0,0.0,0.0,0.0,12.541476454442867
0.6945817929781714,0.030912456273632354,-0.5778926487123783,-0.3674196220790877,0.0,0.0,0.0,1.0,12.615865044064096
-0.9489176417734831,0.030912456273632354,-0.5778926487123783,-1.0832116832035494,0.0,0.0,0.0,1.0,12.658106404454157
-0.6469414930058461,0.02592389350788449,-0.5825726037516766,-0.446952073315139,0.0,0.0,0.0,1.0,12.429220196836383
-0.3365422396034915,0.030912456273632354,-0.5825726037516766,0.2688399878093229,0.0,0.0,0.0,1.0,12.754196944209095
-0.34726731072223127,0.02592389350788449,-0.5778926487123783,-0.6855494270232929,0.0,0.0,0.0,1.0,12.433212202169729
-0.5701918377317429,0.02093533074212954,-0.587252558790975,-0.5264845245511903,0.0,0.0,0.0,1.0,12.611541086966115
-0.38577293190951134,0.02093533074212954,-0.5778926487123783,-1.1627441344396008,0.0,0.0,0.0,0.0,12.424006650692137
1.158689626609098,0.030912456273632354,-0.5498129184765813,-0.04928981713488239,0.0,0.0,0.0,0.0,13.122367377396328
-0.6010067981655852,0.010958205210626728,-0.587252558790975,-0.9241467807314468,0.0,0.0,0.0,0.0,13.122367377396328
0.9849957919056063,0.000981079679123916,-0.587252558790975,-0.5264845245511903,0.0,0.0,0.0,0.0,12.959846800844963
0.17245394046586743,-0.008996045852385986,-0.5638527835944798,-0.04928981713488239,0.0,0.0,0.0,0.0,13.122367377396328
-0.09384172779942573,-0.008996045852385986,-0.5825726037516766,0.5074373415174769,0.0,0.0,0.0,0.0,12.721888795877375
4.134713751089047,0.035901019039387305,-0.6012924239088735,0.8255671464616822,0.0,0.0,0.0,1.0,13.122367377396328
0.02413405450671118,0.04088958180514225,-0.5825726037516766,-0.9241467807314468,0.0,0.0,0.0,1.0,12.348444223321136
-0.7418452930516697,-0.0738473618071649,-0.4047343122583014,0.5074373415174769,0.0,0.0,0.0,0.0,11.036517370851499
-0.042099799329018084,-0.3033212490317792,-0.4140942223369015,-0.9241467807314468,0.0,0.0,0.0,0.0,12.899222326086994
-0.32403837620164383,-0.3482183139235454,-0.42813408745479997,-1.1627441344396008,0.0,0.0,0.0,0.0,12.349311146362329
-0.35841092120170237,-0.3033212490317792,-0.47493363784779385,-0.28788717084303633,0.0,0.0,0.0,1.0,12.330063042262541
0.3011547938907442,-0.313298374563282,-0.4702536828084921,-1.1627441344396008,0.0,0.0,0.0,1.0,12.336666603113574
-0.009453729191976118,-0.313298374563282,-0.4796135928870922,-1.0832116832035494,0.0,0.0,0.0,1.0,12.279327754099118
0.8550393203985358,-0.2733898724372637,-0.4842935479263906,-1.4808739393838062,0.0,0.0,0.0,1.0,12.580738282084809
-0.4856992042841105,-0.2833669979687665,-0.4842935479263906,-0.5264845245511903,0.0,0.0,0.0,1.0,12.40123227382928
-0.4487631056995729,-0.2933441235002693,-0.4796135928870922,-0.9241467807314468,0.0,0.0,0.0,1.0,13.122367377396328
-0.6811570857456303,-0.2833669979687665,-0.488973502965689,-1.5604063906198575,0.0,0.0,0.0,1.0,12.643685434848656
0.1707274656028511,-0.2833669979687665,-0.488973502965689,-0.3674196220790877,0.0,0.0,0.0,1.0,12.467671232325932
1.4278104355593277,-0.23348137031124536,-0.42813408745479997,-1.2422765856756521,0.0,0.0,0.0,1.0,13.122367377396328
0.1809816799407679,-0.25343562137425096,-0.46557372776919376,-0.8446143294953956,0.0,0.0,0.0,1.0,12.834683971615659
0.40762074377677004,-0.25343562137425096,-0.47493363784779385,-1.4013414881477548,0.0,0.0,0.0,1.0,12.514663351075232
0.8596432533665801,-0.2584241841400059,-0.47493363784779385,-0.8446143294953956,0.0,0.0,0.0,1.0,12.813119851828635
1.220633451997331,-0.2684013096715087,-0.47493363784779385,-1.0036792319674983,0.0,0.0,0.0,1.0,12.994532278619134
-0.5156770859964903,-0.2584241841400059,-0.4796135928870922,-1.4013414881477548,0.0,0.0,0.0,1.0,11.34333452885509
0.6877805283662877,-0.25343562137425096,-0.488973502965689,-0.3674196220790877,0.0,0.0,0.0,1.0,12.874417269956178
0.032033984940514515,-0.21851568201398758,-0.5123732781621876,0.10977508533722025,0.0,0.0,0.0,1.0,12.587589946944513
0.7443356594851055,-0.43302388094133704,-0.339214941708114,-1.3218090369117035,0.0,0.0,0.0,0.0,12.33182825999709
-0.6886384768187024,-0.43801244370709197,-0.339214941708114,-1.0036792319674983,0.0,0.0,0.0,0.0,11.918397239722838
-0.4291963905853844,-0.4529781320043498,-0.3438948967474124,-0.6855494270232929,0.0,0.0,0.0,0.0,11.696088334428081
0.9701376445996447,-0.43801244370709197,-0.3532548068260092,-1.0832116832035494,0.0,0.0,0.0,0.0,12.505069216944454
1.5136110045092452,-0.43302388094133704,-0.3532548068260092,-1.5604063906198575,0.0,0.0,0.0,0.0,12.524893581947863
1.9322550000807337,-0.43801244370709197,-0.35793476186531087,-1.958068646800114,0.0,0.0,0.0,0.0,12.702903801935484
0.607787193046517,-0.43302388094133704,-0.35793476186531087,-1.2422765856756521,0.0,0.0,0.0,0.0,12.175618592671356
-0.835598109855482,-0.43801244370709197,-0.3626147169046093,-0.446952073315139,0.0,0.0,0.0,1.0,11.650955473631058
-0.9550387799241784,-0.4130696298783314,-0.3626147169046093,-1.4013414881477548,0.0,0.0,0.0,0.0,12.524530013005734
0.492950455945865,-0.4130696298783314,-0.3672946719439077,-0.20835471960698504,0.0,0.0,0.0,0.0,11.969723533345908
0.2609226978404473,-0.4180581926440793,-0.3626147169046093,-1.0832116832035494,0.0,0.0,0.0,0.0,11.970356641102999
0.22822431028331405,-0.42803531817558915,-0.3626147169046093,-0.9241467807314468,0.0,0.0,0.0,0.0,12.032320268218989
-0.029282031406621747,-0.42803531817558915,-0.3626147169046093,-0.9241467807314468,0.0,0.0,0.0,0.0,11.860062063178267
0.4734883756718591,-0.39810394158107365,-0.3438948967474124,-0.9241467807314468,0.0,0.0,0.0,0.0,12.697106701938823
0.032033984940514515,-0.3781496905180609,-0.35793476186531087,-0.3674196220790877,0.0,0.0,0.0,0.0,12.740227025427723
-0.3467441365213172,-0.4230467554098342,-0.339214941708114,-1.958068646800114,0.0,0.0,0.0,0.0,12.267642702634728
-0.17639861670367574,-0.42803531817558915,-0.3438948967474124,-0.12882226837093372,0.0,0.0,0.0,0.0,11.88242482344573
0.12008420295436312,-0.42803531817558915,-0.3438948967474124,0.10977508533722025,0.0,0.0,0.0,0.0,12.00762780434872
-0.18178731097309128,-0.4180581926440793,-0.3532548068260092,-1.6399388418559087,0.0,0.0,0.0,0.0,12.016732516077072
0.5930859980008297,-0.4230467554098342,-0.34857485178671077,-0.3674196220790877,0.0,0.0,0.0,0.0,11.998439434579149
0.41494518258956803,-0.42803531817558915,-0.34857485178671077,-0.04928981713488239,0.0,0.0,0.0,0.0,11.971621655408228
0.5020536870417706,-0.4230467554098342,-0.35793476186531087,-0.8446143294953956,0.0,0.0,0.0,0.0,12.184343263233146
0.057983425305855395,-0.42803531817558915,-0.35793476186531087,-0.20835471960698504,0.0,0.0,0.0,0.0,11.968456114085114
0.6213374048501931,-0.4180581926440793,-0.3532548068260092,-1.958068646800114,0.0,0.0,0.0,0.0,12.214541681788218
0.5756642971103894,-0.4130696298783314,-0.35793476186531087,-1.4808739393838062,0.0,0.0,0.0,0.0,12.20407565286699
0.6203433738684562,-0.4180581926440793,-0.35793476186531087,0.2688399878093229,0.0,0.0,0.0,0.0,11.97603664577121
0.5370540410829262,-0.4180581926440793,-0.35793476186531087,-1.0832116832035494,0.0,0.0,0.0,0.0,12.17355461910053
-1.116019481545457,-0.4230467554098342,-0.3204951215509138,1.8594890125303492,0.0,0.0,0.0,0.0,11.78676973513378
-0.4020436495579408,-0.4230467554098342,-0.3204951215509138,0.3483724390453742,0.0,0.0,0.0,0.0,11.896151780740423
-0.7981911544901217,-0.42803531817558915,-0.3204951215509138,1.7004241100582467,0.0,0.0,0.0,0.0,11.82115253615114
-0.10189861049350318,-0.42803531817558915,-0.3204951215509138,1.1436969514058875,0.0,0.0,0.0,0.0,12.110667961260443
-0.6055584137135382,-0.4230467554098342,-0.32517507659021555,0.2688399878093229,0.0,0.0,0.0,0.0,11.803361242493628
-0.5291226629599836,-0.42803531817558915,-0.3298550316295139,-1.958068646800114,0.0,0.0,0.0,0.0,12.136191879981927
-0.11110647642959205,-0.42803531817558915,-0.3064552564330187,-0.6060169757872417,0.0,0.0,0.0,0.0,11.76446986680519
0.07127205000907451,-0.42803531817558915,-0.31113521147231704,-0.04928981713488239,0.0,0.0,0.0,0.0,11.776066350866136
0.2918946105345638,-0.4230467554098342,-0.31581516651161545,-0.6855494270232929,0.0,0.0,0.0,0.0,11.9873007744816
0.49138093334312255,-0.42803531817558915,-0.31581516651161545,-0.3674196220790877,0.0,0.0,0.0,0.0,12.000897933306716
-0.9464064056090953,-0.42803531817558915,-0.31581516651161545,-0.3674196220790877,0.0,0.0,0.0,0.0,11.827013315851762
-0.13344601480862547,-0.4230467554098342,-0.31581516651161545,0.18930753657327157,0.0,0.0,0.0,0.0,11.927687224983487
-0.8707030987368203,-0.4230467554098342,-0.31581516651161545,-0.7650818782593443,0.0,0.0,0.0,0.0,11.790564777297387
-1.4865314506328453,-0.42803531817558915,-0.31581516651161545,-0.7650818782593443,0.0,0.0,0.0,0.0,11.781432363235949
0.13012914761191427,-0.4230467554098342,-0.31113521147231704,-0.8446143294953956,0.0,0.0,0.0,0.0,11.847975261832087
0.17590689019190103,-0.4180581926440793,-0.31581516651161545,-1.0036792319674983,0.0,0.0,0.0,0.0,11.906999271191623
0.3297724226807469,-0.4230467554098342,-0.31581516651161545,-1.1627441344396008,0.0,0.0,0.0,0.0,11.917063025610398
0.08728118055704681,-0.40309250434682153,-0.31581516651161545,-1.5604063906198575,0.0,0.0,0.0,0.0,12.33182825999709
0.4047956030918338,-0.4180581926440793,-0.31581516651161545,-0.6060169757872417,0.0,0.0,0.0,0.0,11.934926432385152
0.3543616101237114,-0.4180581926440793,-0.31581516651161545,-1.5604063906198575,0.0,0.0,0.0,0.0,12.155310788851953
0.5986839619506109,-0.4130696298783314,-0.3204951215509138,-1.6399388418559087,0.0,0.0,0.0,0.0,12.472279517715116
-0.42061633369039264,-0.4479895692385948,-0.3064552564330187,-1.7990037443280114,0.0,0.0,0.0,0.0,11.829930875050733
-1.0893375972988362,-0.43302388094133704,-0.31113521147231704,-0.5264845245511903,0.0,0.0,0.0,0.0,11.610968271383634
-0.43918901782284425,-0.43801244370709197,-0.31113521147231704,-0.28788717084303633,0.0,0.0,0.0,0.0,11.769898298682092
-0.05669635953452227,-0.43801244370709197,-0.31113521147231704,-1.4808739393838062,0.0,0.0,0.0,0.0,11.785247676408115
-0.6399309587135968,-0.43302388094133704,-0.31581516651161545,0.03024263410116893,0.0,0.0,0.0,0.0,11.592669666556795
-0.21139897074483116,-0.43302388094133704,-0.31581516651161545,0.10977508533722025,0.0,0.0,0.0,0.0,11.630717389475995
0.09627977681276982,-0.43801244370709197,-0.31581516651161545,-0.6060169757872417,0.0,0.0,0.0,0.0,11.67505281781187
-0.6909404433027245,-0.43801244370709197,-0.31581516651161545,-1.4013414881477548,0.0,0.0,0.0,0.0,11.769124610238766
-1.0344566236229438,-0.43302388094133704,-0.31581516651161545,0.8255671464616822,0.0,0.0,0.0,0.0,11.63780327310248
-0.5020222393526315,-0.43302388094133704,-0.31581516651161545,0.42790489028142553,0.0,0.0,0.0,0.0,11.554077005184336
-0.5238386035307508,-0.43801244370709197,-0.31581516651161545,-0.20835471960698504,0.0,0.0,0.0,0.0,11.7068543948059
-1.0535524819563094,-0.43801244370709197,-0.3204951215509138,0.2688399878093229,0.0,0.0,0.0,0.0,11.409795792463761
-0.3759895743524171,-0.43302388094133704,-0.32517507659021555,-0.3674196220790877,0.0,0.0,0.0,0.0,11.899554278732099
-1.0531339425955781,-0.4479895692385948,-0.32517507659021555,-0.9241467807314468,0.0,0.0,0.0,0.0,11.602775309696066
-0.9295601963396602,-0.43302388094133704,-0.3298550316295139,-1.0832116832035494,0.0,0.0,0.0,0.0,11.37940550085183
-0.9026690424126739,-0.43302388094133704,-0.3298550316295139,-1.0036792319674983,0.0,0.0,0.0,0.0,11.119897691565697
-0.7854257039878169,-0.43801244370709197,-0.3204951215509138,-1.4808739393838062,0.0,0.0,0.0,0.0,11.49782197939291
-1.1451079671162827,-0.43302388094133704,-0.32517507659021555,0.03024263410116893,0.0,0.0,0.0,0.0,11.717505780625043
-0.8488344171386096,-0.43801244370709197,-0.3204951215509138,-1.71947129309196,0.0,0.0,0.0,0.0,11.998439434579149
-0.12245935658942875,-0.43801244370709197,-0.32517507659021555,-0.20835471960698504,0.0,0.0,0.0,0.0,11.700242855114809
-0.7675854637366449,-0.43801244370709197,-0.32517507659021555,-0.3674196220790877,0.0,0.0,0.0,0.0,11.657034466915164
-1.0765721467965315,-0.4829095085988653,-0.31113521147231704,-0.446952073315139,0.0,0.0,0.0,0.0,11.49069008091951
-0.6777041360195969,-0.4978751968961159,-0.31581516651161545,-0.12882226837093372,0.0,0.0,0.0,1.0,11.329014645967838
-0.8887002912482665,-0.4978751968961159,-0.31581516651161545,0.7460346952256308,0.0,0.0,0.0,1.0,11.397525836740476
-0.7557094093758941,-0.5327951362563864,-0.31113521147231704,-1.8785361955640627,0.0,0.0,0.0,1.0,11.363276304750233
-0.9243807717506104,-0.5128408851933737,-0.339214941708114,1.2232294026419388,0.0,0.0,0.0,1.0,11.209127560632263
-0.5956704213162612,-0.5078523224276259,-0.43749399753339674,0.03024263410116893,0.0,0.0,0.0,1.0,10.250652418696085
0.23016005482669646,-0.4529781320043498,-0.43749399753339674,-0.20835471960698504,0.0,0.0,0.0,1.0,11.823354355742923
-0.9731929246958989,-0.44300100647283985,-0.46557372776919376,-1.4013414881477548,0.0,0.0,0.0,1.0,11.685205103383671
-1.1653548086916596,-0.44300100647283985,-0.46089377272989535,-0.5264845245511903,0.0,0.0,0.0,1.0,11.674202123168433
-1.0107045149014422,-0.44300100647283985,-0.46557372776919376,-0.20835471960698504,0.0,0.0,0.0,1.0,11.770671388994348
-0.42129646015158084,-0.4479895692385948,-0.46557372776919376,-1.6399388418559087,0.0,0.0,0.0,1.0,11.698583117470207
-0.7418452930516697,-0.4479895692385948,-0.46089377272989535,0.18930753657327157,0.0,0.0,0.0,1.0,11.760574294255605
-1.603879423897885,-0.44300100647283985,-0.46557372776919376,-1.0036792319674983,0.0,0.0,0.0,1.0,11.330215832884798
0.3798401937082293,-0.43302388094133704,-0.46557372776919376,-1.6399388418559087,0.0,0.0,0.0,1.0,12.003962581340353
-0.013115948598375105,-0.43801244370709197,-0.46557372776919376,0.10977508533722025,0.0,0.0,0.0,1.0,11.810070125585671
-0.4400260965443068,-0.43801244370709197,-0.46557372776919376,-0.12882226837093372,0.0,0.0,0.0,1.0,11.81599602495741
-0.9363614609515439,-0.43801244370709197,-0.46557372776919376,0.9050995976977334,0.0,0.0,0.0,1.0,11.621788838451959
-0.9387680622757489,-0.44300100647283985,-0.46089377272989535,-1.4808739393838062,0.0,0.0,0.0,1.0,11.545402335602985
-0.6694903010652452,-0.44300100647283985,-0.46089377272989535,-1.1627441344396008,0.0,0.0,0.0,1.0,11.60186082325361
-0.8072420681659361,-0.4479895692385948,-0.46089377272989535,0.2688399878093229,0.0,0.0,0.0,1.0,11.776834689218662
0.21514495526046054,-0.4479895692385948,-0.46089377272989535,-1.0036792319674983,0.0,0.0,0.0,1.0,11.923053020292636
-0.2908691318636878,-0.43801244370709197,-0.46089377272989535,-0.12882226837093372,0.0,0.0,0.0,1.0,11.810812786275873
-0.9946953843534696,-0.43302388094133704,-0.46089377272989535,0.10977508533722025,0.0,0.0,0.0,1.0,11.80560254159177
-1.0204878724585364,-0.43801244370709197,-0.46089377272989535,-0.12882226837093372,0.0,0.0,0.0,1.0,11.815257205114566
-0.9816160293306163,-0.43801244370709197,-0.46089377272989535,-0.28788717084303633,0.0,0.0,0.0,1.0,11.37940550085183
-0.4965812276631246,-0.44300100647283985,-0.4702536828084921,1.541359207586144,0.0,0.0,0.0,1.0,11.895469889693825
-0.7826005633028806,-0.44300100647283985,-0.46557372776919376,0.6665022439895795,0.0,0.0,0.0,1.0,11.904974309480183
-0.2458761505850725,-0.4479895692385948,-0.46557372776919376,-1.0036792319674983,0.0,0.0,0.0,1.0,11.835016210489899
-0.34506997907839193,-0.43801244370709197,-0.46557372776919376,-0.9241467807314468,0.0,0.0,0.0,1.0,11.630717389475995
-0.051516934945472354,-0.43801244370709197,-0.46557372776919376,0.42790489028142553,0.0,0.0,0.0,1.0,11.918397239722838
0.35174573911914087,-0.43801244370709197,-0.4702536828084921,0.2688399878093229,0.0,0.0,0.0,1.0,12.057578437658945
0.3481358371328329,-0.43302388094133704,-0.45621381769059693,-0.5264845245511903,0.0,0.0,0.0,1.0,11.866402300407264
0.4767320557175266,-0.43801244370709197,-0.45621381769059693,-1.71947129309196,0.0,0.0,0.0,1.0,12.197541357359519
-0.45420411738907973,-0.44300100647283985,-0.45621381769059693,-1.8785361955640627,0.0,0.0,0.0,1.0,11.814517839013352
-0.6851332096725777,-0.40808106711257647,-0.5217331882407843,0.9050995976977334,0.0,0.0,0.0,1.0,12.385477452742727
0.14650450010052654,-0.4529781320043498,-0.45621381769059693,-1.958068646800114,0.0,0.0,0.0,1.0,12.058737851357439
0.3068573926807079,-0.4529781320043498,-0.46089377272989535,-0.20835471960698504,0.0,0.0,0.0,1.0,11.808583147519697
0.5505519354665109,-0.43801244370709197,-0.4702536828084921,-0.28788717084303633,0.0,0.0,0.0,1.0,12.101273083619482
-0.0442448135527659,-0.4479895692385948,-0.4702536828084921,-0.446952073315139,0.0,0.0,0.0,1.0,11.864996828675356
0.7848816600559506,-0.44300100647283985,-0.4187741773761999,-1.0832116832035494,0.0,0.0,0.0,1.0,12.315379862705514
1.355821665513543,-0.43801244370709197,-0.4328140424940984,-0.6060169757872417,0.0,0.0,0.0,1.0,12.426416280735053
0.5508658399870592,-0.44300100647283985,-0.4328140424940984,-0.9241467807314468,0.0,0.0,0.0,1.0,12.241444615610645
0.3051309178176916,-0.4479895692385948,-0.43749399753339674,-0.3674196220790877,0.0,0.0,0.0,1.0,11.936237039973754
0.9110712773164393,-0.4479895692385948,-0.4328140424940984,-0.6060169757872417,0.0,0.0,0.0,1.0,12.121608929585332
0.4804465925440171,-0.39810394158107365,-0.4421739525726985,-0.8446143294953956,0.0,0.0,0.0,1.0,12.579706471268628
-0.0032802736211893432,-0.42803531817558915,-0.43749399753339674,-0.20835471960698504,0.0,0.0,0.0,1.0,11.74245657234248
-0.14333400720590253,-0.42803531817558915,-0.4421739525726985,0.3483724390453742,0.0,0.0,0.0,1.0,11.762134344805622
1.2515530472713565,-0.43302388094133704,-0.44685390761199684,-1.7990037443280114,0.0,0.0,0.0,1.0,12.635908363171778
-1.4111420482811188,-0.14368724052769877,-0.5685327386337782,-0.446952073315139,0.0,0.0,0.0,1.0,12.323860125621126
-0.8951876513396018,-0.1386986777619438,-0.5778926487123783,-1.1627441344396008,0.0,0.0,0.0,1.0,10.53212287826962
-0.12863281216021552,-0.15366436605920158,-0.5685327386337782,-0.5264845245511903,0.0,0.0,0.0,1.0,12.651402490133291
1.1629796550565936,-0.16863005435645934,-0.5778926487123783,-0.3674196220790877,0.0,0.0,0.0,1.0,12.501726607862306
0.807482785535441,-0.128721552230441,-0.5544928735158797,-0.3674196220790877,0.0,0.0,0.0,1.0,12.545757573071759
0.1905034503974052,-0.13371011499619595,-0.5591728285551815,-0.04928981713488239,0.0,0.0,0.0,1.0,12.521981322562505
1.3022486273399358,-0.13371011499619595,-0.5544928735158797,-0.20835471960698504,0.0,0.0,0.0,1.0,12.710480720812354
1.1244740338693135,-0.1386986777619438,-0.5591728285551815,-0.04928981713488239,0.0,0.0,0.0,1.0,12.53105411543589
1.881925641952794,-0.11874442669893819,-0.5451329634372829,-0.20835471960698504,0.0,0.0,0.0,1.0,12.976646036795882
1.7225144629342581,-0.11874442669893819,-0.5498129184765813,-0.5264845245511903,0.0,0.0,0.0,1.0,12.859441557531706
1.2673529081389632,-0.1386986777619438,-0.5404530083979845,-0.446952073315139,0.0,0.0,0.0,1.0,12.760535178224796
0.8994044926360539,-0.15366436605920158,-0.5591728285551815,-0.12882226837093372,0.0,0.0,0.0,1.0,12.473810905719647
0.8591200791656658,-0.15865292882495652,-0.5591728285551815,-0.28788717084303633,0.0,0.0,0.0,1.0,12.499864763577847
0.6280340346218937,-0.15865292882495652,-0.5591728285551815,-0.28788717084303633,0.0,0.0,0.0,1.0,12.510615522357213
1.1278746661752554,-0.1736186171222143,-0.5591728285551815,-0.9241467807314468,0.0,0.0,0.0,1.0,12.905701276039686
-0.03697269216005945,-0.2384699330769932,-0.5451329634372829,-0.6060169757872417,0.0,0.0,0.0,1.0,12.959846800844963
-1.239488592961192,-0.14368724052769877,-0.587252558790975,-0.04928981713488239,0.0,0.0,0.0,1.0,12.665713390084107
-1.3792284220253568,-0.14368724052769877,-0.5732126936730799,-0.3674196220790877,0.0,0.0,0.0,1.0,12.691583538230217
-0.9046571043761475,-0.14368724052769877,-0.587252558790975,-0.20835471960698504,0.0,0.0,0.0,1.0,12.141539457711714
1.3817187884587923,-0.11874442669893819,-0.5544928735158797,-0.3674196220790877,0.0,0.0,0.0,1.0,12.718899265966332
0.4208047336398061,-0.11874442669893819,-0.5591728285551815,-0.446952073315139,0.0,0.0,0.0,1.0,12.573839347853667
1.4902251177283836,-0.12373298946468606,-0.5544928735158797,-0.3674196220790877,0.0,0.0,0.0,1.0,12.718300286011257
-0.4126640858364978,-0.128721552230441,-0.5591728285551815,-0.20835471960698504,0.0,0.0,0.0,1.0,12.198045514142787
0.5225097982975133,-0.12373298946468606,-0.5591728285551815,-0.5264845245511903,0.0,0.0,0.0,1.0,12.596089034314039
-0.34779048492314535,-0.11874442669893819,-0.5591728285551815,-1.1627441344396008,0.0,0.0,0.0,1.0,12.237091546357338
-0.4180004626858218,-0.12373298946468606,-0.5638527835944798,-1.0832116832035494,0.0,0.0,0.0,1.0,11.630717389475995
-0.14275851558489694,-0.12373298946468606,-0.5591728285551815,-1.0036792319674983,0.0,0.0,0.0,1.0,11.918397239722838
-0.5793473862477403,-0.12373298946468606,-0.5591728285551815,-0.04928981713488239,0.0,0.0,0.0,1.0,12.337982098521458
-0.9089471328236434,-0.128721552230441,-0.5591728285551815,0.5074373415174769,0.0,0.0,0.0,1.0,12.468440756144114
-0.9074822450610838,-0.128721552230441,-0.5638527835944798,0.18930753657327157,0.0,0.0,0.0,1.0,12.230770136157428
0.6544020143479663,-0.09879017563592547,-0.5638527835944798,-0.5264845245511903,0.0,0.0,0.0,1.0,12.744029856388185
3.0897779196032507,-0.09879017563592547,-0.5638527835944798,-0.04928981713488239,0.0,0.0,0.0,1.0,13.122367377396328
3.0408088143976877,-0.10876730116743538,-0.5778926487123783,-0.6855494270232929,0.0,0.0,0.0,1.0,13.122367377396328
0.6032878949186552,-0.11375586393318324,-0.5591728285551815,-0.12882226837093372,0.0,0.0,0.0,1.0,12.543262481758047
0.4287046640736097,-0.11375586393318324,-0.5638527835944798,-0.12882226837093372,0.0,0.0,0.0,1.0,12.511721101590597
0.9334108156954727,-0.11375586393318324,-0.5638527835944798,-0.5264845245511903,0.0,0.0,0.0,1.0,12.529607988814114
0.15874677640191753,-0.10876730116743538,-0.5591728285551815,-0.28788717084303633,0.0,0.0,0.0,1.0,12.512825459868276
0.5015828302609481,-0.10377873840168042,-0.5591728285551815,-0.04928981713488239,0.0,0.0,0.0,1.0,12.775358668518512
0.6723992068594122,-0.10876730116743538,-0.5638527835944798,-0.20835471960698504,0.0,0.0,0.0,1.0,12.528884140515583
-0.5979723878002834,-1.1613540447411912,0.8073740429202201,0.7460346952256308,0.0,0.0,0.0,0.0,12.114510931441727
-0.07150218942039231,-1.1513769192096812,0.8073740429202201,0.10977508533722025,0.0,0.0,0.0,0.0,12.258195345865499
-0.3494646423660706,-1.1563654819754363,0.8026940878809218,1.2232294026419388,0.0,0.0,0.0,0.0,12.111217862017215
-0.48224625455807735,-1.1613540447411912,0.8073740429202201,1.4618267563500926,0.0,0.0,0.0,0.0,12.377927112974284
-0.5938916290331532,-1.1613540447411912,0.8026940878809218,1.8594890125303492,0.0,0.0,0.0,0.0,12.333150131430498
-0.3276482781879513,-1.1613540447411912,0.8026940878809218,1.064164500169836,0.0,0.0,0.0,0.0,12.129736808912964
-0.1463161001511131,-1.1613540447411912,0.7980141328416234,1.7004241100582467,0.0,0.0,0.0,0.0,12.412277544454046
-0.6577711989647685,-1.1613540447411912,0.7980141328416234,1.8594890125303492,0.0,0.0,0.0,0.0,12.26670197321789
-0.45116970702377784,-1.171331170272694,0.7980141328416234,0.5074373415174769,0.0,0.0,0.0,0.0,12.226860081860359
-0.12418583145244531,-1.171331170272694,0.7980141328416234,1.064164500169836,0.0,0.0,0.0,0.0,12.385059481651881
0.27400205286330076,-1.171331170272694,0.7980141328416234,1.8594890125303492,0.0,0.0,0.0,0.0,12.87723236377919
0.8630438856725219,-1.171331170272694,0.7933341778023216,1.8594890125303492,0.0,0.0,0.0,0.0,12.597442209915732
0.4711340917677454,-1.171331170272694,0.7933341778023216,1.8594890125303492,0.0,0.0,0.0,0.0,12.615201035620073
0.8114589094623884,-1.176319733038449,0.7933341778023216,1.2232294026419388,0.0,0.0,0.0,0.0,12.95039048795861
0.2216846327718873,-1.181308295804197,0.7933341778023216,0.42790489028142553,0.0,0.0,0.0,0.0,12.70836496398791
-0.466132489169922,-1.166342607506939,0.7933341778023216,-0.04928981713488239,0.0,0.0,0.0,0.0,12.141539457711714
0.5279508099870202,-1.166342607506939,0.7933341778023216,1.8594890125303492,0.0,0.0,0.0,0.0,12.708667489167874
0.7360171896905707,-1.171331170272694,0.7933341778023216,1.8594890125303492,0.0,0.0,0.0,0.0,12.60987303543023
0.09089108254335428,-1.1613540447411912,0.7933341778023216,0.42790489028142553,0.0,0.0,0.0,0.0,12.206077645517674
-0.5138982937133822,-1.166342607506939,0.7933341778023216,1.8594890125303492,0.0,0.0,0.0,0.0,12.252483791602627
-1.658184905952772,-1.1563654819754363,0.7933341778023216,1.6208916588221953,0.0,0.0,0.0,0.0,12.206077645517674
0.18296974190424162,-1.1613540447411912,0.7933341778023216,-1.4013414881477548,0.0,0.0,0.0,0.0,12.023957067521133
-0.7200289288735503,-1.1613540447411912,0.7933341778023216,1.8594890125303492,0.0,0.0,0.0,0.0,11.998439434579149
-1.3537498384408386,-1.1513769192096812,0.7980141328416234,0.9050995976977334,0.0,0.0,0.0,0.0,12.26670197321789
-0.521327367366363,-1.1563654819754363,0.7933341778023216,-1.7990037443280114,0.0,0.0,0.0,0.0,12.323860125621126
-0.9307634970017628,-1.1513769192096812,0.7933341778023216,0.5869697927535281,0.0,0.0,0.0,0.0,12.141539457711714
-0.6848193051520293,-1.1563654819754363,0.8026940878809218,1.541359207586144,0.0,0.0,0.0,0.0,12.086731521684555
-0.891943971293934,-1.1563654819754363,0.7980141328416234,1.3822943051140413,0.0,0.0,0.0,0.0,12.157937516778192
-1.5626532968658515,-1.1563654819754363,0.7980141328416234,-0.6855494270232929,0.0,0.0,0.0,0.0,12.765691290604371
-1.1538449762715486,-1.1563654819754363,0.7980141328416234,1.1436969514058875,0.0,0.0,0.0,0.0,12.226860081860359
-0.9061743095587985,-1.1513769192096812,0.7980141328416234,1.8594890125303492,0.0,0.0,0.0,0.0,12.148978347281835
0.1771625082740948,-1.1513769192096812,0.8073740429202201,1.064164500169836,0.0,0.0,0.0,0.0,12.201065128819632
-0.15599482286802452,-1.1513769192096812,0.8026940878809218,1.6208916588221953,0.0,0.0,0.0,0.0,12.170450649220749
-0.3224688535989014,-1.1563654819754363,0.8026940878809218,1.4618267563500926,0.0,0.0,0.0,0.0,12.117793192144138
-0.4976798934850443,-1.1563654819754363,0.8026940878809218,1.1436969514058875,0.0,0.0,0.0,0.0,12.048254415120404
0.1893001497353027,-1.1513769192096812,0.8026940878809218,1.1436969514058875,0.0,0.0,0.0,0.0,12.173037959397275
-0.31231927410116717,-1.1463883564439334,0.8026940878809218,0.6665022439895795,0.0,0.0,0.0,0.0,12.069685751267224
-0.7620921346270466,-1.1513769192096812,0.7980141328416234,1.2232294026419388,0.0,0.0,0.0,0.0,12.177678315028167
-0.5543396594440447,-1.1513769192096812,0.8026940878809218,1.8594890125303492,0.0,0.0,0.0,0.0,12.119975396053194
-0.6328157895811645,-1.1463883564439334,0.7980141328416234,1.8594890125303492,0.0,0.0,0.0,0.0,12.694348933246843
1.4430348048059287,-1.1463883564439334,0.7980141328416234,1.8594890125303492,0.0,0.0,0.0,0.0,12.6410997921206
-0.7563372184169911,-1.1463883564439334,0.7980141328416234,0.8255671464616822,0.0,0.0,0.0,0.0,12.574531387009179
-0.6513884737136161,-1.1513769192096812,0.7980141328416234,1.8594890125303492,0.0,0.0,0.0,0.0,12.62116129842949
-0.4991447812476037,-1.1463883564439334,0.8026940878809218,-0.12882226837093372,0.0,0.0,0.0,0.0,11.942764435686394
-0.7217030863164756,-1.1413997936781786,0.8026940878809218,1.3822943051140413,0.0,0.0,0.0,0.0,12.067390869565173
-0.8101718436910552,-1.1463883564439334,0.8026940878809218,1.8594890125303492,0.0,0.0,0.0,0.0,12.121064714846538
-0.670484332046982,-1.1413997936781786,0.7980141328416234,0.03024263410116893,0.0,0.0,0.0,0.0,12.085604132204319
-0.45378557802834846,-1.1413997936781786,0.7980141328416234,0.9050995976977334,0.0,0.0,0.0,0.0,12.129197000747673
-0.7854257039878169,-1.1513769192096812,0.7933341778023216,0.9846320489337848,0.0,0.0,0.0,0.0,12.07254696717504
-1.2573288332123638,-1.1513769192096812,0.7933341778023216,0.5074373415174769,0.0,0.0,0.0,0.0,12.271865067705159
-0.5320001210650113,-1.1513769192096812,0.7933341778023216,1.30276185387799,0.0,0.0,0.0,0.0,12.235150749730654
-0.846480133234496,-1.1563654819754363,0.7933341778023216,1.064164500169836,0.0,0.0,0.0,0.0,12.167856627501678
-0.5178744176403297,-1.1563654819754363,0.7886542227630232,0.42790489028142553,0.0,0.0,0.0,0.0,12.058158312538197
-0.6359548347866494,-1.1513769192096812,0.7886542227630232,0.10977508533722025,0.0,0.0,0.0,0.0,12.039433474778324
-0.5868287773208123,-1.1513769192096812,0.7886542227630232,0.9050995976977334,0.0,0.0,0.0,0.0,12.058158312538197
-0.9215033136455826,-1.1563654819754363,0.7886542227630232,1.1436969514058875,0.0,0.0,0.0,0.0,12.127575825689417
-0.33722236606467987,-1.1563654819754363,0.7886542227630232,0.9846320489337848,0.0,0.0,0.0,0.0,12.12703484943049
0.267828597292514,-1.1563654819754363,0.7839742677237249,1.8594890125303492,0.0,0.0,0.0,0.0,12.317618492524995
1.0161769742800884,-1.1613540447411912,0.7839742677237249,1.8594890125303492,0.0,0.0,0.0,0.0,12.54646931434116
-0.05360963174912888,-1.1613540447411912,0.7886542227630232,1.541359207586144,0.0,0.0,0.0,0.0,12.304110918882833
-0.4534193560877087,-1.166342607506939,0.7886542227630232,1.064164500169836,0.0,0.0,0.0,0.0,12.105152257898368
-0.6779657231200541,-1.166342607506939,0.7839742677237249,-1.0036792319674983,0.0,0.0,0.0,0.0,12.28442623513897
-0.6764485179374031,-1.176319733038449,0.7886542227630232,1.8594890125303492,0.0,0.0,0.0,0.0,12.02874460037869
-0.8821082963167485,-1.181308295804197,0.7933341778023216,0.6665022439895795,0.0,0.0,0.0,0.0,12.429220196836383
0.5104244742563967,-1.181308295804197,0.7886542227630232,1.3822943051140413,0.0,0.0,0.0,0.0,12.327409359385856
-0.4584418284164843,-1.176319733038449,0.7886542227630232,1.779956561294298,0.0,0.0,0.0,0.0,12.12649358035784
-0.18346146841601657,-1.171331170272694,0.7886542227630232,0.8255671464616822,0.0,0.0,0.0,0.0,12.16837597044068
-0.7615166430060409,-1.171331170272694,0.7886542227630232,0.18930753657327157,0.0,0.0,0.0,0.0,12.017336559562407
-0.7915468421385121,-1.171331170272694,0.7886542227630232,-0.04928981713488239,0.0,0.0,0.0,0.0,12.198045514142787
0.7261291972932934,-1.181308295804197,0.7839742677237249,-1.8785361955640627,0.0,0.0,0.0,0.0,12.414715569074824
0.08953082962097746,-1.181308295804197,0.7839742677237249,0.10977508533722025,0.0,0.0,0.0,0.0,12.544332569000922
0.4453416036626789,-1.181308295804197,0.7792943126844232,-0.20835471960698504,0.0,0.0,0.0,0.0,12.587931300962664
-0.6073895234167377,-1.176319733038449,0.7792943126844232,-1.0036792319674983,0.0,0.0,0.0,0.0,12.360084744326953
-0.5117532794896344,-1.176319733038449,0.7839742677237249,-0.20835471960698504,0.0,0.0,0.0,0.0,12.34496899599742
0.7327735096449032,-1.171331170272694,0.7839742677237249,0.42790489028142553,0.0,0.0,0.0,0.0,12.392971211817235
-0.4005264443752899,-1.171331170272694,0.7839742677237249,-0.20835471960698504,0.0,0.0,0.0,0.0,12.420784751899777
0.6128619827953838,-1.176319733038449,0.7792943126844232,-1.0036792319674983,0.0,0.0,0.0,0.0,12.586223364451623
-0.6377336270697572,-1.176319733038449,0.7839742677237249,0.03024263410116893,0.0,0.0,0.0,0.0,12.440357896943219
0.09214670062554806,-1.171331170272694,0.7839742677237249,-1.2422765856756521,0.0,0.0,0.0,0.0,12.273268570141383
0.20923308679013117,-1.171331170272694,0.7792943126844232,0.5869697927535281,0.0,0.0,0.0,0.0,12.644653329849545
-0.14176448460316007,-1.171331170272694,0.7792943126844232,0.5074373415174769,0.0,0.0,0.0,0.0,12.753618744072144
-0.12209313464878878,-1.166342607506939,0.7839742677237249,-0.04928981713488239,0.0,0.0,0.0,0.0,12.714698852350997
0.44596941270377577,-1.166342607506939,0.7839742677237249,1.3822943051140413,0.0,0.0,0.0,0.0,12.73670383776449
0.34567691838853665,-1.1613540447411912,0.7792943126844232,0.8255671464616822,0.0,0.0,0.0,0.0,12.753907885930044
0.29362108539758053,-1.166342607506939,0.7792943126844232,1.1436969514058875,0.0,0.0,0.0,0.0,12.699551683459445
-0.11508260035653949,-1.166342607506939,0.7792943126844232,0.18930753657327157,0.0,0.0,0.0,0.0,12.750432653574146
-0.13145795284515174,-1.166342607506939,0.7792943126844232,0.18930753657327157,0.0,0.0,0.0,0.0,12.487488878546145
-0.26580908763990096,-1.1563654819754363,0.7839742677237249,0.9050995976977334,0.0,0.0,0.0,0.0,12.36819574669825
0.3679118219273875,-1.1513769192096812,0.7839742677237249,-0.04928981713488239,0.0,0.0,0.0,0.0,12.47915237076039
1.0281576634810219,-1.1563654819754363,0.7792943126844232,1.4618267563500926,0.0,0.0,0.0,0.0,12.554265215639417
0.19102662459831904,-1.1563654819754363,0.7792943126844232,1.8594890125303492,0.0,0.0,0.0,0.0,12.559545969749749
-0.06841546163499893,-1.1563654819754363,0.7839742677237249,1.4618267563500926,0.0,0.0,0.0,0.0,12.418765780969542
0.6067408446446884,-1.1613540447411912,0.7792943126844232,1.8594890125303492,0.0,0.0,0.0,0.0,12.600143080224452
0.9246738065402066,-1.1613540447411912,0.7792943126844232,1.8594890125303492,0.0,0.0,0.0,0.0,12.650761671914688
0.23476398779474078,-1.1513769192096812,0.7792943126844232,1.064164500169836,0.0,0.0,0.0,0.0,12.417147664184915
0.13829066514617477,-1.1513769192096812,0.7746143576451248,1.2232294026419388,0.0,0.0,0.0,0.0,12.521251930587761
0.7948219698733192,-1.1563654819754363,0.7792943126844232,1.4618267563500926,0.0,0.0,0.0,0.0,12.55072915656616
0.6225407055122956,-1.1563654819754363,0.7792943126844232,1.3822943051140413,0.0,0.0,0.0,0.0,12.711687717920274
-0.6131967570468845,-1.1563654819754363,0.7746143576451248,0.7460346952256308,0.0,0.0,0.0,0.0,12.565846283553652
2.082876852523912,-1.1613540447411912,0.7746143576451248,-0.20835471960698504,0.0,0.0,0.0,0.0,12.958905183406316
1.4423023609246488,-1.1613540447411912,0.7746143576451248,0.5869697927535281,0.0,0.0,0.0,0.0,12.554265215639417
0.6802468198731241,-1.171331170272694,0.7746143576451248,0.42790489028142553,0.0,0.0,0.0,0.0,12.75014250498702
0.9157275277045749,-1.166342607506939,0.7746143576451248,0.5869697927535281,0.0,0.0,0.0,0.0,12.677640675462799
0.7488872750330581,-1.166342607506939,0.7746143576451248,-0.8446143294953956,0.0,0.0,0.0,0.0,12.769683300490902
0.04511333996336777,-1.176319733038449,0.7746143576451248,0.5869697927535281,0.0,0.0,0.0,0.0,12.57141343235417
1.4175562212214103,-1.171331170272694,0.7746143576451248,0.2688399878093229,0.0,0.0,0.0,0.0,12.756218016006999
0.9276558994854172,-1.176319733038449,0.7699344026058264,0.42790489028142553,0.0,0.0,0.0,0.0,12.837878854006087
0.15231173373067336,-1.176319733038449,0.7699344026058264,-1.4808739393838062,0.0,0.0,0.0,0.0,12.273735966890268
-0.1291559863611296,-1.181308295804197,0.7699344026058264,-0.8446143294953956,0.0,0.0,0.0,0.0,12.388398368982115
0.6309114927269216,-1.181308295804197,0.7699344026058264,-0.12882226837093372,0.0,0.0,0.0,0.0,12.699246387487896
0.6456650051927002,-1.176319733038449,0.765254447566528,0.10977508533722025,0.0,0.0,0.0,0.0,12.535739636044429
0.026279068730458998,-1.181308295804197,0.765254447566528,0.8255671464616822,0.0,0.0,0.0,0.0,12.375397611328344
0.5479360644619403,-1.181308295804197,0.7605744925272263,1.1436969514058875,0.0,0.0,0.0,0.0,12.380030154325457
0.4182934974754181,-1.181308295804197,0.7605744925272263,-0.6060169757872417,0.0,0.0,0.0,0.0,12.484465456074554
0.6925414135946063,-1.1862968585699518,0.7605744925272263,-1.4808739393838062,0.0,0.0,0.0,0.0,12.424006650692137
0.855824081699907,-1.1862968585699518,0.7605744925272263,0.42790489028142553,0.0,0.0,0.0,0.0,12.486356166069786
0.7393131871563294,-1.181308295804197,0.7558945374879279,-1.0036792319674983,0.0,0.0,0.0,0.0,12.715299992732369
-0.556536991087884,-1.176319733038449,0.7605744925272263,0.8255671464616822,0.0,0.0,0.0,0.0,12.582112375828691
0.3372014963337279,-1.171331170272694,0.7605744925272263,0.3483724390453742,0.0,0.0,0.0,0.0,12.348877778786173
0.5702232854208821,-1.171331170272694,0.7558945374879279,0.5869697927535281,0.0,0.0,0.0,0.0,12.462654841395091
0.5463142244391062,-1.166342607506939,0.7558945374879279,0.18930753657327157,0.0,0.0,0.0,0.0,12.390479526523466
0.3698998838908612,-1.171331170272694,0.7699344026058264,-0.12882226837093372,0.0,0.0,0.0,0.0,12.640452335469483
0.35901786051184703,-1.171331170272694,0.765254447566528,0.3483724390453742,0.0,0.0,0.0,0.0,12.44312304677877
1.1213349886638286,-1.176319733038449,0.765254447566528,0.5074373415174769,0.0,0.0,0.0,0.0,12.44941482415358
2.147959723117631,-1.171331170272694,0.7699344026058264,-0.20835471960698504,0.0,0.0,0.0,0.0,12.891694078557842
0.9205407303529849,-1.171331170272694,0.765254447566528,0.03024263410116893,0.0,0.0,0.0,0.0,12.550020441826058
0.5911502534574473,-1.166342607506939,0.765254447566528,0.10977508533722025,0.0,0.0,0.0,0.0,12.354496960983985
1.3352609194176173,-1.166342607506939,0.7699344026058264,0.03024263410116893,0.0,0.0,0.0,0.0,12.72873098576518
0.9241506323392923,-1.1613540447411912,0.7699344026058264,-0.20835471960698504,0.0,0.0,0.0,0.0,12.676079399771027
0.6252612113570487,-1.1613540447411912,0.765254447566528,0.3483724390453742,0.0,0.0,0.0,0.0,12.451372913840931
0.9742707207868665,-1.1613540447411912,0.7558945374879279,-0.04928981713488239,0.0,0.0,0.0,0.0,12.390063641368315
0.42284511302337113,-1.1613540447411912,0.7558945374879279,-0.6855494270232929,0.0,0.0,0.0,0.0,12.429220196836383
0.8290375626131031,-1.1613540447411912,0.765254447566528,-0.04928981713488239,0.0,0.0,0.0,0.0,12.48219187523
1.5342240680252617,-1.1613540447411912,0.7605744925272263,-0.6855494270232929,0.0,0.0,0.0,0.0,12.554265215639417
0.6643423241653343,-1.166342607506939,0.7605744925272263,-0.28788717084303633,0.0,0.0,0.0,0.0,12.495756463152594
0.8324905123391367,-1.166342607506939,0.7605744925272263,0.2688399878093229,0.0,0.0,0.0,0.0,12.472662584630097
1.15246385361822,-1.1563654819754363,0.7558945374879279,-0.446952073315139,0.0,0.0,0.0,0.0,12.66508168011904
0.8494936738688459,-1.1563654819754363,0.7605744925272263,-0.20835471960698504,0.0,0.0,0.0,0.0,12.35320302633692
0.006816988456453339,-1.1513769192096812,0.7605744925272263,-0.28788717084303633,0.0,0.0,0.0,0.0,12.295003429279529
-0.03744354894088224,-1.1513769192096812,0.7605744925272263,-1.2422765856756521,0.0,0.0,0.0,0.0,12.2293056568353
0.009066637520384207,-1.1513769192096812,0.7605744925272263,-1.2422765856756521,0.0,0.0,0.0,0.0,12.32785212918379
-0.529802789421172,-1.1513769192096812,0.7558945374879279,-0.3674196220790877,0.0,0.0,0.0,0.0,12.389647583180738
0.7389469652156899,-1.1563654819754363,0.7558945374879279,-0.6060169757872417,0.0,0.0,0.0,0.0,12.48560031099168
0.4345642151238478,-1.1563654819754363,0.7558945374879279,-0.20835471960698504,0.0,0.0,0.0,0.0,12.366493625870792
0.20149010861660194,-1.1563654819754363,0.7746143576451248,0.5869697927535281,0.0,0.0,0.0,0.0,12.501726607862306
1.1600498795314749,-1.1563654819754363,0.7699344026058264,0.5074373415174769,0.0,0.0,0.0,0.0,12.808750659649172
0.7930954950103024,-1.1613540447411912,0.7699344026058264,0.42790489028142553,0.0,0.0,0.0,0.0,12.62116129842949
0.146033643319704,-1.1513769192096812,0.7699344026058264,0.3483724390453742,0.0,0.0,0.0,0.0,12.65428110117717
0.15079452854802267,-1.1563654819754363,0.7699344026058264,0.2688399878093229,0.0,0.0,0.0,0.0,12.549311224453131
1.0157584349193571,-1.1513769192096812,0.765254447566528,-0.12882226837093372,0.0,0.0,0.0,0.0,12.496504683358769
0.9486351849420738,-1.1513769192096812,0.765254447566528,-0.3674196220790877,0.0,0.0,0.0,0.0,12.574185427296195
1.0315059783668725,-1.1563654819754363,0.7605744925272263,-0.28788717084303633,0.0,0.0,0.0,0.0,12.481053143426296
-0.6249158591473611,-1.1463883564439334,0.7886542227630232,0.8255671464616822,0.0,0.0,0.0,0.0,12.127575825689417
-0.61377224866789,-1.1463883564439334,0.7886542227630232,0.5869697927535281,0.0,0.0,0.0,0.0,12.077107952499174
-0.6475169846268517,-1.1513769192096812,0.7886542227630232,0.7460346952256308,0.0,0.0,0.0,0.0,12.087294740154986
-0.31163914763997874,-1.1513769192096812,0.7886542227630232,1.30276185387799,0.0,0.0,0.0,0.0,12.008846566115903
-0.8634309773441138,-1.1413997936781786,0.7839742677237249,-0.3674196220790877,0.0,0.0,0.0,0.0,11.630717389475995
-0.8093347649695927,-1.1463883564439334,0.7792943126844232,-0.04928981713488239,0.0,0.0,0.0,0.0,12.282575248266141
-0.1025787369546916,-1.1463883564439334,0.7839742677237249,-1.7990037443280114,0.0,0.0,0.0,0.0,11.934270483892945
-0.5938916290331532,-1.1463883564439334,0.7792943126844232,-1.1627441344396008,0.0,0.0,0.0,0.0,11.630717389475995
-0.6277933172523888,-1.1513769192096812,0.7792943126844232,-1.0036792319674983,0.0,0.0,0.0,0.0,12.160557363077048
0.25417375064865494,-1.1413997936781786,0.7886542227630232,-1.2422765856756521,0.0,0.0,0.0,0.0,12.063362110324636
-0.667711508782137,-1.1364112309124235,0.7933341778023216,-0.7650818782593443,0.0,0.0,0.0,0.0,12.059895922372384
-0.09467880652088825,-1.1314226681466757,0.7886542227630232,-1.1627441344396008,0.0,0.0,0.0,0.0,12.16837597044068
-0.5618210505171168,-1.1364112309124235,0.7933341778023216,-1.0036792319674983,0.0,0.0,0.0,0.0,11.759011806144656
0.3372014963337279,-1.1364112309124235,0.7933341778023216,-0.7650818782593443,0.0,0.0,0.0,0.0,12.144734331596096
0.24360563179018946,-1.1314226681466757,0.7886542227630232,-0.5264845245511903,0.0,0.0,0.0,0.0,12.07994804051962
0.7638500571792023,-1.1314226681466757,0.7886542227630232,-1.0036792319674983,0.0,0.0,0.0,0.0,12.268112735686705
-0.7872568136910162,-1.1463883564439334,0.7746143576451248,-0.8446143294953956,0.0,0.0,0.0,0.0,12.337105293891872
0.048409337429126786,-1.1463883564439334,0.7699344026058264,-0.6060169757872417,0.0,0.0,0.0,0.0,12.42761892187964
0.14027872710964848,-1.1413997936781786,0.7746143576451248,-1.1627441344396008,0.0,0.0,0.0,0.0,12.091789104493502
-0.7738635541476145,-1.1364112309124235,0.7699344026058264,-0.9241467807314468,0.0,0.0,0.0,0.0,11.37940550085183
-0.3556904153569487,-1.1264341053809208,0.7792943126844232,-1.0036792319674983,0.0,0.0,0.0,0.0,12.132431487478716
-0.5752143100605185,-1.1364112309124235,0.7792943126844232,-0.7650818782593443,0.0,0.0,0.0,0.0,12.092909546513004
0.4701923782061003,-1.1314226681466757,0.7746143576451248,-0.3674196220790877,0.0,0.0,0.0,0.0,12.164734893029634
0.26620675726968024,-1.1314226681466757,0.7746143576451248,-1.958068646800114,0.0,0.0,0.0,0.0,11.985432208809083
0.025494307429087773,-1.1314226681466757,0.7699344026058264,-0.8446143294953956,0.0,0.0,0.0,0.0,12.02035131605286
0.9048455043255612,-1.1264341053809208,0.7839742677237249,-0.7650818782593443,0.0,0.0,0.0,0.0,12.357509646659748
0.3263194729547138,-1.1264341053809208,0.7792943126844232,-0.9241467807314468,0.0,0.0,0.0,0.0,12.370743507958519
1.26316751453165,-1.116456979849418,0.7746143576451248,-1.0832116832035494,0.0,0.0,0.0,0.0,12.441543897532917
0.9582092728188024,-1.116456979849418,0.7699344026058264,-0.9241467807314468,0.0,0.0,0.0,0.0,12.28765724080691
0.6249996242565918,-1.1214455426151657,0.7699344026058264,0.3483724390453742,0.0,0.0,0.0,0.0,12.080515091473
-0.25790915720609736,-1.1264341053809208,0.7746143576451248,-0.6855494270232929,0.0,0.0,0.0,0.0,11.654433707761807
-0.4039270766812317,-1.1264341053809208,0.7699344026058264,-0.7650818782593443,0.0,0.0,0.0,0.0,12.117793192144138
0.2001821731143164,-1.1264341053809208,0.7746143576451248,-0.6855494270232929,0.0,0.0,0.0,0.0,12.160033942617156
0.5996779929323478,-1.1214455426151657,0.7746143576451248,-1.0036792319674983,0.0,0.0,0.0,0.0,12.314034275355535
-0.6859179709739489,-1.1264341053809208,0.7886542227630232,-0.9241467807314468,0.0,0.0,0.0,0.0,12.015523333397592
-0.08688351092726773,-1.1214455426151657,0.7839742677237249,-0.5264845245511903,0.0,0.0,0.0,0.0,12.086731521684555
0.8570796997821007,-1.1214455426151657,0.7839742677237249,-1.0832116832035494,0.0,0.0,0.0,0.0,12.29865638469802
-0.3861391538501513,-1.116456979849418,0.7839742677237249,-1.1627441344396008,0.0,0.0,0.0,0.0,11.847259703415569
0.31543744957569964,-1.116456979849418,0.7839742677237249,-1.0832116832035494,0.0,0.0,0.0,0.0,12.26670197321789
0.1256821669041443,-1.116456979849418,0.7886542227630232,-0.20835471960698504,0.0,0.0,0.0,0.0,12.013100572810686
-0.38781331129307656,-1.1214455426151657,0.7886542227630232,-1.4808739393838062,0.0,0.0,0.0,0.0,12.351907415253551
0.26259685528337234,-1.1214455426151657,0.7933341778023216,-0.446952073315139,0.0,0.0,0.0,0.0,12.077107952499174
1.790265521952638,-1.116456979849418,0.7933341778023216,-1.958068646800114,0.0,0.0,0.0,0.0,12.745488641595722
0.6971453465626507,-1.111468417083663,0.7980141328416234,-0.28788717084303633,0.0,0.0,0.0,0.0,12.351907415253551
1.0100035187093015,-1.111468417083663,0.7980141328416234,-0.6855494270232929,0.0,0.0,0.0,0.0,12.48332931179837
0.552226092909436,-1.106479854317915,0.7980141328416234,-0.6855494270232929,0.0,0.0,0.0,0.0,12.47762914702042
0.9091355327730569,-1.111468417083663,0.8026940878809218,-1.0832116832035494,0.0,0.0,0.0,0.0,12.316275916098562
1.8304453005828436,-1.1014912915521602,0.7980141328416234,-0.6060169757872417,0.0,0.0,0.0,0.0,12.731986861792581
2.2553150691452095,-1.0865256032549024,0.8026940878809218,-0.8446143294953956,0.0,0.0,0.0,0.0,13.122367377396328
1.7758782314274995,-1.0965027287864053,0.7933341778023216,-1.6399388418559087,0.0,0.0,0.0,0.0,12.780720596528097
1.9190186927976058,-1.0965027287864053,0.7933341778023216,-1.5604063906198575,0.0,0.0,0.0,0.0,12.76110939422043
1.669359964121382,-1.1014912915521602,0.7980141328416234,-1.4013414881477548,0.0,0.0,0.0,0.0,12.843181079306648
1.4675193574087102,-1.106479854317915,0.7933341778023216,-1.2422765856756521,0.0,0.0,0.0,0.0,12.534660309007924
0.9198606038917967,-1.106479854317915,0.7933341778023216,-0.8446143294953956,0.0,0.0,0.0,0.0,12.35017731849889
1.4581022217922555,-1.106479854317915,0.7933341778023216,-1.4808739393838062,0.0,0.0,0.0,0.0,12.555676145640925
1.4668392309475216,-1.1014912915521602,0.7933341778023216,-1.4808739393838062,0.0,0.0,0.0,0.0,12.792472237780538
0.9445544261749438,-1.111468417083663,0.7886542227630232,-0.6855494270232929,0.0,0.0,0.0,0.0,12.32029824991355
0.4880849358773633,-1.111468417083663,0.7886542227630232,-0.446952073315139,0.0,0.0,0.0,0.0,12.289498853474674
0.4323668834800084,-1.111468417083663,0.7886542227630232,-1.1627441344396008,0.0,0.0,0.0,0.0,12.335349374897772
0.8670723270195606,-1.106479854317915,0.7886542227630232,-1.7990037443280114,0.0,0.0,0.0,0.0,12.39628383052922
1.2545351402165672,-1.106479854317915,0.7886542227630232,-0.6855494270232929,0.0,0.0,0.0,0.0,12.39380039582335
0.9178202245082316,-1.0915141660206573,0.7933341778023216,-1.8785361955640627,0.0,0.0,0.0,0.0,12.56444964015848
0.5758212493706633,-1.116456979849418,0.7792943126844232,-1.1627441344396008,0.0,0.0,0.0,0.0,12.136191879981927
0.9982320991887336,-1.116456979849418,0.7839742677237249,-1.0832116832035494,0.0,0.0,0.0,0.0,12.254391269970792
0.3286737568588275,-1.111468417083663,0.7839742677237249,-1.0832116832035494,0.0,0.0,0.0,0.0,12.010671928196443
0.4923226469047681,-1.111468417083663,0.7792943126844232,-1.0036792319674983,0.0,0.0,0.0,0.0,12.369894975232734
0.8624683940515163,-1.116456979849418,0.7792943126844232,-1.0832116832035494,0.0,0.0,0.0,0.0,12.369894975232734
0.616314932521417,-1.111468417083663,0.7839742677237249,-0.6060169757872417,0.0,0.0,0.0,0.0,12.354496960983985
0.6480192890968134,-1.106479854317915,0.7839742677237249,-0.5264845245511903,0.0,0.0,0.0,0.0,12.370319331596598
1.3550892216322632,-1.1014912915521602,0.7839742677237249,-0.28788717084303633,0.0,0.0,0.0,0.0,12.511721101590597
1.0796380048509724,-1.106479854317915,0.7792943126844232,-1.4808739393838062,0.0,0.0,0.0,0.0,12.39628383052922
0.5406639430692337,-1.0915141660206573,0.7699344026058264,-0.9241467807314468,0.0,0.0,0.0,0.0,12.392556361841777
1.4856211847603393,-1.0815370404891473,0.7792943126844232,-1.3218090369117035,0.0,0.0,0.0,0.0,12.801334082366724
1.2335035373398189,-1.1014912915521602,0.7839742677237249,-1.71947129309196,0.0,0.0,0.0,0.0,12.585197200606364
1.4487897210159844,-1.0965027287864053,0.7839742677237249,-1.0036792319674983,0.0,0.0,0.0,0.0,12.620170385023595
1.7005411464958642,-1.0915141660206573,0.7746143576451248,-1.0832116832035494,0.0,0.0,0.0,0.0,12.535020214140818
1.1876211599196496,-1.0915141660206573,0.7792943126844232,-1.7990037443280114,0.0,0.0,0.0,0.0,12.723380216015363
-0.7173084230287969,-1.0865256032549024,0.7792943126844232,-0.446952073315139,0.0,0.0,0.0,0.0,11.803361242493628
0.9233135536178297,-1.0815370404891473,0.7746143576451248,-1.7990037443280114,0.0,0.0,0.0,0.0,12.593716562001331
0.2407804911052532,-1.0865256032549024,0.7746143576451248,-1.0832116832035494,0.0,0.0,0.0,0.0,12.30592250537653
0.11333525576257075,-1.1314226681466757,0.7980141328416234,0.3483724390453742,0.0,0.0,0.0,0.0,12.013706813470414
0.12468813592240743,-1.1314226681466757,0.7933341778023216,-0.04928981713488239,0.0,0.0,0.0,0.0,11.983560145061489
-0.10451448149807402,-1.1314226681466757,0.7933341778023216,-0.20835471960698504,0.0,0.0,0.0,0.0,12.005185815601541
-0.3510864823889044,-1.1264341053809208,0.7886542227630232,-0.6060169757872417,0.0,0.0,0.0,0.0,12.095146671399466
-0.22254258122430223,-1.1214455426151657,0.8026940878809218,-0.3674196220790877,0.0,0.0,0.0,0.0,12.113962839063479
0.5054543193477125,-1.1214455426151657,0.7980141328416234,-0.446952073315139,0.0,0.0,0.0,0.0,12.182297237179363
0.309107041744639,-1.116456979849418,0.8026940878809218,-0.04928981713488239,0.0,0.0,0.0,0.0,12.058737851357439
0.2609226978404473,-1.116456979849418,0.8026940878809218,0.03024263410116893,0.0,0.0,0.0,0.0,12.130815551850676
0.7080796873617561,-1.111468417083663,0.8026940878809218,-0.12882226837093372,0.0,0.0,0.0,0.0,12.169413847867123
0.6411133896447472,-1.111468417083663,0.8026940878809218,-0.9241467807314468,0.0,0.0,0.0,0.0,12.391310778311764
0.1955259227261808,-1.1314226681466757,0.7980141328416234,-0.12882226837093372,0.0,0.0,0.0,0.0,12.000897933306716
0.3960585939365677,-1.1264341053809208,0.7933341778023216,-0.12882226837093372,0.0,0.0,0.0,0.0,12.06451484156046
0.1744943198494329,-1.1264341053809208,0.7980141328416234,-0.6060169757872417,0.0,0.0,0.0,0.0,12.17252103261878
-0.6912020304031817,-1.1413997936781786,0.8026940878809218,0.5074373415174769,0.0,0.0,0.0,0.0,12.112316757188815
-0.5630766685993108,-1.1413997936781786,0.8026940878809218,1.1436969514058875,0.0,0.0,0.0,0.0,11.940158587995837
-0.6797968328232534,-1.1364112309124235,0.7980141328416234,-0.12882226837093372,0.0,0.0,0.0,0.0,11.83138646878959
-0.8753593491249562,-1.1314226681466757,0.8026940878809218,-0.5264845245511903,0.0,0.0,0.0,0.0,12.00762780434872
-0.5859916985993496,-1.1364112309124235,0.8026940878809218,0.03024263410116893,0.0,0.0,0.0,0.0,11.983560145061489
-0.6209397352204137,-1.1314226681466757,0.8026940878809218,-0.6855494270232929,0.0,0.0,0.0,0.0,12.112865752267137
-0.2854804375942722,-1.1413997936781786,0.8120539979595185,-1.0832116832035494,0.0,0.0,0.0,0.0,12.25629511679123
-0.8142526024581854,-1.1314226681466757,0.8120539979595185,-1.0832116832035494,0.0,0.0,0.0,0.0,11.850118870058369
-0.43406191065388566,-1.1364112309124235,0.8073740429202201,-1.0832116832035494,0.0,0.0,0.0,0.0,11.980432229642377
-0.08186103859849192,-1.1364112309124235,0.8073740429202201,-0.8446143294953956,0.0,0.0,0.0,0.0,11.76446986680519
0.08837984637896672,-1.1364112309124235,0.8073740429202201,-1.4013414881477548,0.0,0.0,0.0,0.0,12.235150749730654
0.32087846126520697,-1.1413997936781786,0.8073740429202201,0.18930753657327157,0.0,0.0,0.0,0.0,11.962732764429129
-0.16415634040228502,-1.1314226681466757,0.8167339529988202,0.42790489028142553,0.0,0.0,0.0,0.0,12.215037342290755
0.7142531429325428,-1.1364112309124235,0.8167339529988202,-1.3218090369117035,0.0,0.0,0.0,0.0,12.565497305532237
0.8804655865629624,-1.1314226681466757,0.8214139080381186,0.18930753657327157,0.0,0.0,0.0,0.0,12.345404060459082
0.644514021950689,-1.1314226681466757,0.8167339529988202,0.3483724390453742,0.0,0.0,0.0,0.0,12.184854116317803
-0.34219252097336417,-1.1264341053809208,0.8167339529988202,0.18930753657327157,0.0,0.0,0.0,0.0,12.12703484943049
0.1955259227261808,-1.1264341053809208,0.8120539979595185,1.1436969514058875,0.0,0.0,0.0,0.0,12.250572667806054
-0.3392104280281536,-1.1264341053809208,0.8120539979595185,1.1436969514058875,0.0,0.0,0.0,0.0,12.113962839063479
-0.010029220812981717,-1.1314226681466757,0.8120539979595185,1.064164500169836,0.0,0.0,0.0,0.0,12.141539457711714
0.1492250059452802,-1.1314226681466757,0.8120539979595185,-0.04928981713488239,0.0,0.0,0.0,0.0,12.277467297099491
0.08806594185841804,-1.1214455426151657,0.8120539979595185,0.9050995976977334,0.0,0.0,0.0,0.0,12.187404474495082
-0.3547487017953034,-1.1264341053809208,0.8073740429202201,0.03024263410116893,0.0,0.0,0.0,0.0,12.05350987098043
0.18569024774899526,-1.1264341053809208,0.8073740429202201,-0.5264845245511903,0.0,0.0,0.0,0.0,12.121608929585332
-0.08473849670351968,-1.1264341053809208,0.8026940878809218,0.18930753657327157,0.0,0.0,0.0,0.0,12.092909546513004
0.2827390620185664,-1.1214455426151657,0.8120539979595185,0.9846320489337848,0.0,0.0,0.0,0.0,12.279327754099118
0.6454034180922428,-1.116456979849418,0.8120539979595185,-0.20835471960698504,0.0,0.0,0.0,0.0,12.269521510708264
0.08487457923284185,-1.1214455426151657,0.8073740429202201,0.3483724390453742,0.0,0.0,0.0,0.0,12.029341433599432
-0.08238421279940623,-1.1214455426151657,0.8073740429202201,0.42790489028142553,0.0,0.0,0.0,0.0,11.992266613576142
1.8727700934367966,-1.116456979849418,0.8214139080381186,0.42790489028142553,0.0,0.0,0.0,0.0,13.031346169595265
1.1638167337780563,-1.1214455426151657,0.8214139080381186,0.6665022439895795,0.0,0.0,0.0,0.0,12.56444964015848
0.846825485444184,-1.1214455426151657,0.8167339529988202,0.2688399878093229,0.0,0.0,0.0,0.0,12.709272265101712
4.422354926751637,-1.116456979849418,0.8167339529988202,0.03024263410116893,0.0,0.0,0.0,0.0,12.940124217215681
1.5537907831394502,-1.1214455426151657,0.8167339529988202,0.2688399878093229,0.0,0.0,0.0,0.0,12.67888794332868
1.7839351141215773,-1.116456979849418,0.8120539979595185,-0.3674196220790877,0.0,0.0,0.0,0.0,12.700771936142122
0.7853525168367731,-1.106479854317915,0.8167339529988202,-0.5264845245511903,0.0,0.0,0.0,0.0,12.693427984358877
1.9383761382314288,-1.116456979849418,0.8073740429202201,-0.6855494270232929,0.0,0.0,0.0,0.0,12.832281093414728
1.1409017037780176,-1.1463883564439334,0.8214139080381186,-1.0036792319674983,0.0,0.0,0.0,0.0,12.416337622869019
0.8719378470880623,-1.1463883564439334,0.8167339529988202,-1.0036792319674983,0.0,0.0,0.0,0.0,12.502842052798766
1.689188266336028,-1.1513769192096812,0.8214139080381186,-1.2422765856756521,0.0,0.0,0.0,0.0,12.520522006212012
1.5226619181850594,-1.1463883564439334,0.8307738181167154,-0.9241467807314468,0.0,0.0,0.0,0.0,12.519791548657462
1.6124909284820161,-1.1463883564439334,0.826093863077417,-1.0036792319674983,0.0,0.0,0.0,0.0,12.770252288930184
1.1897661741433976,-1.1413997936781786,0.826093863077417,-0.7650818782593443,0.0,0.0,0.0,0.0,12.500237409855137
-0.0842153225026056,-1.1463883564439334,0.8214139080381186,-1.0036792319674983,0.0,0.0,0.0,0.0,12.34496899599742
0.8089476732980008,-1.1413997936781786,0.8214139080381186,-0.9241467807314468,0.0,0.0,0.0,0.0,12.46110626016646
1.0232921434125206,-1.1364112309124235,0.8214139080381186,-1.0832116832035494,0.0,0.0,0.0,0.0,12.530331313535255
1.1681590796456436,-1.1214455426151657,0.8354537731560171,-1.2422765856756521,0.0,0.0,0.0,0.0,12.705031132543777
1.662715651769773,-1.116456979849418,0.8307738181167154,-0.28788717084303633,0.0,0.0,0.0,0.0,12.678264503855369
1.5650390284591045,-1.1314226681466757,0.826093863077417,-0.28788717084303633,0.0,0.0,0.0,0.0,12.57245383112879
0.9624993012662985,-1.1264341053809208,0.826093863077417,-0.12882226837093372,0.0,0.0,0.0,0.0,12.760822327438113
-0.059678452479732844,-1.1613540447411912,0.826093863077417,-1.0036792319674983,0.0,0.0,0.0,0.0,11.918397239722838
-1.4557164901990027,-1.1613540447411912,0.8120539979595185,-0.6855494270232929,0.0,0.0,0.0,0.0,12.141539457711714
-0.15787824999131542,-1.1513769192096812,0.8120539979595185,-1.1627441344396008,0.0,0.0,0.0,0.0,12.718000661438602
1.6727082790072327,-1.1463883564439334,0.8167339529988202,-1.1627441344396008,0.0,0.0,0.0,0.0,12.723678233308531
0.2609226978404473,-1.1563654819754363,0.8214139080381186,-2.1171335492722165,0.0,0.0,0.0,0.0,12.959846800844963
0.7657858017225847,-1.1513769192096812,0.826093863077417,-1.5604063906198575,0.0,0.0,0.0,0.0,12.458390459140501
0.9904891210152044,-1.1563654819754363,0.8167339529988202,-2.0376010980361654,0.0,0.0,0.0,0.0,12.511352710974496
1.1612531801935773,-1.1513769192096812,0.8120539979595185,-2.0376010980361654,0.0,0.0,0.0,0.0,12.516131235860326
1.0441667940289943,-1.1413997936781786,0.826093863077417,-1.0036792319674983,0.0,0.0,0.0,0.0,12.497999446362185
1.3844916117236372,-1.1413997936781786,0.826093863077417,-0.6060169757872417,0.0,0.0,0.0,0.0,12.462654841395091
1.4690365625913608,-1.1364112309124235,0.8307738181167154,-0.28788717084303633,0.0,0.0,0.0,0.0,12.488620309436481
0.9001369365173338,-1.1364112309124235,0.826093863077417,-0.446952073315139,0.0,0.0,0.0,0.0,12.4016435409078
0.853312845535519,-1.1413997936781786,0.8307738181167154,-1.0036792319674983,0.0,0.0,0.0,0.0,12.094587859196112
0.9068335662890349,-1.1364112309124235,0.8307738181167154,-0.9241467807314468,0.0,0.0,0.0,0.0,12.201567512641383
1.1767914539607272,-1.1413997936781786,0.8307738181167154,-1.0036792319674983,0.0,0.0,0.0,0.0,12.494633082107216
1.8362525342129903,-1.1413997936781786,0.8307738181167154,-1.0036792319674983,0.0,0.0,0.0,0.0,12.495007682693725
1.3728771444633436,-1.1413997936781786,0.8307738181167154,-1.0036792319674983,0.0,0.0,0.0,0.0,12.48219187523
1.4294845930022526,-1.1613540447411912,0.8448136832346139,-1.3218090369117035,0.0,0.0,0.0,0.0,12.609539090975447
0.6308591753068299,-1.1613540447411912,0.8448136832346139,-1.958068646800114,0.0,0.0,0.0,0.0,12.48937388613538
2.5066479552643592,-1.1613540447411912,0.8448136832346139,-1.5604063906198575,0.0,0.0,0.0,0.0,12.996802422000108
2.0806272034599815,-1.1563654819754363,0.8448136832346139,-1.6399388418559087,0.0,0.0,0.0,0.0,12.954656898159907
-0.2552409687814355,-1.1513769192096812,0.8401337281953155,-0.9241467807314468,0.0,0.0,0.0,0.0,12.412277544454046
0.935869734439769,-1.1513769192096812,0.8401337281953155,0.18930753657327157,0.0,0.0,0.0,0.0,12.226370248344972
1.262382753230279,-1.1463883564439334,0.8401337281953155,-0.5264845245511903,0.0,0.0,0.0,0.0,12.44588057164006
1.7959158033225109,-1.1364112309124235,0.8448136832346139,-1.6399388418559087,0.0,0.0,0.0,0.0,12.815569159219098
1.342271453709867,-1.1463883564439334,0.8354537731560171,-0.7650818782593443,0.0,0.0,0.0,0.0,12.48560031099168
0.2639047907856579,-1.1513769192096812,0.8307738181167154,-0.446952073315139,0.0,0.0,0.0,0.0,12.332269077986075
1.4368613492351419,-1.1413997936781786,0.8354537731560171,-0.6855494270232929,0.0,0.0,0.0,0.0,12.486733879472904
0.952297404348473,-1.1463883564439334,0.8354537731560171,-0.28788717084303633,0.0,0.0,0.0,0.0,12.472662584630097
0.7303145909006065,-1.1513769192096812,0.8448136832346139,-0.9241467807314468,0.0,0.0,0.0,0.0,12.138334343884129
0.7478409266312299,-1.1513769192096812,0.8448136832346139,-0.20835471960698504,0.0,0.0,0.0,0.0,12.330063042262541
0.7968623492568842,-1.1513769192096812,0.8448136832346139,-0.446952073315139,0.0,0.0,0.0,0.0,12.379609899729042
3.402479139489627,-1.1563654819754363,0.854173593313214,-1.8785361955640627,0.0,0.0,0.0,0.0,13.122367377396328
3.7124075361111597,-1.1513769192096812,0.854173593313214,-1.8785361955640627,0.0,0.0,0.0,0.0,13.122367377396328
0.4571130231832468,-1.1563654819754363,0.8494936382739156,-1.0832116832035494,0.0,0.0,0.0,0.0,12.446667041257989
1.4821682350343057,-1.1513769192096812,0.8448136832346139,-1.1627441344396008,0.0,0.0,0.0,0.0,12.64819428464882
5.819700899973191,-1.1463883564439334,0.854173593313214,1.1436969514058875,0.0,0.0,0.0,0.0,13.122367377396328
-0.017876833826693764,-1.1613540447411912,0.854173593313214,0.03024263410116893,0.0,0.0,0.0,0.0,12.30456412327217
0.9050547740059268,-1.166342607506939,0.854173593313214,-0.20835471960698504,0.0,0.0,0.0,0.0,12.33182825999709
1.43419316081048,-1.1613540447411912,0.8494936382739156,-0.8446143294953956,0.0,0.0,0.0,0.0,12.528884140515583
0.9051070914260182,-1.1613540447411912,0.8494936382739156,-1.0036792319674983,0.0,0.0,0.0,0.0,12.677640675462799
0.1374012690046205,-1.166342607506939,0.8354537731560171,-0.7650818782593443,0.0,0.0,0.0,0.0,12.067390869565173
0.9198082864717054,-1.1613540447411912,0.8307738181167154,-0.3674196220790877,0.0,0.0,0.0,0.0,12.34017075254176
2.0107834476379445,-1.1563654819754363,0.8354537731560171,-0.20835471960698504,0.0,0.0,0.0,0.0,12.323860125621126
-0.321527140037256,-1.171331170272694,0.8494936382739156,-1.4808739393838062,0.0,0.0,0.0,0.0,12.437981667612153
0.47249434469012225,-1.166342607506939,0.8448136832346139,-0.20835471960698504,0.0,0.0,0.0,0.0,12.327409359385856
0.6068454794848714,-1.166342607506939,0.8448136832346139,-0.7650818782593443,0.0,0.0,0.0,0.0,12.44941482415358
0.6301790488456417,-1.166342607506939,0.8448136832346139,-0.3674196220790877,0.0,0.0,0.0,0.0,12.26670197321789
0.49917622893674307,-1.166342607506939,0.8401337281953155,0.3483724390453742,0.0,0.0,0.0,0.0,12.323415584358154
-0.46801591629321293,-1.2461596117589757,0.8448136832346139,-0.6060169757872417,0.0,0.0,1.0,0.0,12.323860125621126
-0.2565489042837208,-1.1912854213356996,0.8401337281953155,-0.8446143294953956,0.0,0.0,0.0,0.0,11.970356641102999
-0.20229573964892533,-1.2062511096329573,0.826093863077417,-0.3674196220790877,0.0,0.0,0.0,0.0,12.331387247601905
0.49085775914220825,-1.2062511096329573,0.8214139080381186,-0.28788717084303633,0.0,0.0,0.0,0.0,12.348877778786173
0.09900028265752348,-1.221216797930215,0.826093863077417,0.3483724390453742,0.0,0.0,0.0,0.0,12.33182825999709
-0.4738231499233597,-1.2112396723987124,0.826093863077417,-0.9241467807314468,0.0,0.0,0.0,0.0,11.305913595583258
-0.1121528248314202,-1.2112396723987124,0.826093863077417,-0.9241467807314468,0.0,0.0,0.0,0.0,12.356219606876625
1.0663493801477537,-1.2112396723987124,0.826093863077417,0.5074373415174769,0.0,0.0,0.0,0.0,12.375397611328344
-0.3831570609049407,-1.2162282351644673,0.826093863077417,-0.3674196220790877,0.0,0.0,0.0,0.0,10.768506042432708
1.0044578721796116,-1.2112396723987124,0.8214139080381186,0.3483724390453742,0.0,0.0,0.0,0.0,12.34496899599742
0.7415628362202605,-1.1912854213356996,0.8307738181167154,-0.9241467807314468,0.0,0.0,0.0,0.0,12.380030154325457
1.0478813308554848,-1.1962739841014547,0.826093863077417,-0.9241467807314468,0.0,0.0,0.0,0.0,12.450981602512561
0.3295631530003813,-1.1912854213356996,0.8214139080381186,-0.6855494270232929,0.0,0.0,0.0,0.0,12.298200494359103
0.8091046255582747,-1.1862968585699518,0.8214139080381186,-0.3674196220790877,0.0,0.0,0.0,0.0,12.484086884722583
-0.36364266321084354,-1.1862968585699518,0.8167339529988202,-0.5264845245511903,0.0,0.0,0.0,0.0,11.37940550085183
0.46365270069467357,-1.1862968585699518,0.8307738181167154,-1.2422765856756521,0.0,0.0,0.0,0.0,11.83138646878959
0.43351786672201964,-1.181308295804197,0.8354537731560171,-1.0036792319674983,0.0,0.0,0.0,0.0,11.630717389475995
-0.2622515030736848,-1.176319733038449,0.826093863077417,0.42790489028142553,0.0,0.0,0.0,0.0,11.119897691565697
-0.3458024229596716,-1.166342607506939,0.8073740429202201,1.064164500169836,0.0,0.0,0.0,0.0,12.204576526902637
-0.3766697008136055,-1.171331170272694,0.8073740429202201,1.064164500169836,0.0,0.0,0.0,0.0,11.83138646878959
-0.43976450944384987,-1.1862968585699518,0.8120539979595185,0.8255671464616822,0.0,0.0,0.0,0.0,12.246739428005663
-0.16415634040228502,-1.1862968585699518,0.8073740429202201,-0.12882226837093372,0.0,0.0,0.0,0.0,12.248178615401173
-0.5773593242842665,-1.1862968585699518,0.8073740429202201,-0.28788717084303633,0.0,0.0,0.0,0.0,12.369894975232734
-0.40272377601912923,-1.176319733038449,0.8026940878809218,0.5869697927535281,0.0,0.0,0.0,0.0,12.363507925148648
-0.4388227958822043,-1.176319733038449,0.7980141328416234,1.541359207586144,0.0,0.0,0.0,0.0,12.294545870166347
0.41625311809185306,-1.2012625468672096,0.8073740429202201,0.2688399878093229,0.0,0.0,0.0,0.0,12.437585079848033
0.19144516395905078,-1.2062511096329573,0.8120539979595185,-0.12882226837093372,0.0,0.0,0.0,0.0,12.377927112974284
1.1410586560382916,-1.1962739841014547,0.8073740429202201,-0.3674196220790877,0.0,0.0,0.0,0.0,12.447060044238079
1.1171495950565156,-1.1962739841014547,0.8073740429202201,0.42790489028142553,0.0,0.0,0.0,0.0,12.510615522357213
0.1836498683654298,-1.1962739841014547,0.8026940878809218,0.5074373415174769,0.0,0.0,0.0,0.0,12.505810504075185
0.21315689329698684,-1.1912854213356996,0.8073740429202201,-1.0036792319674983,0.0,0.0,0.0,0.0,12.48560031099168
-0.18644356136122714,-1.1912854213356996,0.8073740429202201,0.3483724390453742,0.0,0.0,0.0,0.0,12.473810905719647
1.2780256618376113,-1.1962739841014547,0.8026940878809218,0.5869697927535281,0.0,0.0,0.0,0.0,12.461880850543723
0.3655575380232738,-1.1962739841014547,0.8073740429202201,0.5869697927535281,0.0,0.0,0.0,0.0,12.419573858556635
0.35901786051184703,-1.2012625468672096,0.8073740429202201,0.42790489028142553,0.0,0.0,0.0,0.0,12.399585512019348
0.9572152418370655,-1.2012625468672096,0.8073740429202201,0.3483724390453742,0.0,0.0,0.0,0.0,12.567937598044296
2.081202695080987,-1.2012625468672096,0.8073740429202201,0.5074373415174769,0.0,0.0,0.0,0.0,12.549311224453131
0.6332134592109435,-1.2012625468672096,0.8073740429202201,0.5074373415174769,0.0,0.0,0.0,0.0,12.447452892827501
0.540350038548685,-1.2062511096329573,0.8073740429202201,0.3483724390453742,0.0,0.0,0.0,0.0,12.50729143185074
-0.35129575206927,-1.2062511096329573,0.8073740429202201,0.3483724390453742,0.0,0.0,0.0,0.0,12.475339952160343
0.8494936738688459,-1.2062511096329573,0.8073740429202201,0.3483724390453742,0.0,0.0,0.0,0.0,12.550374861980682
-0.17116687469453432,-1.2012625468672096,0.8026940878809218,0.9846320489337848,0.0,0.0,0.0,0.0,12.472662584630097
0.2724848476806496,-1.2062511096329573,0.8026940878809218,-0.8446143294953956,0.0,0.0,0.0,0.0,12.38380451915696
0.3486590113337472,-1.2062511096329573,0.8026940878809218,-1.0036792319674983,0.0,0.0,0.0,0.0,12.198045514142787
0.2609226978404473,-1.2062511096329573,0.8026940878809218,-0.28788717084303633,0.0,0.0,0.0,0.0,12.26528921768626
0.35901786051184703,-1.2012625468672096,0.8026940878809218,0.5869697927535281,0.0,0.0,0.0,0.0,12.388398368982115
0.3957970068361103,-1.1962739841014547,0.8026940878809218,0.10977508533722025,0.0,0.0,0.0,0.0,12.56758934921002
0.5649915434117408,-1.2012625468672096,0.7980141328416234,0.3483724390453742,0.0,0.0,0.0,0.0,12.382967001677175
0.34557228354835406,-1.2012625468672096,0.7980141328416234,-0.8446143294953956,0.0,0.0,0.0,0.0,12.635908363171778
0.04511333996336777,-1.2062511096329573,0.7980141328416234,-0.20835471960698504,0.0,0.0,0.0,0.0,12.479532814438391
0.025494307429087773,-1.1912854213356996,0.8026940878809218,0.6665022439895795,0.0,0.0,0.0,0.0,12.434406702831367
-0.10885682736566119,-1.1962739841014547,0.7980141328416234,0.3483724390453742,0.0,0.0,0.0,0.0,12.491631214944439
0.025494307429087773,-1.1962739841014547,0.8026940878809218,0.5074373415174769,0.0,0.0,0.0,0.0,12.56758934921002
0.6935354445763432,-1.1912854213356996,0.8026940878809218,0.2688399878093229,0.0,0.0,0.0,0.0,12.5421912482017
-0.311272925699339,-1.1862968585699518,0.8026940878809218,0.5869697927535281,0.0,0.0,0.0,0.0,12.406565597924235
-0.37122868912409845,-1.181308295804197,0.8026940878809218,1.8594890125303492,0.0,0.0,0.0,0.0,12.352771342460947
-0.787361448531199,-1.181308295804197,0.8026940878809218,-0.8446143294953956,0.0,0.0,0.0,0.0,12.404927602627597
-0.13836385229721823,-1.1862968585699518,0.8026940878809218,1.541359207586144,0.0,0.0,0.0,0.0,12.369470438714096
-0.2840678672518041,-1.1862968585699518,0.8026940878809218,1.064164500169836,0.0,0.0,0.0,0.0,12.379609899729042
0.20368744026044128,-1.1862968585699518,0.8026940878809218,1.8594890125303492,0.0,0.0,0.0,0.0,12.37201495855807
-0.3836802351058548,-1.181308295804197,0.7980141328416234,1.064164500169836,0.0,0.0,0.0,0.0,12.565497305532237
-0.23698218916953231,-1.181308295804197,0.7980141328416234,0.03024263410116893,0.0,0.0,0.0,0.0,12.342790829935483
-0.07542599592724823,-1.181308295804197,0.7980141328416234,0.9846320489337848,0.0,0.0,0.0,0.0,12.429220196836383
-0.10174165823322907,-1.181308295804197,0.7933341778023216,0.5869697927535281,0.0,0.0,0.0,0.0,12.459167155192379
0.4571130231832468,-1.181308295804197,0.7933341778023216,0.6665022439895795,0.0,0.0,0.0,0.0,12.433610527614848
0.5970621219277772,-1.181308295804197,0.7980141328416234,0.5869697927535281,0.0,0.0,0.0,0.0,12.413497299759758
-0.36939757942089907,-1.1862968585699518,0.7980141328416234,-0.28788717084303633,0.0,0.0,0.0,0.0,12.45332717690471
-0.7960461402663739,-1.1862968585699518,0.7933341778023216,0.18930753657327157,0.0,0.0,0.0,0.0,12.52779738470044
0.46255403487275365,-1.1862968585699518,0.7933341778023216,0.5869697927535281,0.0,0.0,0.0,0.0,12.593716562001331
0.17648238181290615,-1.1912854213356996,0.7933341778023216,-0.20835471960698504,0.0,0.0,0.0,0.0,12.571760352229566
0.09962809169862037,-1.1912854213356996,0.7933341778023216,0.5074373415174769,0.0,0.0,0.0,0.0,12.531415320564594
0.29770184416471057,-1.1912854213356996,0.7980141328416234,1.064164500169836,0.0,0.0,0.0,0.0,12.450590137999692
1.0017373663348585,-1.1912854213356996,0.7980141328416234,0.5869697927535281,0.0,0.0,0.0,0.0,12.445487104758993
0.7905319414258231,-1.1912854213356996,0.7980141328416234,-0.8446143294953956,0.0,0.0,0.0,0.0,12.571760352229566
-0.22955311551655153,-1.1912854213356996,0.7980141328416234,0.42790489028142553,0.0,0.0,0.0,0.0,12.439566447718878
-0.049685825242272975,-1.1912854213356996,0.7980141328416234,0.6665022439895795,0.0,0.0,0.0,0.0,12.420381283681547
1.3054923073856033,-1.2012625468672096,0.7933341778023216,0.10977508533722025,0.0,0.0,0.0,0.0,12.70836496398791
1.1836973534127933,-1.2012625468672096,0.7933341778023216,0.10977508533722025,0.0,0.0,0.0,0.0,12.619509230160354
0.7307331302613377,-1.2062511096329573,0.7980141328416234,-0.12882226837093372,0.0,0.0,0.0,0.0,12.662234036516644
0.6666966080694481,-1.1962739841014547,0.7933341778023216,-0.6060169757872417,0.0,0.0,0.0,0.0,12.618516677531483
0.65121065172239,-1.2012625468672096,0.7933341778023216,-0.28788717084303633,0.0,0.0,0.0,0.0,12.569329381874445
1.0884273314263297,-1.2012625468672096,0.7933341778023216,0.5074373415174769,0.0,0.0,0.0,0.0,12.592358332109097
0.5023675915623192,-1.2062511096329573,0.7933341778023216,0.5074373415174769,0.0,0.0,0.0,0.0,12.656832928552909
0.03423131658435386,-1.2062511096329573,0.7933341778023216,0.3483724390453742,0.0,0.0,0.0,0.0,12.563051043422098
0.6654933074073456,-1.2062511096329573,0.7792943126844232,-0.04928981713488239,0.0,0.0,0.0,0.0,12.742568940017076
0.7746797631381251,-1.2112396723987124,0.7792943126844232,-0.04928981713488239,0.0,0.0,0.0,0.0,12.780439105411505
0.4352966590051277,-1.2062511096329573,0.7886542227630232,-0.6855494270232929,0.0,0.0,0.0,0.0,12.290877840689351
0.9049501391657438,-1.2012625468672096,0.7839742677237249,0.2688399878093229,0.0,0.0,0.0,0.0,12.573839347853667
1.0130902464946951,-1.2012625468672096,0.7839742677237249,0.42790489028142553,0.0,0.0,0.0,0.0,12.571760352229566
0.9977089249878193,-1.2062511096329573,0.7839742677237249,-0.20835471960698504,0.0,0.0,0.0,0.0,12.735526678055749
-0.09274306197750606,-1.1962739841014547,0.7886542227630232,-0.7650818782593443,0.0,0.0,0.0,0.0,12.377927112974284
-0.0765246617491679,-1.1912854213356996,0.7886542227630232,-1.4013414881477548,0.0,0.0,0.0,0.0,12.33578864378571
0.39454138875391653,-1.1862968585699518,0.7886542227630232,0.8255671464616822,0.0,0.0,0.0,0.0,12.480673277818179
-0.4007357140556555,-1.1862968585699518,0.7886542227630232,-0.6855494270232929,0.0,0.0,0.0,0.0,12.549311224453131
-0.1292606212013124,-1.1862968585699518,0.7839742677237249,-0.12882226837093372,0.0,0.0,0.0,0.0,12.485978309945345
1.6587918452629167,-1.1912854213356996,0.7839742677237249,-0.20835471960698504,0.0,0.0,0.0,0.0,12.80902429414634
0.720478915923421,-1.1912854213356996,0.7839742677237249,0.18930753657327157,0.0,0.0,0.0,0.0,12.580738282084809
-0.12355802241134842,-1.1962739841014547,0.7839742677237249,-0.6060169757872417,0.0,0.0,0.0,0.0,12.496878583628968
0.022198309963328753,-1.1962739841014547,0.7839742677237249,-0.28788717084303633,0.0,0.0,0.0,0.0,12.66001358269538
-0.45430875222926276,-1.1962739841014547,0.7792943126844232,-0.28788717084303633,0.0,0.0,0.0,0.0,12.532858837800037
-0.3821630299232039,-1.1862968585699518,0.7886542227630232,0.3483724390453742,0.0,0.0,0.0,0.0,12.508031074119511
-0.059155278278818765,-1.181308295804197,0.7839742677237249,0.10977508533722025,0.0,0.0,0.0,0.0,12.634606283893019
-0.16274377005981688,-1.1862968585699518,0.7839742677237249,-0.12882226837093372,0.0,0.0,0.0,0.0,12.70533466782146
-0.08238421279940623,-1.1862968585699518,0.7792943126844232,-0.6060169757872417,0.0,0.0,0.0,0.0,12.587931300962664
-0.3157722238272005,-1.181308295804197,0.7792943126844232,-0.28788717084303633,0.0,0.0,0.0,0.0,12.47801017053037
-0.2513694796946709,-1.1862968585699518,0.7792943126844232,-0.28788717084303633,0.0,0.0,0.0,0.0,12.496878583628968
0.22592234379929166,-1.1912854213356996,0.7792943126844232,-0.6855494270232929,0.0,0.0,0.0,0.0,12.33403040930302
-0.06606117773088525,-1.181308295804197,0.7746143576451248,-0.5264845245511903,0.0,0.0,0.0,0.0,12.26670197321789
0.11506173062558707,-1.181308295804197,0.7746143576451248,-0.6855494270232929,0.0,0.0,0.0,0.0,12.274203145281486
-1.1296220107692243,-1.1862968585699518,0.765254447566528,-0.9241467807314468,0.0,0.0,0.0,0.0,12.107913912447533
0.07561439587666191,-1.1862968585699518,0.7699344026058264,1.8594890125303492,0.0,0.0,0.0,0.0,12.47801017053037
0.3980466559000414,-1.1862968585699518,0.7746143576451248,-1.5604063906198575,0.0,0.0,0.0,0.0,12.364361892519216
-0.22275185090466784,-1.1862968585699518,0.7746143576451248,0.10977508533722025,0.0,0.0,0.0,0.0,12.468440756144114
-0.37949484149854174,-1.1862968585699518,0.7699344026058264,-0.7650818782593443,0.0,0.0,0.0,0.0,12.400409231902334
0.3949599281146478,-1.2012625468672096,0.7792943126844232,0.10977508533722025,0.0,0.0,0.0,0.0,12.553912171868914
1.9190186927976058,-1.2012625468672096,0.7746143576451248,0.3483724390453742,0.0,0.0,0.0,0.0,12.553205710188037
-0.3387918886674223,-1.2012625468672096,0.7746143576451248,0.18930753657327157,0.0,0.0,0.0,0.0,12.487111450262473
0.8173707779327182,-1.1912854213356996,0.7699344026058264,0.3483724390453742,0.0,0.0,0.0,0.0,12.543976000470021
1.4478480074543387,-1.1962739841014547,0.7699344026058264,-0.28788717084303633,0.0,0.0,0.0,0.0,12.5984558913214
0.6080487801469739,-1.1962739841014547,0.7699344026058264,-0.12882226837093372,0.0,0.0,0.0,0.0,12.532858837800037
-0.25325290681796175,-1.2012625468672096,0.7699344026058264,-0.20835471960698504,0.0,0.0,0.0,0.0,12.502842052798766
0.9672601864946172,-1.2012625468672096,0.7699344026058264,-0.04928981713488239,0.0,0.0,0.0,0.0,12.515764466616417
0.9966102591658998,-1.2012625468672096,0.7699344026058264,-0.12882226837093372,0.0,0.0,0.0,0.0,12.524530013005734
0.7998444422020947,-1.2062511096329573,0.765254447566528,-0.12882226837093372,0.0,0.0,0.0,0.0,12.519060557144618
1.3533627467692464,-1.2062511096329573,0.7746143576451248,0.2688399878093229,0.0,0.0,0.0,0.0,12.748690497913287
0.08581629279448741,-1.1912854213356996,0.7792943126844232,-0.446952073315139,0.0,0.0,0.0,0.0,12.622810641870043
0.5116277749184992,-1.1962739841014547,0.7792943126844232,0.18930753657327157,0.0,0.0,0.0,0.0,12.524530013005734
0.5879065734117799,-1.1912854213356996,0.7746143576451248,-0.3674196220790877,0.0,0.0,0.0,0.0,12.553205710188037
0.7602401551928948,-1.1962739841014547,0.7746143576451248,-0.28788717084303633,0.0,0.0,0.0,0.0,12.612540583969206
-0.2821321227084217,-1.1962739841014547,0.7746143576451248,0.03024263410116893,0.0,0.0,0.0,0.0,12.488620309436481
1.0931882166546485,-1.2062511096329573,0.765254447566528,-0.9241467807314468,0.0,0.0,0.0,0.0,12.535379989788607
0.7201650114028723,-1.2012625468672096,0.765254447566528,-0.28788717084303633,0.0,0.0,0.0,0.0,12.503956254903999
0.7742089063573021,-1.2012625468672096,0.765254447566528,0.03024263410116893,0.0,0.0,0.0,0.0,12.607867693866968
0.07383560359355383,-1.1912854213356996,0.7699344026058264,-0.04928981713488239,0.0,0.0,0.0,0.0,12.520522006212012
0.8573936043026494,-1.1912854213356996,0.765254447566528,0.18930753657327157,0.0,0.0,0.0,0.0,12.566543874451872
-1.0578948278238969,-1.1912854213356996,0.7605744925272263,-0.5264845245511903,0.0,0.0,0.0,0.0,12.71680126459136
0.6330565069506692,-1.1862968585699518,0.7558945374879279,0.10977508533722025,0.0,0.0,0.0,0.0,12.712893259942282
1.1233753680473941,-1.1862968585699518,0.7512145824486295,0.6665022439895795,0.0,0.0,0.0,0.0,12.932415211822644
1.1611485453533943,-1.1862968585699518,0.7512145824486295,0.2688399878093229,0.0,0.0,0.0,0.0,12.91263197969655
1.1972998826365606,-1.1912854213356996,0.7558945374879279,0.5074373415174769,0.0,0.0,0.0,0.0,12.82638296880441
0.8561379862204552,-1.1862968585699518,0.7558945374879279,0.42790489028142553,0.0,0.0,0.0,0.0,12.49949197838354
0.4257225711283991,-1.176319733038449,0.7558945374879279,0.5869697927535281,0.0,0.0,0.0,0.0,12.439566447718878
0.34374117384515424,-1.176319733038449,0.7558945374879279,-0.6060169757872417,0.0,0.0,0.0,0.0,12.363934999991463
0.4789293873613659,-1.171331170272694,0.7558945374879279,0.42790489028142553,0.0,0.0,0.0,0.0,12.4016435409078
1.129810410718638,-1.176319733038449,0.7558945374879279,0.2688399878093229,0.0,0.0,0.0,0.0,12.468825296104477
0.41787495811468683,-1.181308295804197,0.7512145824486295,0.5074373415174769,0.0,0.0,0.0,0.0,12.410241306879119
0.4371277687083271,-1.166342607506939,0.7512145824486295,-0.3674196220790877,0.0,0.0,0.0,0.0,12.523074413969974
0.4455508733430445,-1.166342607506939,0.7512145824486295,0.10977508533722025,0.0,0.0,0.0,0.0,12.513561021741964
1.3027194841207583,-1.171331170272694,0.7512145824486295,-0.20835471960698504,0.0,0.0,0.0,0.0,12.54040330489666
1.149691030353375,-1.176319733038449,0.7512145824486295,-0.20835471960698504,0.0,0.0,0.0,0.0,12.724571752672464
0.7925200033892967,-1.171331170272694,0.7512145824486295,-0.12882226837093372,0.0,0.0,0.0,0.0,12.54682499510009
1.148330777430998,-1.166342607506939,0.7465346274093277,-0.5264845245511903,0.0,0.0,0.0,0.0,12.512825459868276
1.8353108206513447,-1.166342607506939,0.7465346274093277,-0.12882226837093372,0.0,0.0,0.0,0.0,12.91164481522143
2.8811883656987862,-1.176319733038449,0.7418546723700294,-0.6060169757872417,0.0,0.0,0.0,0.0,13.122367377396328
2.074087525948555,-1.1912854213356996,0.7465346274093277,0.5869697927535281,0.0,0.0,0.0,0.0,13.074015215537486
0.38203752535206864,-1.1962739841014547,0.7465346274093277,-0.5264845245511903,0.0,0.0,0.0,0.0,13.007852233268357
0.7093353054439498,-1.2012625468672096,0.7418546723700294,1.3822943051140413,0.0,0.0,0.0,0.0,13.122367377396328
2.4148308830039293,-1.1912854213356996,0.7418546723700294,0.5074373415174769,0.0,0.0,0.0,0.0,13.122367377396328
3.2135609355395345,-1.1862968585699518,0.737174717330731,-0.6855494270232929,0.0,0.0,0.0,0.0,13.122367377396328
0.2772980503290596,-1.1962739841014547,0.7512145824486295,0.5074373415174769,0.0,0.0,0.0,0.0,12.985629146880282
-0.3969165423889824,-1.2012625468672096,0.7465346274093277,0.3483724390453742,0.0,0.0,0.0,0.0,12.889929302516245
2.7174348408126625,-1.2112396723987124,0.7465346274093277,0.5869697927535281,0.0,0.0,0.0,0.0,13.122367377396328
0.3344809904889743,-1.1912854213356996,0.7558945374879279,-0.7650818782593443,0.0,0.0,0.0,0.0,12.734642898012305
1.1796165946456634,-1.1962739841014547,0.7558945374879279,0.2688399878093229,0.0,0.0,0.0,0.0,12.815297310017613
0.4128524857859112,-1.2012625468672096,0.7605744925272263,-0.12882226837093372,0.0,0.0,0.0,0.0,12.7387605387783
1.947113147386695,-1.2062511096329573,0.765254447566528,-0.6060169757872417,0.0,0.0,0.0,0.0,12.759385756113828
2.2656739183233094,-1.2062511096329573,0.7605744925272263,-0.9241467807314468,0.0,0.0,0.0,0.0,13.000198003314573
5.8196485825531,-1.2012625468672096,0.7558945374879279,-0.7650818782593443,0.0,0.0,0.0,0.0,13.122367377396328
3.600448257115535,-1.2062511096329573,0.7558945374879279,-0.28788717084303633,0.0,0.0,0.0,0.0,13.122367377396328
2.112174607775104,-1.1962739841014547,0.7558945374879279,-0.6060169757872417,0.0,0.0,0.0,0.0,13.115139346814992
3.8558095845817224,-1.2062511096329573,0.7558945374879279,-0.5264845245511903,0.0,0.0,0.0,0.0,13.122367377396328
2.441251180150093,-1.2012625468672096,0.7512145824486295,0.5074373415174769,0.0,0.0,0.0,0.0,13.122367377396328
0.9999585740517504,-1.2112396723987124,0.765254447566528,0.3483724390453742,0.0,0.0,0.0,0.0,12.937962059405562
3.343255819946148,-1.221216797930215,0.7605744925272263,-0.3674196220790877,0.0,0.0,0.0,0.0,13.122367377396328
2.1747462422044332,-1.221216797930215,0.7605744925272263,0.42790489028142553,0.0,0.0,0.0,0.0,13.122367377396328
3.3246831358136957,-1.2162282351644673,0.7558945374879279,0.18930753657327157,0.0,0.0,0.0,0.0,13.122367377396328
2.1173540323641538,-1.2062511096329573,0.7605744925272263,0.03024263410116893,0.0,0.0,0.0,0.0,13.122367377396328
1.9537574597383043,-1.2162282351644673,0.7605744925272263,-1.1627441344396008,0.0,0.0,0.0,0.0,13.122367377396328
2.0899920216563443,-1.2262053606959702,0.7558945374879279,0.42790489028142553,0.0,0.0,0.0,0.0,13.122367377396328
3.8084100019789022,-1.231193923461725,0.7512145824486295,-0.3674196220790877,0.0,0.0,0.0,0.0,13.122367377396328
3.561314826887158,-1.221216797930215,0.7512145824486295,-0.04928981713488239,0.0,0.0,0.0,0.0,13.122367377396328
2.5727771742599055,-1.221216797930215,0.7746143576451248,-0.8446143294953956,0.0,0.0,0.0,0.0,13.122367377396328
3.411948592526173,-1.221216797930215,0.7746143576451248,-0.28788717084303633,0.0,0.0,0.0,0.0,13.122367377396328
1.89584207569711,-1.2162282351644673,0.7746143576451248,0.18930753657327157,0.0,0.0,0.0,0.0,13.122367377396328
2.7626894091917356,-1.2162282351644673,0.7699344026058264,-0.5264845245511903,0.0,0.0,0.0,0.0,13.122367377396328
0.9695621529786391,-1.2112396723987124,0.7699344026058264,0.5074373415174769,0.0,0.0,0.0,0.0,12.754485918957602
2.3460334755837207,-1.2112396723987124,0.7699344026058264,0.3483724390453742,0.0,0.0,0.0,0.0,13.122367377396328
0.8025649480468484,-1.2112396723987124,0.7699344026058264,0.2688399878093229,0.0,0.0,0.0,0.0,12.724571752672464
2.0673908961768537,-1.2262053606959702,0.765254447566528,0.2688399878093229,0.0,0.0,0.0,0.0,13.122367377396328
3.148164160425268,-1.2262053606959702,0.7699344026058264,0.03024263410116893,0.0,0.0,0.0,0.0,13.122367377396328
2.8618309202649628,-1.221216797930215,0.7699344026058264,-0.28788717084303633,0.0,0.0,0.0,0.0,13.122367377396328
3.5569201635994796,-1.2162282351644673,0.765254447566528,-0.04928981713488239,0.0,0.0,0.0,0.0,13.122367377396328
3.5068523925719965,-1.241171048993228,0.765254447566528,-1.0036792319674983,0.0,0.0,0.0,0.0,13.122367377396328
4.362346845906785,-1.231193923461725,0.7746143576451248,-0.7650818782593443,0.0,0.0,0.0,0.0,13.122367377396328
3.620119607069906,-1.2262053606959702,0.765254447566528,-0.28788717084303633,0.0,0.0,0.0,0.0,13.122367377396328
2.0855973583686658,-1.231193923461725,0.7605744925272263,-0.3674196220790877,0.0,0.0,0.0,0.0,13.122367377396328
2.28717637798088,-1.241171048993228,0.7933341778023216,0.03024263410116893,0.0,0.0,0.0,0.0,13.119962497597557
1.2252373849653757,-1.241171048993228,0.7886542227630232,0.10977508533722025,0.0,0.0,0.0,0.0,12.85003220794632
2.1954639405606327,-1.2361824862274728,0.7839742677237249,-0.28788717084303633,0.0,0.0,0.0,0.0,13.029153191069422
2.800828808438375,-1.2361824862274728,0.7839742677237249,-0.28788717084303633,0.0,0.0,0.0,0.0,13.122367377396328
3.587054997572133,-1.241171048993228,0.7792943126844232,-1.4013414881477548,0.0,0.0,0.0,0.0,13.122367377396328
1.790474791633004,-1.2461596117589757,0.7839742677237249,-0.3674196220790877,0.0,0.0,0.0,0.0,13.122367377396328
1.6767890377743628,-1.2511481745247306,0.7792943126844232,0.10977508533722025,0.0,0.0,0.0,0.0,13.092524595972268
2.080417933779616,-1.2511481745247306,0.7839742677237249,-0.9241467807314468,0.0,0.0,0.0,0.0,12.818283594342818
0.5270090964253751,-1.231193923461725,0.7980141328416234,-0.6855494270232929,0.0,0.0,0.0,0.0,12.889676937221191
0.5921442844391842,-1.241171048993228,0.7980141328416234,-1.2422765856756521,0.0,0.0,0.0,0.0,12.571760352229566
0.7535958428412854,-1.2361824862274728,0.7933341778023216,-0.6060169757872417,0.0,0.0,0.0,0.0,12.939163835294043
1.2748866166321269,-1.2361824862274728,0.7933341778023216,-0.9241467807314468,0.0,0.0,0.0,0.0,12.986316824414137
0.36404033284062265,-1.231193923461725,0.7933341778023216,-0.5264845245511903,0.0,0.0,0.0,0.0,12.769113988119456
0.9817521118599383,-1.231193923461725,0.7886542227630232,-0.12882226837093372,0.0,0.0,0.0,0.0,12.974793330968813
1.2180698984128522,-1.231193923461725,0.7839742677237249,0.03024263410116893,0.0,0.0,0.0,0.0,12.88360098454402
0.6684754003525561,-1.231193923461725,0.7839742677237249,-0.3674196220790877,0.0,0.0,0.0,0.0,12.780157535035352
1.1503188393944719,-1.231193923461725,0.7792943126844232,-0.20835471960698504,0.0,0.0,0.0,0.0,12.940843898859598
1.594389101130387,-1.231193923461725,0.7792943126844232,-0.28788717084303633,0.0,0.0,0.0,0.0,12.753907885930044
0.7714360830924571,-1.2262053606959702,0.7839742677237249,-0.28788717084303633,0.0,0.0,0.0,0.0,12.921717348304627
1.4677809445091672,-1.231193923461725,0.7792943126844232,-0.28788717084303633,0.0,0.0,0.0,0.0,12.927080585530902
2.201218856770689,-1.2162282351644673,0.7792943126844232,-0.28788717084303633,0.0,0.0,0.0,0.0,12.849506861271108
1.3047598635043234,-1.2162282351644673,0.7839742677237249,-0.446952073315139,0.0,0.0,0.0,0.0,12.712893259942282
2.072831907866361,-1.2112396723987124,0.7839742677237249,-0.04928981713488239,0.0,0.0,0.0,0.0,12.828531768586906
1.7483069510393248,-1.2112396723987124,0.7792943126844232,0.03024263410116893,0.0,0.0,0.0,0.0,12.900970792253764
-0.2622515030736848,-1.2262053606959702,0.7839742677237249,-0.7650818782593443,0.0,0.0,0.0,0.0,12.52707222413625
1.0337033100107118,-1.2262053606959702,0.7792943126844232,0.10977508533722025,0.0,0.0,0.0,0.0,12.695575547241136
0.8412275214944028,-1.2262053606959702,0.7792943126844232,-0.5264845245511903,0.0,0.0,0.0,0.0,12.72278391485369
1.154504233001785,-1.221216797930215,0.7839742677237249,0.42790489028142553,0.0,0.0,0.0,0.0,12.740813018453595
1.0961179921797677,-1.221216797930215,0.7839742677237249,0.5074373415174769,0.0,0.0,0.0,0.0,12.71439814659232
1.483737757637048,-1.221216797930215,0.7792943126844232,-0.20835471960698504,0.0,0.0,0.0,0.0,12.77874849269723
1.2989003124540852,-1.221216797930215,0.7792943126844232,0.2688399878093229,0.0,0.0,0.0,0.0,12.742276500454938
1.3163220133445257,-1.221216797930215,0.7886542227630232,-0.12882226837093372,0.0,0.0,0.0,0.0,12.760822327438113
1.27833956635816,-1.221216797930215,0.7839742677237249,0.3483724390453742,0.0,0.0,0.0,0.0,12.736997911302637
0.928545295626971,-1.2262053606959702,0.7886542227630232,-1.0832116832035494,0.0,0.0,0.0,0.0,12.911150867308073
0.45198591601428817,-1.2112396723987124,0.7886542227630232,0.42790489028142553,0.0,0.0,0.0,0.0,12.40697467786825
1.4650604386644135,-1.2162282351644673,0.7839742677237249,-0.20835471960698504,0.0,0.0,0.0,0.0,12.714999467712902
0.4107074715621632,-1.2162282351644673,0.7886542227630232,0.2688399878093229,0.0,0.0,0.0,0.0,12.556733038263905
0.44324890685902213,-1.2112396723987124,0.7839742677237249,0.3483724390453742,0.0,0.0,0.0,0.0,12.397523238911763
1.827463207637633,-1.221216797930215,0.7933341778023216,-0.28788717084303633,0.0,0.0,0.0,0.0,12.830943661992771
1.8886745891445864,-1.2262053606959702,0.7933341778023216,-0.446952073315139,0.0,0.0,0.0,0.0,12.929508944110434
0.6717190803982236,-1.2262053606959702,0.7980141328416234,-1.0036792319674983,0.0,0.0,0.0,0.0,12.351042741030522
1.3454628163354432,-1.221216797930215,0.7980141328416234,0.10977508533722025,0.0,0.0,0.0,0.0,12.79552736290336
0.9505709294854562,-1.2112396723987124,0.7933341778023216,0.10977508533722025,0.0,0.0,0.0,0.0,12.732872991266813
2.213827355012719,-1.221216797930215,0.8026940878809218,-0.20835471960698504,0.0,0.0,0.0,0.0,12.80957133861555
0.14179593229229964,-1.221216797930215,0.8026940878809218,-0.5264845245511903,0.0,0.0,0.0,0.0,12.77818431937951
1.2405663890521594,-1.221216797930215,0.7980141328416234,-0.20835471960698504,0.0,0.0,0.0,0.0,12.765691290604371
1.0002201611522072,-1.221216797930215,0.7980141328416234,-0.04928981713488239,0.0,0.0,0.0,0.0,12.750432653574146
1.141267925718657,-1.2262053606959702,0.7980141328416234,-0.28788717084303633,0.0,0.0,0.0,0.0,13.020997096382338
0.8697928328643143,-1.2262053606959702,0.8026940878809218,-0.28788717084303633,0.0,0.0,0.0,0.0,12.771673345241355
0.6289757481835392,-1.2162282351644673,0.8026940878809218,0.3483724390453742,0.0,0.0,0.0,0.0,12.575914030220655
1.067029506608942,-1.2112396723987124,0.7980141328416234,-0.12882226837093372,0.0,0.0,0.0,0.0,12.74578014344445
0.6981916949644789,-1.2112396723987124,0.7980141328416234,0.18930753657327157,0.0,0.0,0.0,0.0,12.769967835179024
1.270753540444905,-1.2162282351644673,0.7980141328416234,0.18930753657327157,0.0,0.0,0.0,0.0,12.74898106804298
1.8306022528431178,-1.2361824862274728,0.8026940878809218,0.42790489028142553,0.0,0.0,0.0,0.0,12.869020894009179
2.045731484259009,-1.2361824862274728,0.7980141328416234,0.42790489028142553,0.0,0.0,0.0,0.0,12.95725521638489
1.429536910422344,-1.2361824862274728,0.7980141328416234,0.18930753657327157,0.0,0.0,0.0,0.0,12.939644141546536
1.507542183778641,-1.241171048993228,0.7980141328416234,-0.6855494270232929,0.0,0.0,0.0,0.0,13.020111358693203
1.8816640548523371,-1.231193923461725,0.8026940878809218,-0.04928981713488239,0.0,0.0,0.0,0.0,12.97525682932358
1.915304155971116,-1.231193923461725,0.7980141328416234,-0.04928981713488239,0.0,0.0,0.0,0.0,12.977571104102678
1.779645085674081,-1.2262053606959702,0.8026940878809218,-1.0036792319674983,0.0,0.0,0.0,0.0,12.587589946944513
0.9426186816315614,-1.231193923461725,0.8026940878809218,-0.04928981713488239,0.0,0.0,0.0,0.0,12.821531220343036
2.0422785345329753,-1.231193923461725,0.7980141328416234,-0.28788717084303633,0.0,0.0,0.0,0.0,13.01098702505448
0.07148131968944015,-1.2262053606959702,0.7980141328416234,-0.9241467807314468,0.0,0.0,0.0,0.0,12.743737843806207
-0.3747339562702231,-1.231193923461725,0.7980141328416234,-0.446952073315139,0.0,0.0,0.0,0.0,12.323860125621126
-0.09269074455741454,-1.231193923461725,0.7980141328416234,-0.7650818782593443,0.0,0.0,0.0,0.0,12.511721101590597
0.9296962788689822,-1.2361824862274728,0.8120539979595185,0.5074373415174769,0.0,0.0,0.0,0.0,12.582455604446345
0.13635492060279233,-1.2361824862274728,0.8073740429202201,0.42790489028142553,0.0,0.0,0.0,0.0,12.666344701243613
0.056780124643752906,-1.2361824862274728,0.8073740429202201,-0.12882226837093372,0.0,0.0,0.0,0.0,12.923182904342333
2.1887673107889327,-1.241171048993228,0.8026940878809218,0.18930753657327157,0.0,0.0,0.0,0.0,12.852654809442695
1.15173140973694,-1.241171048993228,0.8073740429202201,0.5074373415174769,0.0,0.0,0.0,0.0,12.699246387487896
0.5401407688683194,-1.241171048993228,0.8120539979595185,0.2688399878093229,0.0,0.0,0.0,0.0,12.684481476888676
0.7092306706037673,-1.231193923461725,0.8120539979595185,-0.446952073315139,0.0,0.0,0.0,0.0,12.971775343809814
1.368116259235025,-1.2262053606959702,0.8073740429202201,-0.04928981713488239,0.0,0.0,0.0,0.0,12.928538308194957
1.5489775804910404,-1.231193923461725,0.8026940878809218,-0.6855494270232929,0.0,0.0,0.0,0.0,12.855792879125431
1.9134730462679161,-1.2361824862274728,0.8073740429202201,0.03024263410116893,0.0,0.0,0.0,0.0,12.916079401363943
1.5690151523860518,-1.231193923461725,0.8073740429202201,-0.20835471960698504,0.0,0.0,0.0,0.0,12.90669432231532
0.3105719295071984,-1.2262053606959702,0.8073740429202201,-1.0036792319674983,0.0,0.0,0.0,0.0,12.814209173588527
1.0472012043942966,-1.221216797930215,0.8026940878809218,-0.9241467807314468,0.0,0.0,0.0,0.0,12.799954585333216
0.7803823619280889,-1.221216797930215,0.8026940878809218,-0.8446143294953956,0.0,0.0,0.0,0.0,12.33885813503812
-0.1887978452653406,-1.2262053606959702,0.8026940878809218,-0.7650818782593443,0.0,0.0,0.0,0.0,12.648836749680669
-0.15180942926071145,-1.2262053606959702,0.8120539979595185,-1.0036792319674983,0.0,0.0,0.0,0.0,13.122367377396328
0.014403014369708231,-1.221216797930215,0.8073740429202201,-0.6060169757872417,0.0,0.0,0.0,0.0,12.40410759774362
0.462815621973211,-1.221216797930215,0.8073740429202201,-0.28788717084303633,0.0,0.0,0.0,0.0,12.84265212010087
0.17255857530605048,-1.2162282351644673,0.8073740429202201,-1.0036792319674983,0.0,0.0,0.0,0.0,12.443517444755098
0.570694142201705,-1.221216797930215,0.8073740429202201,-0.3674196220790877,0.0,0.0,0.0,0.0,12.722485630879172
1.4421977260844663,-1.2162282351644673,0.8073740429202201,-0.28788717084303633,0.0,0.0,0.0,0.0,12.762830066509972
1.7008550510164129,-1.2162282351644673,0.8073740429202201,-0.6060169757872417,0.0,0.0,0.0,0.0,12.755063618055994
0.3263194729547138,-1.2162282351644673,0.8026940878809218,-1.0036792319674983,0.0,0.0,0.0,0.0,12.687266554396556
1.514866622591439,-1.2112396723987124,0.8073740429202201,-0.7650818782593443,0.0,0.0,0.0,0.0,12.816655817607314
2.4794428968168245,-1.2112396723987124,0.8073740429202201,-0.9241467807314468,0.0,0.0,0.0,0.0,12.92683742502675
-0.23672060206907516,-1.2112396723987124,0.8073740429202201,-0.28788717084303633,0.0,0.0,0.0,0.0,12.727841176689147
-0.015627184762762893,-1.2112396723987124,0.8073740429202201,-0.9241467807314468,0.0,0.0,0.0,0.0,12.385895249206726
-0.4559829096721878,-1.2262053606959702,0.8120539979595185,-1.5604063906198575,0.0,0.0,0.0,0.0,12.45293662970407
0.4287046640736097,-1.2262053606959702,0.8120539979595185,0.9846320489337848,0.0,0.0,0.0,0.0,12.559545969749749
-0.033362790173751995,-1.2262053606959702,0.8120539979595185,0.10977508533722025,0.0,0.0,0.0,0.0,12.691583538230217
-0.10451448149807402,-1.231193923461725,0.8120539979595185,1.064164500169836,0.0,0.0,0.0,0.0,12.440357896943219
0.6116063647131901,-1.231193923461725,0.8120539979595185,0.3483724390453742,0.0,0.0,0.0,0.0,12.6494788022162
0.17083210044303368,-1.231193923461725,0.8167339529988202,0.7460346952256308,0.0,0.0,0.0,0.0,12.519426119694613
-0.0016061161782640729,-1.2262053606959702,0.8167339529988202,-0.6060169757872417,0.0,0.0,0.0,0.0,12.438774371606481
0.11239354220092518,-1.221216797930215,0.8167339529988202,1.1436969514058875,0.0,0.0,0.0,0.0,12.32208077363632
0.3289353439592844,-1.2162282351644673,0.8167339529988202,0.2688399878093229,0.0,0.0,0.0,0.0,12.347576548072231
0.21027943519195932,-1.221216797930215,0.8120539979595185,-1.6399388418559087,0.0,0.0,0.0,0.0,12.699856886253809
0.16136264740648812,-1.2162282351644673,0.8120539979595185,-1.4013414881477548,0.0,0.0,0.0,0.0,12.027549864243364
1.7475221897379536,-1.2162282351644673,0.8120539979595185,-0.28788717084303633,0.0,0.0,0.0,0.0,12.796358961477692
-0.0898656038724783,-1.2112396723987124,0.8120539979595185,-1.0036792319674983,0.0,0.0,0.0,0.0,12.090106084085123
0.27960001681308194,-1.2262053606959702,0.8214139080381186,-0.5264845245511903,0.0,0.0,0.0,0.0,12.357509646659748
-0.3237767891011867,-1.221216797930215,0.8167339529988202,0.2688399878093229,0.0,0.0,0.0,0.0,12.446667041257989
-0.16619671978585002,-1.2162282351644673,0.8214139080381186,-0.20835471960698504,0.0,0.0,0.0,0.0,12.311337656627584
0.9251969807411209,-1.2162282351644673,0.8214139080381186,0.5869697927535281,0.0,0.0,0.0,0.0,12.439566447718878
1.0017373663348585,-1.2112396723987124,0.8214139080381186,0.5869697927535281,0.0,0.0,0.0,0.0,12.385895249206726
0.06828995706386394,-1.2162282351644673,0.8214139080381186,-1.0036792319674983,0.0,0.0,0.0,0.0,12.427218202181711
0.45350312119693936,-1.221216797930215,0.8214139080381186,0.5074373415174769,0.0,0.0,0.0,0.0,12.387147592295292
0.4667917459001585,-1.231193923461725,0.8214139080381186,-1.8785361955640627,0.0,0.0,0.0,0.0,12.542905531395343
-0.162900722320091,-1.2361824862274728,0.8167339529988202,-0.446952073315139,0.0,0.0,0.0,0.0,13.017005083966255
0.10240091496346532,-1.2361824862274728,0.8167339529988202,-0.3674196220790877,0.0,0.0,0.0,0.0,12.805461192015972
0.8155396682295188,-1.2361824862274728,0.8167339529988202,0.03024263410116893,0.0,0.0,0.0,0.0,12.726356399830706
0.20698343772620006,-1.241171048993228,0.8167339529988202,-0.6855494270232929,0.0,0.0,1.0,0.0,12.509139512775626
-0.24770726028827186,-1.2361824862274728,0.8120539979595185,-0.12882226837093372,0.0,0.0,0.0,0.0,12.689118972794686
0.2400480472239733,-1.241171048993228,0.826093863077417,-0.6060169757872417,0.0,0.0,1.0,0.0,12.496504683358769
-0.06606117773088525,-1.241171048993228,0.8214139080381186,-0.20835471960698504,0.0,0.0,1.0,0.0,12.834683971615659
-0.0987595652880185,-1.241171048993228,0.8214139080381186,-0.5264845245511903,0.0,0.0,1.0,0.0,10.596659732783579
0.1792028876576598,-1.241171048993228,0.8167339529988202,-0.6855494270232929,0.0,0.0,1.0,0.0,13.122367377396328
0.954076196631581,-1.241171048993228,0.8167339529988202,-0.6060169757872417,0.0,0.0,1.0,0.0,13.060490101343552
1.1790411030246577,-1.241171048993228,0.8120539979595185,-0.8446143294953956,0.0,0.0,0.0,0.0,13.122367377396328
0.5159701207860866,-1.241171048993228,0.8167339529988202,-0.6855494270232929,0.0,0.0,1.0,0.0,12.47801017053037
0.4372324035485097,-1.2461596117589757,0.8214139080381186,-0.7650818782593443,0.0,0.0,1.0,0.0,12.575222947577679
1.0739877234811,-1.2511481745247306,0.826093863077417,-0.446952073315139,0.0,0.0,1.0,0.0,12.55884347833516
-0.07343793396377452,-1.2461596117589757,0.826093863077417,-1.0036792319674983,0.0,0.0,1.0,0.0,12.47801017053037
0.9885010590517307,-1.2461596117589757,0.8307738181167154,-0.20835471960698504,0.0,0.0,1.0,0.0,12.683241170498064
0.25255191062582116,-1.2461596117589757,0.826093863077417,-1.0832116832035494,0.0,0.0,1.0,0.0,12.166296978418426
0.1455104691187897,-1.2511481745247306,0.826093863077417,-0.7650818782593443,0.0,0.0,1.0,0.0,12.531776395271262
1.0095849793485703,-1.2511481745247306,0.826093863077417,-0.28788717084303633,0.0,0.0,1.0,0.0,12.640128449875998
0.4244146356261136,-1.2511481745247306,0.8307738181167154,-0.6855494270232929,0.0,0.0,1.0,0.0,12.573839347853667
0.6615695009004894,-1.2561367372904857,0.826093863077417,0.5869697927535281,0.0,0.0,1.0,0.0,12.486356166069786
0.8348971136633417,-1.2611253000562335,0.8307738181167154,0.3483724390453742,0.0,0.0,1.0,0.0,12.746362892345706
-0.5524562323207538,-1.2561367372904857,0.8307738181167154,-1.6399388418559087,0.0,0.0,1.0,0.0,12.557085087723449
0.19359017818279836,-1.2561367372904857,0.8307738181167154,-1.1627441344396008,0.0,0.0,1.0,0.0,12.493883459694384
-0.1874899097630553,-1.2561367372904857,0.826093863077417,-0.5264845245511903,0.0,0.0,1.0,0.0,12.19197879213173
-0.22955311551655153,-1.2561367372904857,0.826093863077417,-0.9241467807314468,0.0,0.0,1.0,0.0,12.579706471268628
-0.0397455154249044,-1.2561367372904857,0.8354537731560171,-0.446952073315139,0.0,0.0,1.0,0.0,12.34496899599742
-0.3080292456536713,-1.2561367372904857,0.826093863077417,-0.20835471960698504,0.0,0.0,1.0,0.0,12.115606215804869
-0.20376062741148473,-1.2611253000562335,0.826093863077417,-0.12882226837093372,0.0,0.0,1.0,0.0,12.017336559562407
0.22571307411892602,-1.2611253000562335,0.826093863077417,-0.446952073315139,0.0,0.0,1.0,0.0,12.589636325399509
0.017175837634553173,-1.2611253000562335,0.826093863077417,-0.7650818782593443,0.0,0.0,1.0,0.0,12.52815976788113
0.16282753516904752,-1.2661138628219886,0.826093863077417,-1.0036792319674983,0.0,0.0,1.0,0.0,12.49275797139508
0.409556488320152,-1.2661138628219886,0.826093863077417,-1.0832116832035494,0.0,0.0,1.0,0.0,12.07254696717504
-0.367618787137791,-1.2611253000562335,0.826093863077417,-0.446952073315139,0.0,0.0,1.0,0.0,12.107913912447533
-0.7091469054945364,-1.2511481745247306,0.826093863077417,1.8594890125303492,0.0,0.0,1.0,0.0,12.665713390084107
-0.07558294818752256,-1.2561367372904857,0.8214139080381186,1.1436969514058875,0.0,0.0,1.0,0.0,12.699856886253809
-0.0791405327537385,-1.2561367372904857,0.8214139080381186,0.10977508533722025,0.0,0.0,1.0,0.0,12.473428278520133
-0.10571778216017651,-1.2561367372904857,0.826093863077417,-0.3674196220790877,0.0,0.0,1.0,0.0,12.524530013005734
-0.5401616385992718,-1.2511481745247306,0.8214139080381186,1.2232294026419388,0.0,0.0,1.0,0.0,12.634931962691928
-0.3494646423660706,-1.2511481745247306,0.8214139080381186,1.3822943051140413,0.0,0.0,1.0,0.0,12.719797063728873
0.4851551603522445,-1.2511481745247306,0.8214139080381186,-1.958068646800114,0.0,0.0,1.0,0.0,12.73670383776449
-0.1945004440553046,-1.2461596117589757,0.8214139080381186,0.10977508533722025,0.0,0.0,1.0,0.0,12.77280873810987
0.5947601554437548,-1.2461596117589757,0.8214139080381186,0.6665022439895795,0.0,0.0,1.0,0.0,12.70775963892501
0.3600118914935839,-1.2461596117589757,0.8167339529988202,-0.20835471960698504,0.0,0.0,1.0,0.0,12.543262481758047
-0.14929819309632367,-1.2611253000562335,0.8214139080381186,0.18930753657327157,0.0,0.0,1.0,0.0,12.774509413971375
0.633475046311401,-1.2611253000562335,0.8214139080381186,0.5869697927535281,0.0,0.0,1.0,0.0,12.778466445824812
-0.6007975284852196,-1.2561367372904857,0.8214139080381186,0.42790489028142553,0.0,0.0,1.0,0.0,12.80929785378815
0.86963588060404,-1.2561367372904857,0.8214139080381186,0.5869697927535281,0.0,0.0,1.0,0.0,12.791080452981857
1.2619642138695477,-1.2561367372904857,0.8167339529988202,0.42790489028142553,0.0,0.0,1.0,0.0,12.935313057613287
1.215454027408281,-1.2561367372904857,0.8167339529988202,0.5869697927535281,0.0,0.0,1.0,0.0,12.917062200011113
-0.24697481640699218,-1.2511481745247306,0.8167339529988202,0.3483724390453742,0.0,0.0,1.0,0.0,12.775924437795926
0.5924058715396415,-1.2511481745247306,0.8167339529988202,0.5869697927535281,0.0,0.0,1.0,0.0,12.812302081080515
0.6295512398045449,-1.2511481745247306,0.8167339529988202,0.5869697927535281,0.0,0.0,1.0,0.0,12.830408188179371
1.5442690126828134,-1.2511481745247306,0.8167339529988202,0.5869697927535281,0.0,0.0,1.0,0.0,12.858139985830508
1.69222267670133,-1.2511481745247306,0.8120539979595185,0.03024263410116893,0.0,0.0,1.0,0.0,13.049794835104816
1.549186850171406,-1.2561367372904857,0.8120539979595185,-0.12882226837093372,0.0,0.0,1.0,0.0,13.122367377396328
0.7433416285033687,-1.2561367372904857,0.8120539979595185,0.42790489028142553,0.0,0.0,1.0,0.0,12.999293641743465
-0.2535144939184187,-1.2511481745247306,0.8167339529988202,-0.28788717084303633,0.0,0.0,1.0,0.0,12.745197054748889
0.48437039905087326,-1.2461596117589757,0.8120539979595185,-0.5264845245511903,0.0,0.0,1.0,0.0,13.033534349487674
2.147645818597082,-1.2461596117589757,0.8120539979595185,0.10977508533722025,0.0,0.0,1.0,0.0,13.067909303538459
1.89584207569711,-1.2461596117589757,0.8073740429202201,-0.6060169757872417,0.0,0.0,0.0,0.0,13.122367377396328
1.5436412036417164,-1.241171048993228,0.8073740429202201,0.42790489028142553,0.0,0.0,0.0,0.0,13.122367377396328
3.2218794053340685,-1.2461596117589757,0.8073740429202201,-0.04928981713488239,0.0,0.0,0.0,0.0,13.122367377396328
2.827615327525179,-1.2511481745247306,0.8073740429202201,0.18930753657327157,0.0,0.0,1.0,0.0,13.122367377396328
1.9101770488021572,-1.2561367372904857,0.8073740429202201,0.6665022439895795,0.0,0.0,1.0,0.0,13.122367377396328
2.2759804500813177,-1.2511481745247306,0.8073740429202201,-0.04928981713488239,0.0,0.0,1.0,0.0,13.122367377396328
2.5539952204470873,-1.241171048993228,0.8026940878809218,0.10977508533722025,0.0,0.0,0.0,0.0,13.122367377396328
0.8316534336176742,-1.2461596117589757,0.7980141328416234,0.3483724390453742,0.0,0.0,0.0,0.0,13.122367377396328
1.8205573081855662,-1.2461596117589757,0.7980141328416234,0.5074373415174769,0.0,0.0,0.0,0.0,13.122367377396328
3.1066764462927767,-1.2461596117589757,0.8026940878809218,0.5074373415174769,0.0,0.0,0.0,0.0,13.122367377396328
2.465474145652417,-1.2461596117589757,0.8026940878809218,0.5074373415174769,0.0,0.0,0.0,0.0,13.122367377396328
2.004034500446153,-1.2511481745247306,0.8026940878809218,0.5074373415174769,0.0,0.0,1.0,0.0,13.122367377396328
3.256461220014493,-1.2461596117589757,0.7980141328416234,0.10977508533722025,0.0,0.0,0.0,0.0,13.122367377396328
3.472793752092487,-1.2511481745247306,0.7980141328416234,-0.446952073315139,0.0,0.0,0.0,0.0,13.122367377396328
4.442130911546191,-1.2511481745247306,0.7980141328416234,-0.04928981713488239,0.0,0.0,0.0,0.0,13.122367377396328
3.391649433530705,-1.2511481745247306,0.8026940878809218,0.3483724390453742,0.0,0.0,1.0,0.0,13.122367377396328
1.9301099858569857,-1.2611253000562335,0.8167339529988202,0.6665022439895795,0.0,0.0,1.0,0.0,13.122367377396328
2.3627227325928812,-1.2611253000562335,0.8120539979595185,0.6665022439895795,0.0,0.0,1.0,0.0,13.122367377396328
2.21309491113144,-1.2611253000562335,0.8120539979595185,0.9050995976977334,0.0,0.0,1.0,0.0,13.122367377396328
3.3779422694667547,-1.2661138628219886,0.8120539979595185,-0.5264845245511903,0.0,0.0,1.0,0.0,13.122367377396328
2.06205451932753,-1.2661138628219886,0.8167339529988202,0.5869697927535281,0.0,0.0,1.0,0.0,13.122367377396328
0.6299697791652761,-1.2661138628219886,0.8167339529988202,-0.5264845245511903,0.0,0.0,1.0,0.0,13.122367377396328
2.6293846227988147,-1.2711024255877434,0.8120539979595185,-0.8446143294953956,0.0,0.0,1.0,0.0,13.122367377396328
0.5627418943478102,-1.2661138628219886,0.826093863077417,0.18930753657327157,0.0,0.0,1.0,0.0,13.122367377396328
1.3186239798285482,-1.2661138628219886,0.8214139080381186,0.5869697927535281,0.0,0.0,1.0,0.0,13.122367377396328
1.9601401849894566,-1.2611253000562335,0.8214139080381186,0.5074373415174769,0.0,0.0,1.0,0.0,13.122367377396328
1.6470727431624401,-1.2711024255877434,0.826093863077417,0.18930753657327157,0.0,0.0,1.0,0.0,13.122367377396328
2.6372845532326172,-1.2711024255877434,0.8214139080381186,0.42790489028142553,0.0,0.0,1.0,0.0,13.122367377396328
2.4037919073646408,-1.2711024255877434,0.8167339529988202,0.42790489028142553,0.0,0.0,1.0,0.0,13.122367377396328
3.407501611818403,-1.2711024255877434,0.826093863077417,0.2688399878093229,0.0,0.0,1.0,0.0,13.122367377396328
0.6577503292338164,-1.2760909883534912,0.826093863077417,0.03024263410116893,0.0,0.0,1.0,0.0,13.041589235631411
1.3511130977053158,-1.2810795511192463,0.8307738181167154,0.5074373415174769,0.0,0.0,1.0,0.0,12.987919568654783
0.14320850263476775,-1.2810795511192463,0.8354537731560171,1.3822943051140413,0.0,0.0,1.0,0.0,12.487488878546145
-0.17781118704614388,-1.2760909883534912,0.8354537731560171,0.5869697927535281,0.0,0.0,1.0,0.0,12.65746986922113
1.792410536176386,-1.2661138628219886,0.8401337281953155,0.5074373415174769,0.0,0.0,1.0,0.0,13.0198898016336
1.7980085001261672,-1.2661138628219886,0.8401337281953155,0.5074373415174769,0.0,0.0,1.0,0.0,13.046995226943972
1.3699996863583161,-1.2661138628219886,0.8354537731560171,0.2688399878093229,0.0,0.0,1.0,0.0,12.942760521591445
1.7065576498063773,-1.2661138628219886,0.8307738181167154,0.5074373415174769,0.0,0.0,1.0,0.0,13.00313154274533
0.7345523019280112,-1.2711024255877434,0.8354537731560171,0.5074373415174769,0.0,0.0,1.0,0.0,12.799678457417967
0.6676383216310936,-1.2711024255877434,0.8354537731560171,0.5869697927535281,0.0,0.0,1.0,0.0,12.82960443945224
0.6985055994850274,-1.2760909883534912,0.8401337281953155,0.9050995976977334,0.0,0.0,1.0,0.0,12.99088929563524
0.45057334567182006,-1.2760909883534912,0.8401337281953155,0.2688399878093229,0.0,0.0,1.0,0.0,12.975951674296887
1.3517409067464126,-1.2711024255877434,0.8401337281953155,0.5869697927535281,0.0,0.0,1.0,0.0,12.961022577169068
0.841646060855134,-1.2711024255877434,0.8448136832346139,0.3483724390453742,0.0,0.0,1.0,0.0,12.91484954320833
0.5225097982975133,-1.2711024255877434,0.8448136832346139,0.3483724390453742,0.0,0.0,1.0,0.0,12.830408188179371
0.9234181884580128,-1.2661138628219886,0.8448136832346139,0.5074373415174769,0.0,0.0,1.0,0.0,12.838941550538891
0.7532296209006455,-1.2711024255877434,0.8401337281953155,0.3483724390453742,0.0,0.0,1.0,0.0,12.894461020916928
1.4907482919292974,-1.2760909883534912,0.8494936382739156,0.6665022439895795,0.0,0.0,1.0,0.0,13.122367377396328
2.106628961245414,-1.2760909883534912,0.8494936382739156,0.6665022439895795,0.0,0.0,1.0,0.0,13.122367377396328
1.4435056615867512,-1.2760909883534912,0.8494936382739156,0.9846320489337848,0.0,0.0,1.0,0.0,13.122367377396328
2.759498046566159,-1.2760909883534912,0.8448136832346139,1.1436969514058875,0.0,0.0,1.0,0.0,13.122367377396328
1.07325527959982,-1.2760909883534912,0.8448136832346139,0.7460346952256308,0.0,0.0,1.0,0.0,13.009420857525857
3.4100128479827907,-1.2860681138850012,0.854173593313214,0.8255671464616822,0.0,0.0,1.0,0.0,13.122367377396328
1.917710757295321,-1.291056676650749,0.8494936382739156,1.8594890125303492,0.0,0.0,1.0,0.0,13.106236027992704
3.7012116082115964,-1.2860681138850012,0.854173593313214,1.8594890125303492,0.0,0.0,1.0,0.0,13.122367377396328
2.086643706770494,-1.2810795511192463,0.8494936382739156,1.8594890125303492,0.0,0.0,1.0,0.0,13.122367377396328
1.5123553864270514,-1.2860681138850012,0.8494936382739156,1.8594890125303492,0.0,0.0,1.0,0.0,13.122367377396328
2.5263193052187303,-1.2810795511192463,0.8494936382739156,1.541359207586144,0.0,0.0,1.0,0.0,13.122367377396328
1.1934807109698875,-1.2860681138850012,0.8494936382739156,1.8594890125303492,0.0,0.0,1.0,0.0,13.122367377396328
0.18490548644762403,-1.291056676650749,0.8494936382739156,1.4618267563500926,0.0,0.0,1.0,0.0,12.959846800844963
-0.9080577366820893,-1.291056676650749,0.8494936382739156,-0.7650818782593443,0.0,0.0,1.0,0.0,12.905452860309719
0.37795676658493865,-1.291056676650749,0.8494936382739156,0.6665022439895795,0.0,0.0,1.0,0.0,12.782688818818986
0.2202197450093279,-1.291056676650749,0.8448136832346139,0.42790489028142553,0.0,0.0,1.0,0.0,12.913864566484955
1.7672981745325076,-1.2860681138850012,0.8448136832346139,1.8594890125303492,0.0,0.0,1.0,0.0,13.122367377396328
0.5806344520190736,-1.2860681138850012,0.8448136832346139,1.8594890125303492,0.0,0.0,1.0,0.0,13.122367377396328
1.1976661045772006,-1.2860681138850012,0.8448136832346139,1.8594890125303492,0.0,0.0,1.0,0.0,13.122367377396328
1.4645372644634997,-1.2810795511192463,0.8448136832346139,1.8594890125303492,0.0,0.0,1.0,0.0,13.122367377396328
2.296802783277701,-1.2810795511192463,0.8401337281953155,1.8594890125303492,0.0,0.0,1.0,0.0,13.122367377396328
4.558903393190224,-1.2810795511192463,0.8401337281953155,1.8594890125303492,0.0,0.0,1.0,0.0,13.122367377396328
1.4160390160387597,-1.2810795511192463,0.8401337281953155,1.8594890125303492,0.0,0.0,1.0,0.0,13.122367377396328
0.025128085488448037,-1.2860681138850012,0.8354537731560171,1.2232294026419388,0.0,0.0,1.0,0.0,12.911150867308073
0.10062212268035722,-1.2810795511192463,0.8401337281953155,-0.8446143294953956,0.0,0.0,1.0,0.0,12.844238159063961
-1.0315791655179158,-1.2860681138850012,0.8401337281953155,-0.6855494270232929,0.0,0.0,1.0,0.0,12.834683971615659
3.7526919495815476,-1.291056676650749,0.8354537731560171,0.42790489028142553,0.0,0.0,0.0,1.0,13.122367377396328
3.4528084976175673,-1.2860681138850012,0.8307738181167154,-1.0832116832035494,0.0,0.0,1.0,0.0,13.122367377396328
0.11558490482650138,-1.296045239416504,0.8401337281953155,-0.3674196220790877,0.0,0.0,0.0,1.0,12.86747370841737
1.6504210580482905,-1.2860681138850012,0.8307738181167154,0.03024263410116893,0.0,0.0,1.0,0.0,13.07107218827772
3.582398747183997,-1.301033802182259,0.8307738181167154,-0.6060169757872417,0.0,0.0,0.0,1.0,13.122367377396328
4.26958806008471,-1.2760909883534912,0.8214139080381186,-0.12882226837093372,0.0,0.0,1.0,0.0,13.122367377396328
3.588572202754784,-1.2711024255877434,0.8120539979595185,0.6665022439895795,0.0,0.0,1.0,0.0,13.122367377396328
4.870976804035505,-1.2661138628219886,0.8073740429202201,0.42790489028142553,0.0,0.0,1.0,0.0,13.122367377396328
4.148630184833362,-1.2760909883534912,0.8120539979595185,0.10977508533722025,0.0,0.0,1.0,0.0,13.122367377396328
3.427539183713414,-1.2810795511192463,0.8167339529988202,-0.20835471960698504,0.0,0.0,1.0,0.0,13.122367377396328
2.868213645516115,-1.2611253000562335,0.8073740429202201,0.2688399878093229,0.0,0.0,1.0,0.0,13.122367377396328
1.937382107249692,-1.2561367372904857,0.8026940878809218,0.6665022439895795,0.0,0.0,1.0,0.0,13.122367377396328
3.217327789786116,-1.2561367372904857,0.8026940878809218,0.10977508533722025,0.0,0.0,1.0,0.0,13.122367377396328
4.322690241477495,-1.2810795511192463,0.8073740429202201,-0.446952073315139,0.0,0.0,1.0,0.0,13.122367377396328
4.762418157345823,-1.2860681138850012,0.8026940878809218,-0.446952073315139,0.0,0.0,1.0,0.0,13.122367377396328
5.196705061524644,-1.2661138628219886,0.7839742677237249,-1.71947129309196,0.0,0.0,0.0,0.0,13.122367377396328
2.481587911040572,-1.2711024255877434,0.7746143576451248,-1.4013414881477548,0.0,0.0,0.0,0.0,13.122367377396328
1.0425972714262521,-1.2711024255877434,0.7699344026058264,-0.6060169757872417,0.0,0.0,0.0,0.0,12.793862088206213
3.898709869056682,-1.2511481745247306,0.7512145824486295,-0.6060169757872417,0.0,0.0,0.0,0.0,13.122367377396328
1.037627116517568,-1.2162282351644673,0.7231348522128326,0.6665022439895795,0.0,0.0,0.0,0.0,12.672008638147602
0.7693433862888008,-1.2012625468672096,0.7137749421342324,1.064164500169836,0.0,0.0,0.0,0.0,12.5421912482017
0.7116895893480636,-1.1613540447411912,0.7137749421342324,1.1436969514058875,0.0,0.0,0.0,0.0,12.58895466443808
0.975840243389609,-1.176319733038449,0.6997350770163373,0.6665022439895795,0.0,0.0,0.0,0.0,12.895465286619547
-0.19371568275393358,-1.1513769192096812,0.7512145824486295,-0.3674196220790877,0.0,0.0,0.0,0.0,12.330063042262541
1.6085148045550688,-1.1413997936781786,0.7418546723700294,-0.8446143294953956,0.0,0.0,0.0,0.0,12.797189869070415
1.0537408819057228,-1.1413997936781786,0.7465346274093277,-0.3674196220790877,0.0,0.0,0.0,0.0,12.511352710974496
2.010992717318311,-1.1364112309124235,0.7418546723700294,-0.6060169757872417,0.0,0.0,0.0,0.0,12.801334082366724
2.380406020583779,-1.1563654819754363,0.737174717330731,-1.1627441344396008,0.0,0.0,0.0,0.0,13.037243301685471
2.358171117044928,-1.1314226681466757,0.7231348522128326,-1.7990037443280114,0.0,0.0,0.0,0.0,13.067698088438327
2.1885580411085668,-1.1463883564439334,0.7418546723700294,-0.9241467807314468,0.0,0.0,0.0,0.0,13.091906231773164
1.9969716487338116,-1.1463883564439334,0.7418546723700294,-0.20835471960698504,0.0,0.0,0.0,0.0,12.913864566484955
2.7838779643287577,-1.1413997936781786,0.737174717330731,-0.446952073315139,0.0,0.0,0.0,0.0,13.122367377396328
2.7224573131414385,-1.1463883564439334,0.737174717330731,-0.8446143294953956,0.0,0.0,0.0,0.0,13.122367377396328
1.4594624747146323,-1.1264341053809208,0.7465346274093277,-1.71947129309196,0.0,0.0,0.0,0.0,13.122367377396328
2.3558168331408154,-1.1314226681466757,0.737174717330731,-1.0832116832035494,0.0,0.0,0.0,0.0,12.943956548056168
1.5470418359476583,-1.1264341053809208,0.7324947622914326,-1.7990037443280114,0.0,0.0,0.0,0.0,12.759960632315702
2.0390871719073993,-1.1264341053809208,0.737174717330731,-1.1627441344396008,0.0,0.0,0.0,0.0,12.86747370841737
2.2614362072959056,-1.1563654819754363,0.7465346274093277,-1.0036792319674983,0.0,0.0,0.0,0.0,12.782407881272364
2.2568322743278606,-1.1563654819754363,0.7465346274093277,-0.6855494270232929,0.0,0.0,0.0,0.0,12.79829667298306
2.317782068734357,-1.1513769192096812,0.7512145824486295,-1.1627441344396008,0.0,0.0,0.0,0.0,12.884616210480898
1.6066836948518692,-1.1463883564439334,0.7465346274093277,-0.7650818782593443,0.0,0.0,0.0,0.0,12.797743424153593
1.480651029851655,-1.1463883564439334,0.765254447566528,-1.0036792319674983,0.0,0.0,0.0,0.0,12.630035608520458
1.9400502956743544,-1.1463883564439334,0.765254447566528,-0.28788717084303633,0.0,0.0,0.0,0.0,12.540045332306379
0.9090832153529655,-1.1413997936781786,0.765254447566528,-0.7650818782593443,0.0,0.0,0.0,0.0,12.540761149388421
0.6031832600784727,-1.1463883564439334,0.765254447566528,-0.8446143294953956,0.0,0.0,0.0,0.0,12.503956254903999
0.9476411539603369,-1.1413997936781786,0.765254447566528,-0.9241467807314468,0.0,0.0,0.0,0.0,12.415121329251784
0.951931182407833,-1.0965027287864053,0.7465346274093277,-1.0832116832035494,0.0,0.0,0.0,0.0,12.444305774364985
0.3378816227949161,-1.0965027287864053,0.7418546723700294,-1.0036792319674983,0.0,0.0,0.0,0.0,12.160557363077048
1.49231781453204,-1.0965027287864053,0.7418546723700294,-1.0036792319674983,0.0,0.0,0.0,0.0,12.60920503496451
0.8085814513573608,-1.0915141660206573,0.7465346274093277,-1.0036792319674983,0.0,0.0,0.0,0.0,12.36265322789447
0.9273419949648685,-1.1314226681466757,0.7558945374879279,-0.28788717084303633,0.0,0.0,0.0,0.0,12.365641477767022
1.1575909607871782,-1.1264341053809208,0.7465346274093277,-0.5264845245511903,0.0,0.0,0.0,0.0,12.409833561339303
1.5210400781622258,-1.1314226681466757,0.7512145824486295,-0.8446143294953956,0.0,0.0,0.0,0.0,12.521251930587761
0.8359434620651698,-1.1314226681466757,0.7512145824486295,-0.3674196220790877,0.0,0.0,0.0,0.0,12.383385848096506
0.6521523652840352,-1.1364112309124235,0.7512145824486295,-0.9241467807314468,0.0,0.0,0.0,0.0,12.378348075215978
0.21566812946137487,-1.1413997936781786,0.7558945374879279,-1.0036792319674983,0.0,0.0,0.0,0.0,12.47762914702042
0.7012261053297807,-1.1264341053809208,0.7699344026058264,-0.9241467807314468,0.0,0.0,0.0,0.0,12.349744326212377
1.0699592821340613,-1.116456979849418,0.765254447566528,-0.6855494270232929,0.0,0.0,0.0,0.0,12.319405795112926
0.628295621722351,-1.111468417083663,0.765254447566528,-0.9241467807314468,0.0,0.0,0.0,0.0,12.308182383129823
0.24459966277192632,-1.116456979849418,0.765254447566528,-0.5264845245511903,0.0,0.0,0.0,0.0,12.253437985595856
0.5283693493477515,-1.111468417083663,0.7605744925272263,-0.20835471960698504,0.0,0.0,0.0,0.0,12.180759965737863
-0.5238386035307508,-1.111468417083663,0.7605744925272263,-0.8446143294953956,0.0,0.0,0.0,0.0,12.124868013083418
1.8089428409252726,-1.1364112309124235,0.765254447566528,-0.9241467807314468,0.0,0.0,0.0,0.0,12.592018486191964
0.17370955854806167,-1.1314226681466757,0.765254447566528,-1.5604063906198575,0.0,0.0,0.0,0.0,12.198045514142787
0.5976376135487828,-1.1314226681466757,0.765254447566528,-0.9241467807314468,0.0,0.0,0.0,0.0,12.432415074973783
0.35849468631093273,-1.1264341053809208,0.765254447566528,-1.6399388418559087,0.0,0.0,0.0,0.0,12.551791287796721
0.8494936738688459,-1.1314226681466757,0.765254447566528,-1.0036792319674983,0.0,0.0,0.0,0.0,12.441938918691436
1.4622352979794773,-1.1264341053809208,0.765254447566528,-1.1627441344396008,0.0,0.0,0.0,0.0,12.649157827477366
0.6588489950557362,-1.1214455426151657,0.7605744925272263,-1.4808739393838062,0.0,0.0,0.0,0.0,12.295460779128113
0.8952714164488326,-1.1264341053809208,0.7605744925272263,-1.4013414881477548,0.0,0.0,0.0,0.0,12.465744828056149
0.09335000128765102,-1.116456979849418,0.7605744925272263,-1.1627441344396008,0.0,0.0,0.0,0.0,12.37243841643669
1.077545308047316,-1.116456979849418,0.7605744925272263,-1.0036792319674983,0.0,0.0,0.0,0.0,12.427218202181711
-0.9665486123442893,-1.116456979849418,0.7558945374879279,-0.6855494270232929,0.0,0.0,0.0,0.0,12.765691290604371
0.16549572359370943,-1.116456979849418,0.7558945374879279,-1.3218090369117035,0.0,0.0,0.0,0.0,12.40697467786825
0.3280459478177306,-1.1264341053809208,0.7605744925272263,-1.71947129309196,0.0,0.0,0.0,0.0,12.269521510708264
0.03653328306837602,-1.1214455426151657,0.7558945374879279,-1.0036792319674983,0.0,0.0,0.0,0.0,12.177163782032679
-0.35736457279987394,-1.1264341053809208,0.7558945374879279,-0.9241467807314468,0.0,0.0,0.0,0.0,11.723194494148304
0.9359220518598602,-1.1463883564439334,0.7605744925272263,-0.9241467807314468,0.0,0.0,0.0,0.0,12.365215131251702
0.855824081699907,-1.1413997936781786,0.7605744925272263,-1.0036792319674983,0.0,0.0,0.0,0.0,12.319852122072682
0.9134778786406442,-1.1463883564439334,0.7605744925272263,-0.3674196220790877,0.0,0.0,0.0,0.0,12.490126895384028
1.338086060102554,-1.1364112309124235,0.7605744925272263,-1.0036792319674983,0.0,0.0,0.0,0.0,12.57487722707543
1.860423182295223,-1.1364112309124235,0.7605744925272263,-1.0036792319674983,0.0,0.0,0.0,0.0,12.650120442784763
1.5397697145549516,-1.1364112309124235,0.7605744925272263,-1.0036792319674983,0.0,0.0,0.0,0.0,12.581769029364706
0.6145361402383094,-1.1314226681466757,0.7605744925272263,-1.8785361955640627,0.0,0.0,0.0,0.0,12.12703484943049
0.8939111635264558,-1.1264341053809208,0.7605744925272263,-1.0832116832035494,0.0,0.0,0.0,0.0,12.458390459140501
0.501844417361405,-1.1314226681466757,0.7558945374879279,-0.9241467807314468,0.0,0.0,0.0,0.0,11.860768522363712
-0.048063985219439,-1.1463883564439334,0.7558945374879279,-1.958068646800114,0.0,0.0,0.0,0.0,12.12215284831553
0.8463023112432697,-1.1364112309124235,0.7558945374879279,-0.6855494270232929,0.0,0.0,0.0,0.0,12.393385889763556
1.0673434111294906,-1.1264341053809208,0.7512145824486295,-0.446952073315139,0.0,0.0,0.0,0.0,12.377505973448748
0.3263194729547138,-1.116456979849418,0.7512145824486295,-0.6060169757872417,0.0,0.0,0.0,0.0,12.364788602887499
1.139227546335092,-1.1214455426151657,0.7512145824486295,-0.6855494270232929,0.0,0.0,0.0,0.0,12.392556361841777
1.0224027472709665,-1.1214455426151657,0.7558945374879279,-0.3674196220790877,0.0,0.0,0.0,0.0,12.411463546908074
0.6749104430237999,-1.1214455426151657,0.7558945374879279,-0.28788717084303633,0.0,0.0,0.0,0.0,12.393385889763556
0.3035613952149491,-1.116456979849418,0.7558945374879279,-1.8785361955640627,0.0,0.0,0.0,0.0,11.976665770490767
1.2657833855362208,-1.116456979849418,0.7558945374879279,-0.28788717084303633,0.0,0.0,0.0,0.0,12.436394371990376
1.907247273277038,-1.1214455426151657,0.7465346274093277,-0.446952073315139,0.0,0.0,0.0,0.0,12.582798715298532
0.5715835383432588,-1.1214455426151657,0.7465346274093277,-0.28788717084303633,0.0,0.0,0.0,0.0,12.359227115018937
1.2773455353764231,-1.116456979849418,0.7465346274093277,-0.7650818782593443,0.0,0.0,0.0,0.0,12.421188057397055
1.3375105684815485,-1.116456979849418,0.7465346274093277,-0.3674196220790877,0.0,0.0,0.0,0.0,12.457613159362927
1.3550892216322632,-1.116456979849418,0.7465346274093277,-0.9241467807314468,0.0,0.0,0.0,0.0,12.536458540752227
1.1143244543715793,-1.1014912915521602,0.7512145824486295,-0.9241467807314468,0.0,0.0,0.0,0.0,12.478771782289911
0.6380266618593535,-1.1014912915521602,0.7418546723700294,-0.8446143294953956,0.0,0.0,0.0,0.0,12.288117962028046
1.0577170058326704,-1.1014912915521602,0.7465346274093277,-0.8446143294953956,0.0,0.0,0.0,0.0,12.341918233338216
1.1214396235040118,-1.106479854317915,0.7465346274093277,-1.0036792319674983,0.0,0.0,0.0,0.0,12.57625939252641
0.8072735158550753,-1.106479854317915,0.7465346274093277,-0.9241467807314468,0.0,0.0,0.0,0.0,12.466515835145202
1.0705347737550668,-1.111468417083663,0.7465346274093277,-0.8446143294953956,0.0,0.0,0.0,0.0,12.490503187481444
1.4974449217009986,-1.111468417083663,0.7465346274093277,-0.8446143294953956,0.0,0.0,0.0,0.0,12.51503052432271
1.2277486211297632,-1.111468417083663,0.765254447566528,-1.4808739393838062,0.0,0.0,0.0,0.0,12.471129435740856
1.061536177499344,-1.111468417083663,0.7605744925272263,-1.0036792319674983,0.0,0.0,0.0,0.0,12.470361978939783
0.4025982714479945,-1.0915141660206573,0.7605744925272263,-0.9241467807314468,0.0,0.0,0.0,0.0,13.122367377396328
0.45554350058050436,-1.0965027287864053,0.7512145824486295,-1.3218090369117035,0.0,0.0,0.0,0.0,12.472662584630097
0.4047956030918338,-1.0615827894261418,0.7324947622914326,-1.0832116832035494,0.0,0.0,0.0,0.0,12.862817736881576
0.17140759206403927,-1.0815370404891473,0.7278148072521309,-1.4013414881477548,0.0,0.0,0.0,0.0,13.122367377396328
0.4511488372928257,-1.0715599149576447,0.7137749421342324,-0.6060169757872417,0.0,0.0,0.0,0.0,12.884362500606924
1.5109951335046745,-1.051605663894639,0.638895661505445,-0.7650818782593443,0.0,0.0,0.0,0.0,12.930236303271222
1.89584207569711,-1.0116971617686137,0.6997350770163373,-1.1627441344396008,0.0,0.0,0.0,0.0,12.749852272189257
1.1991833097598519,-1.0316514128316263,0.709094987094934,-1.2422765856756521,0.0,0.0,0.0,0.0,12.571066392083603
0.1562878576576208,-1.0316514128316263,0.7044150320556357,-1.1627441344396008,0.0,0.0,0.0,0.0,12.34496899599742
-0.7293937470699133,-1.0266628500658714,0.6950551219770356,-0.9241467807314468,0.0,0.0,0.0,0.0,12.42199418075339
0.74229528010154,-1.056594226660387,0.7044150320556357,-1.3218090369117035,0.0,0.0,0.0,0.0,12.864113238305151
0.0013236593468549764,-1.0416285383631292,0.6997350770163373,-0.6855494270232929,0.0,0.0,0.0,0.0,12.332269077986075
-0.09771321688619035,-1.0366399755973812,0.6950551219770356,-1.1627441344396008,0.0,0.0,0.0,0.0,12.385477452742727
0.6671151474301793,-1.0416285383631292,0.6903751669377372,-0.7650818782593443,0.0,0.0,0.0,0.0,12.987004029372565
1.0773883557870418,-1.0366399755973812,0.6903751669377372,-1.1627441344396008,0.0,0.0,0.0,0.0,12.681377821708454
0.5370540410829262,-1.0266628500658714,0.6856952118984389,-1.1627441344396008,0.0,0.0,0.0,0.0,12.721888795877375
0.9125361650789987,-1.046617101128884,0.6997350770163373,-0.7650818782593443,0.0,0.0,0.0,0.0,12.614204195520381
1.336725807180177,-0.9917429107056079,0.6763353018198387,-0.9241467807314468,0.0,0.0,0.0,0.0,12.88182185528868
0.8984627790744089,-1.0166857245343686,0.6669753917412419,-0.6060169757872417,0.0,0.0,0.0,0.0,12.865665627873343
-0.13145795284515174,-1.0116971617686137,0.6810152568591404,-0.3674196220790877,0.0,0.0,0.0,0.0,12.765691290604371
0.028424082954207053,-1.0216742873001234,0.6810152568591404,0.6665022439895795,0.0,0.0,0.0,0.0,12.471129435740856
0.25794060489523674,-1.0017200362371108,0.6435756165447434,1.2232294026419388,1.0,0.0,0.0,0.0,12.36308066783498
0.3636741108999827,-0.9967314734713558,0.638895661505445,-0.8446143294953956,1.0,0.0,0.0,0.0,12.469593932696368
0.5723159822245388,-0.9967314734713558,0.6295357514268448,-1.1627441344396008,1.0,0.0,0.0,0.0,12.541833915188546
0.6673767345306367,-1.0017200362371108,0.6435756165447434,-1.0832116832035494,1.0,0.0,0.0,0.0,12.486356166069786
0.9748462124078721,-1.0067085990028657,0.6248557963875465,-1.0036792319674983,1.0,0.0,0.0,0.0,12.640128449875998
0.2335606871326383,-1.0067085990028657,0.6435756165447434,-1.0036792319674983,1.0,0.0,0.0,0.0,12.435202244657168
0.9412584287091845,-1.0166857245343686,0.6529355266233434,-1.8785361955640627,0.0,0.0,0.0,0.0,12.606528561892935
-0.16802782948904962,-1.0017200362371108,0.6529355266233434,-1.0036792319674983,1.0,0.0,0.0,0.0,12.19905306582726
-0.3528129572519209,-1.0017200362371108,0.648255571584045,-0.12882226837093372,1.0,0.0,0.0,0.0,12.223917475237798
-0.4889428843297782,-0.9967314734713558,0.648255571584045,-0.9241467807314468,1.0,0.0,0.0,0.0,12.08954444723597
-0.9489176417734831,-0.9967314734713558,0.6435756165447434,1.2232294026419388,1.0,0.0,0.0,0.0,12.045322738624144
-0.6997820872981735,-0.9917429107056079,0.638895661505445,-0.6855494270232929,1.0,0.0,0.0,0.0,11.983560145061489
-0.32168409229753014,-0.9817657851741052,0.6342157064661466,-0.12882226837093372,1.0,0.0,0.0,0.0,12.628070334272698
0.7096492099644985,-1.0815370404891473,0.8026940878809218,0.42790489028142553,0.0,0.0,0.0,0.0,13.122367377396328
-0.09410331489988266,-0.986754347939853,0.8120539979595185,0.8255671464616822,1.0,0.0,0.0,0.0,12.47801017053037
5.819700899973191,-1.0067085990028657,0.7278148072521309,1.8594890125303492,0.0,0.0,0.0,0.0,11.785247676408115
-0.03665878763951101,-0.8969602181563135,0.6669753917412419,-0.28788717084303633,1.0,0.0,0.0,0.0,12.739347391533249
1.1436222096227708,-1.2262053606959702,0.7231348522128326,-1.4808739393838062,0.0,0.0,0.0,0.0,12.873904582205107
5.819700899973191,-1.1912854213356996,0.6997350770163373,-0.20835471960698504,0.0,0.0,0.0,0.0,12.899222326086994
2.989694694968377,-1.2012625468672096,0.7044150320556357,0.6665022439895795,0.0,0.0,0.0,0.0,12.765691290604371
-0.6546321537592839,-1.2112396723987124,0.638895661505445,-1.0036792319674983,0.0,0.0,0.0,1.0,11.83138646878959
1.3448873247144377,-1.2162282351644673,0.6342157064661466,0.03024263410116893,0.0,0.0,0.0,1.0,12.511352710974496
0.5778616287542286,-1.2162282351644673,0.6342157064661466,-0.04928981713488239,0.0,0.0,0.0,1.0,12.480293267857345
1.0128809768143292,-1.2062511096329573,0.6342157064661466,0.03024263410116893,0.0,0.0,0.0,1.0,12.547891278953442
0.2430824575892756,-1.2062511096329573,0.6295357514268448,0.9050995976977334,0.0,0.0,0.0,1.0,12.454107814022272
-0.16745233786804403,-1.2112396723987124,0.6295357514268448,1.1436969514058875,0.0,0.0,0.0,1.0,12.385059481651881
-0.09734699494555038,-1.2162282351644673,0.6342157064661466,0.9846320489337848,0.0,0.0,0.0,1.0,12.358798024384122
0.08654873667576689,-1.2162282351644673,0.6295357514268448,1.4618267563500926,0.0,0.0,0.0,1.0,12.488620309436481
-0.5696163461107373,-1.221216797930215,0.6342157064661466,0.10977508533722025,0.0,0.0,0.0,1.0,12.409017571151187
-0.8908976228921058,-1.221216797930215,0.6295357514268448,-0.6060169757872417,0.0,0.0,0.0,1.0,12.141539457711714
-0.33455417764001777,-1.221216797930215,0.6295357514268448,1.2232294026419388,0.0,0.0,0.0,1.0,12.26670197321789
0.9116467689374449,-1.231193923461725,0.6295357514268448,0.5074373415174769,0.0,0.0,0.0,1.0,12.910903801827052
1.5282598821348405,-1.231193923461725,0.6295357514268448,0.3483724390453742,0.0,0.0,0.0,1.0,12.814753389808173
0.795711366014873,-1.231193923461725,0.6248557963875465,0.10977508533722025,0.0,0.0,0.0,1.0,12.800230637022887
-0.10284032405514874,-1.2361824862274728,0.6248557963875465,-0.6855494270232929,0.0,0.0,0.0,1.0,12.482950310008736
0.19772325437002014,-1.2361824862274728,0.6248557963875465,-1.0036792319674983,0.0,0.0,0.0,1.0,12.591678524740319
0.18265583738369293,-1.241171048993228,0.6295357514268448,-1.0832116832035494,0.0,0.0,0.0,1.0,12.67888794332868
-0.4957964663617534,-1.231193923461725,0.6295357514268448,1.779956561294298,0.0,0.0,0.0,1.0,12.461880850543723
0.6823918340968721,-1.231193923461725,0.6248557963875465,1.30276185387799,0.0,0.0,0.0,1.0,12.49275797139508
-0.0263522558815027,-1.231193923461725,0.6248557963875465,1.8594890125303492,0.0,0.0,0.0,1.0,12.441543897532917
0.699238043366307,-1.231193923461725,0.6248557963875465,1.6208916588221953,0.0,0.0,0.0,1.0,12.382547979752006
-0.3309442756537103,-1.231193923461725,0.6201758413482481,1.2232294026419388,0.0,0.0,0.0,1.0,12.318959268856462
-0.9003670759286516,-1.2262053606959702,0.6295357514268448,0.6665022439895795,0.0,0.0,0.0,1.0,12.450590137999692
-0.670118110106342,-1.2162282351644673,0.6295357514268448,1.4618267563500926,0.0,0.0,0.0,1.0,12.343226842865814
-0.6088544111792973,-1.221216797930215,0.6295357514268448,0.5074373415174769,0.0,0.0,0.0,1.0,12.289958727201455
-1.0189706672758854,-1.221216797930215,0.6248557963875465,0.03024263410116893,0.0,0.0,0.0,1.0,12.182297237179363
-0.698212564695431,-1.2162282351644673,0.6248557963875465,1.1436969514058875,0.0,0.0,0.0,1.0,12.471896304003637
-0.4875303139873101,-1.2162282351644673,0.6248557963875465,1.8594890125303492,0.0,0.0,0.0,1.0,12.35793929036284
-0.7007761182799103,-1.2162282351644673,0.6248557963875465,0.5074373415174769,0.0,0.0,0.0,1.0,12.388398368982115
0.2216846327718873,-1.2112396723987124,0.6295357514268448,-0.6855494270232929,0.0,0.0,0.0,1.0,12.524530013005734
-0.6734664249921926,-1.2162282351644673,0.6295357514268448,-0.12882226837093372,0.0,0.0,0.0,1.0,12.398348658581329
-0.39539933720633147,-1.2112396723987124,0.6248557963875465,0.10977508533722025,0.0,0.0,0.0,1.0,12.390479526523466
-0.35736457279987394,-1.2112396723987124,0.6061359762303496,1.779956561294298,0.0,0.0,0.0,1.0,12.899222326086994
-0.9529984005406134,-1.2162282351644673,0.6154958863089497,1.8594890125303492,0.0,0.0,0.0,1.0,12.69680065849663
-0.8788646162710808,-1.2262053606959702,0.6248557963875465,1.779956561294298,0.0,0.0,0.0,1.0,12.364788602887499
-0.33267075051672684,-1.2262053606959702,0.6248557963875465,0.5869697927535281,0.0,0.0,0.0,1.0,12.323860125621126
-1.142596730951895,-1.2262053606959702,0.6248557963875465,1.8594890125303492,0.0,0.0,0.0,1.0,12.47801017053037
0.3084792327035421,-1.231193923461725,0.6248557963875465,0.9050995976977334,0.0,0.0,0.0,1.0,12.377927112974284
-0.7165236617274257,-1.2262053606959702,0.6201758413482481,-0.8446143294953956,0.0,0.0,0.0,1.0,12.357079818283598
-1.423593594262875,-1.221216797930215,0.6248557963875465,1.2232294026419388,0.0,0.0,0.0,1.0,12.429220196836383
-1.1572979259975822,-1.221216797930215,0.6248557963875465,0.8255671464616822,0.0,0.0,0.0,1.0,12.547180549395199
-0.9726174330748933,-1.221216797930215,0.6201758413482481,1.8594890125303492,0.0,0.0,0.0,1.0,11.630717389475995
-0.14778098791367275,-1.2262053606959702,0.6201758413482481,0.9050995976977334,0.0,0.0,0.0,1.0,12.40287632827253
-0.7592669939421103,-1.2262053606959702,0.6201758413482481,-0.04928981713488239,0.0,0.0,0.0,1.0,12.283501169971546
0.16748378555718316,-1.231193923461725,0.6201758413482481,0.2688399878093229,0.0,0.0,0.0,1.0,12.216027926866138
-0.8944028900382305,-1.231193923461725,0.6201758413482481,1.064164500169836,0.0,0.0,0.0,1.0,12.187913766539234
-0.6747743604944779,-1.231193923461725,0.6201758413482481,1.064164500169836,0.0,0.0,0.0,1.0,12.237576157539047
-0.18639124394113563,-1.2262053606959702,0.6201758413482481,0.2688399878093229,0.0,0.0,0.0,1.0,12.557437013287785
0.3036660300551317,-1.231193923461725,0.6154958863089497,0.5869697927535281,0.0,0.0,0.0,1.0,12.482950310008736
0.17172149658458796,-1.2361824862274728,0.6201758413482481,0.10977508533722025,0.0,0.0,0.0,1.0,12.330504638906516
0.3263194729547138,-1.241171048993228,0.6201758413482481,1.8594890125303492,0.0,0.0,0.0,1.0,12.461880850543723
-0.02582908168058839,-1.2361824862274728,0.5780562459945526,-0.8446143294953956,0.0,0.0,0.0,1.0,12.52815976788113
0.047310671607207117,-1.231193923461725,0.6154958863089497,-0.12882226837093372,0.0,0.0,0.0,1.0,12.490503187481444
-0.47350924540281125,-1.231193923461725,0.638895661505445,1.8594890125303492,0.0,0.0,0.0,1.0,11.666513129191083
-0.5601468930741915,-1.0865256032549024,0.5967760661517495,0.2688399878093229,0.0,0.0,0.0,0.0,12.062208048765859
-0.4028807282794036,-1.0815370404891473,0.6014560211910512,0.03024263410116893,0.0,0.0,0.0,0.0,11.957617696467539
-0.748228018302822,-1.0815370404891473,0.6014560211910512,-0.9241467807314468,0.0,0.0,0.0,0.0,11.929666757272708
-0.6412388942158821,-1.0815370404891473,0.6014560211910512,-1.1627441344396008,0.0,0.0,0.0,0.0,12.011279642540796
-0.38901661195517906,-1.0865256032549024,0.6061359762303496,-0.3674196220790877,0.0,0.0,0.0,0.0,12.292713537231938
-0.144537307868005,-1.0865256032549024,0.6014560211910512,1.541359207586144,0.0,0.0,0.0,0.0,12.178192583415596
-0.7401711356087444,-1.0865256032549024,0.6014560211910512,1.3822943051140413,0.0,0.0,0.0,0.0,12.088420226343088
-0.34250642549391264,-1.0915141660206573,0.6014560211910512,0.5869697927535281,0.0,0.0,0.0,0.0,12.381289859469133
-0.2426324705394048,-1.0915141660206573,0.6014560211910512,1.3822943051140413,0.0,0.0,0.0,0.0,11.9873007744816
-1.1451079671162827,-1.0865256032549024,0.5967760661517495,1.8594890125303492,0.0,0.0,0.0,0.0,11.991647230585656
-1.0020721405863589,-1.0915141660206573,0.5967760661517495,-0.446952073315139,0.0,0.0,0.0,0.0,11.951186847493476
-0.6886907942387939,-1.0865256032549024,0.5967760661517495,1.064164500169836,0.0,0.0,0.0,0.0,11.927687224983487
-0.544870206407499,-1.0965027287864053,0.5967760661517495,-1.6399388418559087,0.0,0.0,0.0,0.0,11.995357787034976
-0.9410700287597711,-1.0915141660206573,0.5920961111124511,1.2232294026419388,0.0,0.0,0.0,0.0,11.7068543948059
-0.4483968837589329,-1.0965027287864053,0.6061359762303496,-0.3674196220790877,0.0,0.0,0.0,0.0,12.124325569579169
-0.311272925699339,-1.0965027287864053,0.6061359762303496,0.3483724390453742,0.0,0.0,0.0,0.0,12.154784614286667
-0.6450057484624637,-1.0915141660206573,0.6014560211910512,-0.6855494270232929,0.0,0.0,0.0,0.0,12.04179334395687
-0.19685472795941827,-1.0965027287864053,0.6014560211910512,-1.5604063906198575,0.0,0.0,0.0,0.0,12.179733803647622
-0.3634857109505692,-1.106479854317915,0.6061359762303496,-0.7650818782593443,0.0,0.0,0.0,0.0,12.150036542839864
0.2690842153747078,-1.1014912915521602,0.6014560211910512,-0.7650818782593443,0.0,0.0,0.0,0.0,12.393385889763556
-0.7695735257001186,-1.1014912915521602,0.6061359762303496,-0.6060169757872417,0.0,0.0,0.0,0.0,12.091789104493502
-0.971571084673065,-1.0965027287864053,0.610815931269648,-0.8446143294953956,0.0,0.0,0.0,0.0,12.051177522006789
-0.04706995423770214,-1.106479854317915,0.6154958863089497,0.42790489028142553,0.0,0.0,0.0,0.0,12.166296978418426
-0.5518807406997482,-1.111468417083663,0.610815931269648,0.03024263410116893,0.0,0.0,0.0,0.0,12.155310788851953
-0.6909404433027245,-1.3359537415425222,0.6763353018198387,-0.6855494270232929,0.0,0.0,0.0,1.0,12.086731521684555
0.6978254730238388,-1.2810795511192463,0.6763353018198387,-0.8446143294953956,0.0,0.0,0.0,1.0,12.718899265966332
0.6617787705808555,-1.2661138628219886,0.6622954367019402,-0.8446143294953956,0.0,0.0,0.0,1.0,12.66286754735978
0.44078998811472586,-1.2760909883534912,0.6248557963875465,-0.12882226837093372,0.0,0.0,0.0,1.0,12.765691290604371
0.5770245500327656,-1.2461596117589757,0.6997350770163373,-0.20835471960698504,0.0,0.0,0.0,1.0,12.388398368982115
0.033760459803531075,-1.2561367372904857,0.6810152568591404,1.3822943051140413,0.0,0.0,0.0,1.0,12.313136210176474
-0.1197388507446751,-1.2561367372904857,0.6903751669377372,0.2688399878093229,0.0,0.0,0.0,1.0,12.352771342460947
0.13012914761191427,-1.2711024255877434,0.6810152568591404,0.5869697927535281,0.0,0.0,0.0,1.0,12.386730318837426
0.24412880599110376,-1.2561367372904857,0.6716553467805403,0.3483724390453742,0.0,0.0,0.0,1.0,12.275136847806356
0.2870814078861538,-1.2511481745247306,0.6763353018198387,0.5074373415174769,0.0,0.0,0.0,1.0,12.22979405494807
-0.5665819357454355,-1.2711024255877434,0.6950551219770356,1.779956561294298,0.0,0.0,0.0,1.0,12.239995696974733
0.8905628486406052,-1.301033802182259,0.709094987094934,-0.9241467807314468,0.0,0.0,0.0,1.0,12.557085087723449
0.6749627604438916,-1.2711024255877434,0.7137749421342324,0.2688399878093229,0.0,0.0,0.0,1.0,12.128656901032139
1.7300481714274214,-1.2611253000562335,0.7278148072521309,-0.8446143294953956,0.0,0.0,0.0,1.0,12.518329030892268
1.7057205710849142,-1.2511481745247306,0.709094987094934,-0.446952073315139,0.0,0.0,0.0,1.0,12.520522006212012
0.6967268072019194,-1.2661138628219886,0.6903751669377372,1.3822943051140413,0.0,0.0,0.0,1.0,12.239512257194662
0.30523555265787417,-1.2661138628219886,0.7044150320556357,0.03024263410116893,0.0,0.0,0.0,1.0,12.226370248344972
0.0345452211049023,-1.2760909883534912,0.709094987094934,0.8255671464616822,0.0,0.0,0.0,1.0,12.10238295548773
2.0932880191221033,-1.2561367372904857,0.737174717330731,-1.0832116832035494,0.0,0.0,0.0,0.0,12.88639037955819
1.6223266034592017,-1.2112396723987124,0.6950551219770356,-0.9241467807314468,0.0,0.0,0.0,0.0,12.856575860287759
0.10559227758904151,-1.231193923461725,0.6950551219770356,0.10977508533722025,0.0,0.0,0.0,1.0,11.947955847790901
0.7143577777727255,-1.221216797930215,0.6903751669377372,0.5869697927535281,0.0,0.0,0.0,1.0,12.187913766539234
0.3771720052835674,-1.2361824862274728,0.6903751669377372,0.8255671464616822,0.0,0.0,0.0,1.0,11.893421422254848
1.153405567179865,-1.2461596117589757,0.6763353018198387,-0.6060169757872417,0.0,0.0,0.0,1.0,12.506180941677357
0.15257332083113073,-1.2361824862274728,0.6622954367019402,0.9846320489337848,0.0,0.0,0.0,1.0,12.21255657932543
-0.007204080128045483,-1.2461596117589757,0.6669753917412419,0.18930753657327157,0.0,0.0,0.0,1.0,12.35578922352754
0.12547289722377866,-1.2511481745247306,0.6576154816626418,0.42790489028142553,0.0,0.0,0.0,1.0,12.305469916333227
0.33134194528348937,-1.2511481745247306,0.6529355266233434,0.5869697927535281,0.0,0.0,0.0,1.0,12.224408511383015
0.004776609072888333,-1.231193923461725,0.6576154816626418,-0.9241467807314468,0.0,0.0,0.0,1.0,12.651722745315356
0.9140010528415585,-1.2262053606959702,0.6529355266233434,-0.6060169757872417,0.0,0.0,0.0,1.0,12.682309930111785
3.254420840630928,-1.221216797930215,0.6435756165447434,-0.6855494270232929,0.0,0.0,0.0,1.0,13.122367377396328
0.6966221723617364,-1.2262053606959702,0.638895661505445,0.10977508533722025,0.0,0.0,0.0,1.0,12.995667994503354
0.48327173322895334,-1.231193923461725,0.6763353018198387,-0.6855494270232929,0.0,0.0,0.0,1.0,12.474193386571581
0.5152376769048072,-1.221216797930215,0.6810152568591404,0.5074373415174769,0.0,0.0,0.0,1.0,12.388398368982115
0.05050203423278332,-1.2262053606959702,0.6622954367019402,-1.3218090369117035,0.0,0.0,0.0,1.0,12.159510248044802
0.646554401334254,-1.2162282351644673,0.6669753917412419,-0.7650818782593443,0.0,0.0,0.0,1.0,12.63818293027894
0.8975733829328545,-1.2112396723987124,0.6763353018198387,-0.9241467807314468,0.0,0.0,0.0,1.0,12.830408188179371
2.019311187112845,-1.1862968585699518,0.6903751669377372,-0.6060169757872417,0.0,0.0,0.0,0.0,12.893455745650755
1.3003128827965533,-1.1912854213356996,0.6856952118984389,-0.6855494270232929,0.0,0.0,0.0,0.0,12.711386105194757
1.935341727866127,-1.1463883564439334,0.6856952118984389,-0.6855494270232929,0.0,0.0,0.0,0.0,12.904955843641973
1.3473985608788253,-1.1613540447411912,0.6856952118984389,-0.446952073315139,0.0,0.0,0.0,0.0,12.784372788669724
1.040033717841773,-1.176319733038449,0.6576154816626418,0.5869697927535281,0.0,0.0,0.0,0.0,12.803537326983564
1.3315463825911273,-1.176319733038449,0.6622954367019402,-1.1627441344396008,0.0,0.0,0.0,0.0,12.738466983201718
1.2815309289837362,-1.1912854213356996,0.6669753917412419,-1.0036792319674983,0.0,0.0,0.0,1.0,12.873904582205107
0.717967679759033,-1.2062511096329573,0.6622954367019402,-0.7650818782593443,0.0,0.0,0.0,1.0,12.77422616877261
1.1435698922026796,-1.2112396723987124,0.6669753917412419,-0.6855494270232929,0.0,0.0,0.0,1.0,12.626101190115389
1.0608037336180638,-1.2162282351644673,0.6529355266233434,-0.6060169757872417,0.0,0.0,0.0,1.0,12.780720596528097
-0.14751940081321557,-1.2012625468672096,0.6342157064661466,-1.1627441344396008,0.0,0.0,0.0,1.0,12.47762914702042
0.4973451192335437,-1.1962739841014547,0.638895661505445,-0.28788717084303633,0.0,0.0,0.0,1.0,12.51686437103563
-0.4192037633479243,-1.2012625468672096,0.6295357514268448,0.03024263410116893,0.0,0.0,0.0,1.0,12.282111965715732
-0.1254937669547306,-1.2062511096329573,0.6342157064661466,-1.0036792319674983,0.0,0.0,0.0,1.0,12.240478903153711
0.40395852437037083,-1.2062511096329573,0.6295357514268448,-0.28788717084303633,0.0,0.0,0.0,1.0,12.365641477767022
-0.3583062863615195,-1.2062511096329573,0.6295357514268448,-0.7650818782593443,0.0,0.0,0.0,1.0,12.281184756225146
-0.07793723209163601,-1.2012625468672096,0.6248557963875465,-0.6060169757872417,0.0,0.0,0.0,1.0,12.436791432162119
-0.3973873991698052,-1.2012625468672096,0.6201758413482481,-0.6855494270232929,0.0,0.0,0.0,1.0,12.461880850543723
-0.8889618783487236,-1.2062511096329573,0.6248557963875465,-1.0832116832035494,0.0,0.0,0.0,1.0,12.269990661694345
-0.513845976293291,-1.2112396723987124,0.6248557963875465,0.8255671464616822,0.0,0.0,0.0,1.0,12.455667262449618
0.44774820498688384,-1.2062511096329573,0.6201758413482481,1.064164500169836,0.0,0.0,0.0,1.0,12.953710378795629
-0.6546321537592839,-1.2062511096329573,0.6201758413482481,-1.0036792319674983,0.0,0.0,0.0,1.0,12.840798556359703
0.4554388657403218,-1.1912854213356996,0.5827362010338544,0.6665022439895795,0.0,0.0,0.0,1.0,12.59269806257022
-0.6881153026177883,-1.1962739841014547,0.6201758413482481,-0.12882226837093372,0.0,0.0,0.0,1.0,12.365641477767022
-0.1121528248314202,-1.2012625468672096,0.6201758413482481,0.18930753657327157,0.0,0.0,0.0,1.0,12.40942564947524
-0.6281072217729373,-1.1912854213356996,0.6295357514268448,-1.0036792319674983,0.0,0.0,0.0,1.0,12.342354626814949
-0.0878775419090046,-1.1962739841014547,0.6295357514268448,-0.9241467807314468,0.0,0.0,0.0,1.0,12.438774371606481
-0.5846837630970643,-1.1962739841014547,0.6248557963875465,-1.0832116832035494,0.0,0.0,0.0,1.0,12.339733404786474
-0.4177911930054562,-1.1912854213356996,0.6248557963875465,-0.446952073315139,0.0,0.0,0.0,1.0,12.482950310008736
0.1696811172010225,-1.181308295804197,0.6295357514268448,-0.3674196220790877,0.0,0.0,0.0,1.0,12.580050526513531
-0.4110945632337553,-1.181308295804197,0.6295357514268448,-0.6060169757872417,0.0,0.0,0.0,1.0,12.484843884164489
-0.37755909695515955,-1.1862968585699518,0.6295357514268448,0.42790489028142553,0.0,0.0,0.0,1.0,12.473045504861005
-0.7110303326178273,-1.181308295804197,0.6248557963875465,0.18930753657327157,0.0,0.0,0.0,1.0,12.709272265101712
0.4479574746672495,-1.176319733038449,0.6342157064661466,-0.7650818782593443,0.0,0.0,0.0,1.0,12.554970929480584
0.14776011818272033,-1.181308295804197,0.638895661505445,0.2688399878093229,0.0,0.0,0.0,1.0,12.66096580954966
-0.27810368136138297,-1.1912854213356996,0.638895661505445,-0.6855494270232929,0.0,0.0,0.0,1.0,12.628725854927046
-0.5957750561564441,-1.1912854213356996,0.6342157064661466,-0.446952073315139,0.0,0.0,0.0,1.0,12.380030154325457
0.21634825592256304,-1.181308295804197,0.6342157064661466,-1.4013414881477548,0.0,0.0,0.0,1.0,12.30908490619414
0.8510631964715883,-1.1413997936781786,0.638895661505445,-1.0036792319674983,0.0,0.0,0.0,0.0,12.770820953805716
0.5195277053523027,-1.166342607506939,0.6342157064661466,-0.446952073315139,0.0,0.0,0.0,1.0,12.683241170498064
-0.6219337662021506,-1.166342607506939,0.6295357514268448,-1.0036792319674983,0.0,0.0,0.0,1.0,12.360084744326953
0.5331302345760701,-1.1513769192096812,0.6295357514268448,-0.6060169757872417,0.0,0.0,0.0,1.0,12.575914030220655
-0.19099517690917994,-1.166342607506939,0.6248557963875465,-0.7650818782593443,0.0,0.0,0.0,1.0,12.354065835437861
-0.11330380807343139,-1.171331170272694,0.6154958863089497,0.03024263410116893,0.0,0.0,0.0,1.0,12.438378098156768
1.0234490956727946,-1.1513769192096812,0.6201758413482481,-0.8446143294953956,0.0,0.0,0.0,1.0,12.640452335469483
0.29937600160763606,-1.1613540447411912,0.6248557963875465,-0.6060169757872417,0.0,0.0,0.0,1.0,12.595411759236592
1.1257819693715991,-1.1513769192096812,0.6201758413482481,-0.8446143294953956,0.0,0.0,0.0,1.0,12.679510994367368
0.7592984416312497,-1.1613540447411912,0.6061359762303496,-0.5264845245511903,0.0,0.0,0.0,1.0,12.723380216015363
0.5470466683203861,-1.1463883564439334,0.6154958863089497,-1.71947129309196,0.0,0.0,0.0,1.0,12.81692729780043
0.5626372595076271,-1.1314226681466757,0.610815931269648,0.03024263410116893,0.0,0.0,0.0,1.0,12.637533581715047
0.7804346793481806,-1.1563654819754363,0.5874161560731528,-0.8446143294953956,0.0,0.0,0.0,1.0,12.77138929548529
-0.3766697008136055,-1.166342607506939,0.5686963359159558,-0.5264845245511903,0.0,0.0,0.0,1.0,12.611541086966115
-0.8916823841934771,-1.1214455426151657,0.5733762909552542,-0.9241467807314468,0.0,0.0,0.0,1.0,12.948012371209098
0.48437039905087326,-1.106479854317915,0.638895661505445,-0.04928981713488239,0.0,0.0,0.0,0.0,12.57901800545302
0.23847852462123084,-1.1264341053809208,0.6295357514268448,-0.7650818782593443,0.0,0.0,0.0,0.0,12.606863513043441
0.4106028367219806,-1.1214455426151657,0.6154958863089497,-1.0036792319674983,0.0,0.0,0.0,0.0,12.76368929365942
-0.48151381067679744,-1.1264341053809208,0.648255571584045,-0.5264845245511903,0.0,0.0,0.0,0.0,12.5721071517933
-0.35448711469484623,-1.0915141660206573,0.638895661505445,-0.6060169757872417,0.0,0.0,0.0,0.0,12.541833915188546
0.03020287523731514,-1.106479854317915,0.6529355266233434,-0.8446143294953956,0.0,0.0,0.0,0.0,12.339733404786474
0.662877436402775,-1.056594226660387,0.6201758413482481,-0.446952073315139,0.0,0.0,0.0,0.0,12.630035608520458
0.46072292516955426,-1.0865256032549024,0.6201758413482481,-0.7650818782593443,0.0,0.0,0.0,0.0,12.158986279072735
0.4346688499640304,-1.0865256032549024,0.6154958863089497,-0.12882226837093372,0.0,0.0,0.0,0.0,12.219487265827034
-0.183775372936565,-1.0965027287864053,0.6201758413482481,-0.6855494270232929,0.0,0.0,0.0,0.0,12.341918233338216
-0.30583191400983195,-1.0765484777233996,0.6061359762303496,0.03024263410116893,0.0,0.0,0.0,0.0,12.3225259085418
-0.8835208666592166,-1.046617101128884,0.6061359762303496,-0.5264845245511903,0.0,0.0,0.0,0.0,12.141539457711714
-1.3790191523449913,-1.405793620263056,2.3189995206139016,-0.20835471960698504,1.0,0.0,0.0,0.0,11.305913595583258
-1.1923505974588289,-1.405793620263056,2.3143195655746,1.2232294026419388,1.0,0.0,0.0,0.0,11.140425970684525
-0.9011518372300229,-1.3958164947315534,2.3143195655746,-0.28788717084303633,1.0,0.0,0.0,0.0,11.250274159310356
-1.13945768574641,-1.4008050574973012,2.3143195655746,0.42790489028142553,1.0,0.0,0.0,0.0,11.192733974822708
-1.066631836979163,-1.4008050574973012,2.3143195655746,0.5869697927535281,1.0,0.0,0.0,0.0,11.222586532857163
-1.0244639963854838,-1.3908279319657983,2.3143195655746,-0.9241467807314468,1.0,0.0,0.0,0.0,11.685205103383671
-0.42971956478629847,-1.3808508064342957,2.3143195655746,-1.71947129309196,1.0,0.0,0.0,0.0,11.52979241483
-0.32037615679524484,-1.3858393692000435,2.3096396105353016,-0.5264845245511903,1.0,0.0,0.0,0.0,11.37940550085183
-0.6367919135081119,-1.3808508064342957,2.3096396105353016,-0.3674196220790877,1.0,0.0,0.0,0.0,11.324195417595107
-1.207836553805887,-1.4008050574973012,2.3096396105353016,1.1436969514058875,1.0,0.0,0.0,0.0,10.971657815702502
-0.6183238642158431,-1.4008050574973012,2.295599745417403,0.5869697927535281,1.0,0.0,0.0,0.0,11.229248693912288
-0.09624832912363071,-1.3958164947315534,2.295599745417403,-0.04928981713488239,1.0,0.0,0.0,0.0,11.372524818667134
-1.330625538760434,-1.4107821830288112,2.3143195655746,0.9050995976977334,1.0,0.0,0.0,0.0,11.267037714175425
-0.5362901495125072,-1.415770745794559,2.3143195655746,0.5074373415174769,1.0,0.0,0.0,0.0,11.233224789593368
-0.5705580596723829,-1.4107821830288112,2.3143195655746,1.1436969514058875,1.0,0.0,0.0,0.0,11.554077005184336
-1.290759664650777,-1.405793620263056,2.3096396105353016,0.7460346952256308,1.0,0.0,0.0,0.0,11.34333452885509
-0.626276112069738,-1.4207593085603138,2.3189995206139016,-0.3674196220790877,1.0,0.0,0.0,0.0,11.841516728140565
-0.8095440346499584,-1.4357249968575718,2.3283594306924984,-0.9241467807314468,1.0,0.0,0.0,0.0,10.971657815702502
0.032033984940514515,-1.4357249968575718,2.304959655496003,-0.9241467807314468,1.0,0.0,0.0,0.0,11.909692857375196
0.12222921717811071,-1.4207593085603138,2.3096396105353016,-1.4808739393838062,1.0,0.0,0.0,0.0,11.696088334428081
-1.162111128645992,-1.4107821830288112,2.3096396105353016,-0.446952073315139,1.0,0.0,0.0,0.0,11.408686542313973
-0.3831570609049407,-1.4107821830288112,2.3330393857317966,-1.5604063906198575,1.0,0.0,0.0,0.0,11.54346436927906
-0.22489686512841567,-1.4207593085603138,2.3236794756531998,-1.8785361955640627,1.0,0.0,0.0,0.0,11.719134432217524
-1.288980872367669,-1.405793620263056,2.3236794756531998,-0.5264845245511903,1.0,0.0,0.0,0.0,11.104972264124868
-1.1266922352441051,-1.4008050574973012,2.3283594306924984,-1.1627441344396008,1.0,0.0,0.0,0.0,11.561725152903833
-0.7682132727777418,-1.3958164947315534,2.3236794756531998,-1.71947129309196,1.0,0.0,0.0,0.0,11.620891583095712
-0.7649695927320743,-1.405793620263056,2.342399295810397,-1.2422765856756521,1.0,0.0,0.0,0.0,11.273411140805074
-0.8296339239650609,-1.3908279319657983,2.3330393857317966,-1.4013414881477548,1.0,0.0,0.0,0.0,11.45318607621936
-0.0999105485300297,-1.3808508064342957,2.3377193407710983,-1.4808739393838062,1.0,0.0,0.0,0.0,11.929007348474721
-0.03451377341576319,-1.3758622436685406,2.3236794756531998,-1.8785361955640627,1.0,0.0,0.0,0.0,11.618194976487304
-0.4584418284164843,-1.3708736809027857,2.3143195655746,-2.1171335492722165,1.0,0.0,0.0,0.0,11.645715332733134
-1.1891592348332525,-1.3608965553712828,2.3143195655746,-0.7650818782593443,1.0,0.0,0.0,0.0,11.500863005142227
-0.9681181349470318,-1.3908279319657983,2.304959655496003,-0.6855494270232929,1.0,0.0,0.0,0.0,11.079076314320059
-0.6408726722752421,-1.3908279319657983,2.3002797004567013,-0.6060169757872417,1.0,0.0,0.0,0.0,11.63780327310248
0.7003367091882269,-1.4407135596233196,2.2862398353388063,-1.2422765856756521,1.0,0.0,0.0,0.0,11.89478753335453
-0.408531009649276,-1.415770745794559,2.3002797004567013,-0.7650818782593443,1.0,0.0,0.0,0.0,11.367911253546788
-0.9622585838967935,-1.415770745794559,2.2909197903781044,-0.04928981713488239,1.0,0.0,0.0,0.0,11.184435286790631
-0.9162192542163499,-1.405793620263056,2.2909197903781044,-0.04928981713488239,1.0,0.0,0.0,0.0,11.299744620670225
0.028424082954207053,-1.405793620263056,2.2862398353388063,-0.3674196220790877,1.0,0.0,0.0,0.0,11.360950749348124
-0.7278765418872624,-1.4107821830288112,2.2815598802995045,-0.6855494270232929,1.0,0.0,0.0,0.0,11.518917476956224
-0.04534347937468557,-1.3958164947315534,2.2862398353388063,-0.8446143294953956,1.0,0.0,0.0,0.0,11.493752839181418
-1.0339334494220296,-1.3858393692000435,2.304959655496003,-1.0036792319674983,1.0,0.0,0.0,0.0,11.309596795779068
-0.9878418023214945,-1.3858393692000435,2.304959655496003,-1.3218090369117035,1.0,0.0,0.0,0.0,11.352768449837729
-0.6101623466815826,-1.3858393692000435,2.295599745417403,-0.9241467807314468,1.0,0.0,0.0,0.0,11.49069008091951
-0.885351976362416,-1.3908279319657983,2.3096396105353016,0.18930753657327157,1.0,0.0,0.0,0.0,11.255462171102444
-1.1479331078012192,-1.3858393692000435,2.3096396105353016,-0.8446143294953956,1.0,0.0,0.0,0.0,11.147656555612986
-0.9609506483945082,-1.3808508064342957,2.3096396105353016,-0.20835471960698504,1.0,0.0,0.0,0.0,11.125806040978839
-0.6890570161794336,-1.3758622436685406,2.3096396105353016,-1.0036792319674983,1.0,0.0,0.0,0.0,11.237185138527495
-0.2587985533476514,-1.3708736809027857,2.3096396105353016,-1.0832116832035494,1.0,0.0,0.0,0.0,11.448930795918299
-0.16954503467170057,-1.365885118137038,2.3002797004567013,-1.4013414881477548,1.0,0.0,0.0,0.0,11.513934955263402
-0.9844411700155528,-1.3808508064342957,2.2815598802995045,-1.0036792319674983,1.0,0.0,0.0,0.0,11.688566422839942
-0.1926170169320137,-1.3758622436685406,2.2862398353388063,-0.446952073315139,1.0,0.0,0.0,0.0,11.667370387218226
-0.275330858096538,-1.365885118137038,2.2721999702209077,-0.8446143294953956,1.0,0.0,0.0,0.0,11.681832447342321
-0.6421806077775275,-1.3509194298397802,2.2768799252602063,-0.6060169757872417,1.0,0.0,0.0,0.0,11.32781201446548
-0.905337230837336,-1.4107821830288112,2.3751589810854923,-0.5264845245511903,1.0,0.0,0.0,0.0,11.346882686945893
-1.1684415364770528,-1.4207593085603138,2.3377193407710983,-0.446952073315139,1.0,0.0,0.0,0.0,11.294781892900653
-1.1164903383262796,-1.4008050574973012,2.365799071006892,-0.6060169757872417,1.0,0.0,0.0,0.0,11.026808713825016
-1.1162287512258227,-1.3908279319657983,2.365799071006892,0.2688399878093229,1.0,0.0,0.0,0.0,11.01206667357142
-1.3059317164772868,-1.3858393692000435,2.3611191159675937,0.5869697927535281,1.0,0.0,0.0,0.0,10.943781931879723
-0.9611599180748739,-1.3908279319657983,2.3611191159675937,-0.04928981713488239,1.0,0.0,0.0,0.0,10.998777662206932
-0.8707030987368203,-1.4008050574973012,2.3564391609282955,-1.4808739393838062,1.0,0.0,0.0,0.0,11.091346218718432
-0.9753902563397383,-1.3908279319657983,2.351759205888994,-0.9241467807314468,1.0,0.0,0.0,0.0,11.235866764155578
-0.49307596051699976,-1.365885118137038,2.347079250849695,-1.4013414881477548,1.0,0.0,0.0,0.0,11.860768522363712
-0.02300394099565216,-1.3359537415425222,2.3236794756531998,-1.0036792319674983,1.0,0.0,0.0,0.0,11.762134344805622
-0.8096486694901411,-1.3259766160110196,2.3377193407710983,-1.0036792319674983,1.0,0.0,0.0,0.0,11.780667550692455
-0.1229302133702513,-1.3359537415425222,2.351759205888994,-1.0832116832035494,1.0,0.0,0.0,0.0,11.59451466851004
-0.7704629218416726,-1.3708736809027857,2.3751589810854923,-0.8446143294953956,1.0,0.0,0.0,0.0,11.565527402710426
-1.2478593801758182,-1.365885118137038,2.393878801242689,-0.8446143294953956,1.0,0.0,0.0,0.0,11.235866764155578
-0.5238386035307508,-1.345930867074025,2.2909197903781044,-0.9241467807314468,1.0,0.0,0.0,0.0,11.773757787382696
0.6708296842566698,-1.3259766160110196,2.3096396105353016,-0.8446143294953956,1.0,0.0,0.0,0.0,11.92371636583374
0.3571867508086477,-1.3309651787767673,2.2815598802995045,-0.446952073315139,1.0,0.0,0.0,0.0,11.66822691098345
-0.9570791593077436,-1.365885118137038,2.253480150063711,-1.4808739393838062,1.0,0.0,0.0,0.0,11.109473329472568
-0.970053879490414,-1.365885118137038,2.253480150063711,-0.28788717084303633,1.0,0.0,0.0,0.0,11.008760940077243
-1.3005430222078713,-1.355907992605535,2.248800195024409,0.10977508533722025,1.0,0.0,0.0,0.0,10.781058245898533
-0.984598122275827,-1.355907992605535,2.2441202399851106,-0.6060169757872417,1.0,0.0,0.0,0.0,10.998777662206932
-0.9995609044219711,-1.355907992605535,2.2628400601423078,-0.6855494270232929,1.0,0.0,0.0,0.0,11.050905878263567
-0.7935872215220773,-1.365885118137038,2.2628400601423078,-0.20835471960698504,1.0,0.0,0.0,0.0,11.097425172408931
-1.160593923463341,-1.3608965553712828,2.253480150063711,0.2688399878093229,1.0,0.0,0.0,0.0,11.134603622683905
-0.8368014105175845,-1.345930867074025,2.258160105103009,-1.1627441344396008,1.0,0.0,0.0,0.0,11.272139700982676
-0.14568829111001622,-1.3309651787767673,2.253480150063711,-0.12882226837093372,1.0,0.0,0.0,0.0,11.297266335365645
-0.5311107249234572,-1.3359537415425222,2.2394402849458124,-0.9241467807314468,1.0,0.0,0.0,0.0,11.499850357082506
-0.4293533428456585,-1.3259766160110196,2.2300803748672124,-0.8446143294953956,1.0,0.0,0.0,0.0,11.466891997618188
-1.3179647230983118,-1.345930867074025,2.225400419827914,-0.20835471960698504,1.0,0.0,0.0,0.0,10.985309671896763
-1.0633358395134036,-1.355907992605535,2.225400419827914,-0.9241467807314468,1.0,0.0,0.0,0.0,11.243751064074187
-0.3125808612016243,-1.3758622436685406,2.267520015181606,-0.20835471960698504,1.0,0.0,0.0,0.0,11.528808656597766
-0.9162192542163499,-1.3758622436685406,2.2628400601423078,0.10977508533722025,1.0,0.0,0.0,0.0,11.098939154318382
-0.28500958081344946,-1.3958164947315534,2.253480150063711,-0.8446143294953956,1.0,0.0,0.0,0.0,11.355113089309977
-0.9033491688738622,-1.425747871326069,2.2628400601423078,-1.0036792319674983,1.0,0.0,0.0,0.0,11.489667073393028
-0.5586296878915405,-1.4357249968575718,2.258160105103009,-1.0036792319674983,1.0,0.0,0.0,0.0,11.568369632551514
-0.3012279810417876,-1.3958164947315534,2.225400419827914,-1.3218090369117035,1.0,0.0,0.0,0.0,11.49782197939291
-0.5667388880057096,-1.3708736809027857,2.2394402849458124,-0.9241467807314468,1.0,0.0,0.0,0.0,11.245059091624615
-1.0896515018193844,-1.4905991872808477,2.393878801242689,-0.6855494270232929,1.0,0.0,0.0,0.0,11.218567827096358
-0.5611932414760199,-1.4955877500465957,2.3283594306924984,-0.12882226837093372,1.0,0.0,0.0,0.0,11.444657330797734
0.34499679192734845,-1.540484814938369,2.2862398353388063,-1.2422765856756521,1.0,0.0,0.0,0.0,12.050593583794214
-0.9162192542163499,-1.590370442595897,2.2300803748672124,-0.5264845245511903,1.0,0.0,0.0,0.0,11.72157244693173
-1.0435598547188496,-1.3808508064342957,2.538957407460969,0.3483724390453742,1.0,0.0,0.0,0.0,11.094390314766315
-0.846480133234496,-1.365885118137038,2.4593981717928797,-0.8446143294953956,1.0,0.0,0.0,0.0,11.274680966120778
-0.5768884675034438,-1.4357249968575718,2.440678351635683,-0.6855494270232929,1.0,0.0,0.0,0.0,11.588042213851855
-0.4427989198091517,-1.2461596117589757,2.487477902028677,-1.1627441344396008,1.0,0.0,0.0,0.0,11.200964361058276
-0.8639018341249366,-1.1563654819754363,2.4968378121072736,-0.20835471960698504,1.0,0.0,0.0,0.0,10.859018228147887
-0.7184594062708078,-1.1413997936781786,2.403238711321289,-0.9241467807314468,1.0,0.0,0.0,0.0,11.091346218718432
-0.37996569827936455,-1.1264341053809208,2.365799071006892,-1.1627441344396008,1.0,0.0,0.0,0.0,11.37940550085183
0.07163827194971448,-1.2511481745247306,2.342399295810397,-1.1627441344396008,1.0,0.0,0.0,0.0,11.857939686169175
-0.18696673556214122,-1.241171048993228,2.3002797004567013,-0.9241467807314468,1.0,0.0,0.0,0.0,11.522885696764481
-0.8250299909970166,-1.171331170272694,2.2862398353388063,-1.2422765856756521,1.0,0.0,0.0,0.0,11.507922973347437
-0.9024597727323082,-1.046617101128884,2.3283594306924984,-1.6399388418559087,1.0,0.0,0.0,0.0,11.294781892900653
-0.5705580596723829,-0.986754347939853,2.267520015181606,-1.1627441344396008,1.0,0.0,0.0,0.0,11.256754979390998
-1.1104215175956758,-1.0316514128316263,2.4640781268321783,-0.3674196220790877,1.0,0.0,0.0,0.0,11.410903813540878
-0.5074632510421385,-1.046617101128884,2.4500382617142797,0.18930753657327157,1.0,0.0,0.0,0.0,11.261909563554315
-0.4490770102201213,-1.0366399755973812,2.4547182167535815,-1.0832116832035494,1.0,0.0,0.0,0.0,11.023551435004947
-0.8419285176865432,-1.046617101128884,2.4593981717928797,-0.9241467807314468,1.0,0.0,0.0,0.0,10.96476135554887
-0.8593502185769838,-1.0266628500658714,2.4734380369107782,-0.446952073315139,1.0,0.0,0.0,0.0,11.07443600653965
-0.8041030229604512,-0.9169144692193192,2.4266384865177844,-1.0036792319674983,1.0,0.0,0.0,0.0,11.410903813540878
-0.5473814425718867,-0.9468458458138347,2.5670371376967624,-0.5264845245511903,1.0,0.0,0.0,0.0,11.39302644219128
-0.6310893147181479,-0.9368687202823318,2.529597497382369,0.3483724390453742,1.0,0.0,0.0,0.0,11.258046118484
-0.5746911358596044,-0.25343562137425096,1.8603639267625667,0.2688399878093229,1.0,0.0,0.0,0.0,11.196857635323791
-0.7409558969101157,-0.3282640628605398,1.8369641515660713,-1.1627441344396008,1.0,0.0,0.0,0.0,11.440365524765756
0.0033117213103286917,-0.5776922011481597,1.8697238368411666,-0.9241467807314468,1.0,0.0,0.0,0.0,11.433893080082035
-0.13145795284515174,-0.33325262562628766,1.8884436569983636,1.8594890125303492,1.0,0.0,0.0,0.0,11.136062390867204
-1.047012804444883,-0.6724748936974542,1.8369641515660713,1.541359207586144,1.0,0.0,0.0,0.0,11.106474871430772
-0.9476097062711978,-0.4679438203016075,1.8182443314088745,-0.20835471960698504,1.0,0.0,0.0,0.0,11.473155000731508
-1.0922673728239554,-1.0216742873001234,2.8759141702905193,0.9050995976977334,1.0,0.0,0.0,0.0,10.680539205318292
-1.1176413215682908,-1.176319733038449,2.913353810604913,-0.04928981713488239,1.0,0.0,0.0,0.0,10.691967639914864
-0.8591932663167094,-1.3758622436685406,2.913353810604913,-0.7650818782593443,1.0,0.0,0.0,0.0,10.978507040265917
-1.105137458166443,-1.47563349898359,2.889954035408418,-0.6060169757872417,1.0,0.0,0.0,0.0,10.922352923113982
-0.8975419352437154,-1.3409423043082773,2.8197547098189255,-0.9241467807314468,1.0,0.0,0.0,0.0,11.02518140064756
-1.0735900538513208,-1.530507689406866,2.9554734059586085,-0.8446143294953956,1.0,0.0,0.0,0.0,10.887455624298198
-0.6037796214304302,-1.839798580883517,2.913353810604913,-0.28788717084303633,1.0,0.0,0.0,0.0,11.075985169527042
-0.9999271263626109,-1.914627022369799,2.791674979583132,-0.446952073315139,1.0,0.0,0.0,0.0,11.088292827848269
-0.7947905221841798,-1.6701874468479339,2.8384745299761254,-0.446952073315139,1.0,0.0,0.0,0.0,11.034905792929415
-0.7667483850151824,-1.4905991872808477,2.833794574936824,-0.6060169757872417,1.0,0.0,0.0,0.0,11.157692338256169
-0.9506964340565912,-1.5155420011096083,2.8571943501333226,-1.0832116832035494,1.0,0.0,0.0,0.0,10.92775337907558
-0.29651941323356046,-1.530507689406866,2.8571943501333226,0.3483724390453742,1.0,0.0,0.0,0.0,11.305913595583258
-1.049942579970002,-1.530507689406866,2.852514395094021,0.5869697927535281,1.0,0.0,0.0,0.0,11.173262142245258
-0.8662038006089587,-1.530507689406866,2.852514395094021,1.7004241100582467,1.0,0.0,0.0,0.0,11.05407540279458
-1.0583656846047196,-1.5354962521726212,2.847834440054722,-1.0832116832035494,1.0,0.0,0.0,0.0,10.959557617938563
-0.7013516099009159,-1.5754047542986394,2.8665542602119194,-0.7650818782593443,1.0,0.0,0.0,0.0,11.45318607621936
-0.4028807282794036,-1.530507689406866,2.80571484470103,-0.7650818782593443,1.0,0.0,0.0,0.0,11.51293546492023
-0.8757255710655961,-1.4905991872808477,2.758915294308036,0.03024263410116893,1.0,0.0,0.0,0.0,11.017004873924424
-0.603361082069699,-1.6751760096136887,2.7355155191115377,-0.6855494270232929,1.0,0.0,0.0,0.0,11.284781934567633
-1.1232916029381632,-1.660210321316431,2.726155609032941,0.18930753657327157,1.0,0.0,0.0,0.0,11.03005541721757
-1.1512814226870693,-1.7500044510999706,2.6325565082469535,0.42790489028142553,1.0,0.0,0.0,0.0,11.055656405795794
-0.5909095360879426,-1.4008050574973012,2.763595249347335,-1.1627441344396008,1.0,0.0,0.0,0.0,11.303450570483712
-0.3930450533022178,-1.4556792479205773,2.7121157439150427,-0.7650818782593443,1.0,0.0,0.0,0.0,11.239816684367907
-1.1642561428697398,-1.4008050574973012,2.7121157439150427,1.30276185387799,1.0,0.0,0.0,0.0,10.740756721857226
-1.3635331959979329,-1.3958164947315534,2.7027558338364424,-0.04928981713488239,1.0,0.0,0.0,0.0,10.879951039444416
-1.1151300854039028,-1.405793620263056,2.7027558338364424,-0.446952073315139,1.0,0.0,0.0,0.0,11.291043617373028
-1.4046023707696922,-1.3708736809027857,2.655956283443452,1.30276185387799,1.0,0.0,0.0,0.0,11.183045451818261
-0.8994253623670063,-1.3608965553712828,2.66063623848275,-1.2422765856756521,1.0,0.0,0.0,0.0,11.308370569092329
-0.7448273859968803,-1.3608965553712828,2.655956283443452,0.03024263410116893,1.0,0.0,0.0,0.0,11.48350695288756
-0.5611932414760199,-1.3509194298397802,2.6887159687185473,-1.0832116832035494,1.0,0.0,0.0,0.0,11.609153405321658
-0.2220194070233879,-1.4357249968575718,2.6419164183255535,-1.0832116832035494,1.0,0.0,0.0,0.0,11.766023856597407
-0.9619969967963363,-1.3808508064342957,2.609156733050458,-0.20835471960698504,1.0,0.0,0.0,0.0,10.959557617938563
-0.8823175659971141,-1.345930867074025,2.618516643129055,0.9050995976977334,1.0,0.0,0.0,0.0,11.089820688682373
-1.194914151043308,-1.345930867074025,2.6044767780111595,1.8594890125303492,1.0,0.0,0.0,0.0,10.933124826700707
-1.4698945110437758,-1.0915141660206573,2.744875429190138,0.18930753657327157,1.0,0.0,0.0,0.0,10.440010162389305
-0.8528105410655571,-1.2561367372904857,2.66063623848275,1.8594890125303492,1.0,0.0,0.0,0.0,11.049317340813348
0.6409564373844728,-1.3209880532452645,1.1630506259069673,-1.0832116832035494,0.0,0.0,1.0,0.0,12.097936057925594
0.5619571330464389,-1.3060223649480067,1.167730580946269,-1.8785361955640627,0.0,0.0,1.0,0.0,12.277467297099491
-0.3659446296948657,-1.3159994904795096,1.1583706708676689,0.18930753657327157,0.0,0.0,1.0,0.0,11.782960235741939
-0.40811247028854475,-1.3159994904795096,1.1583706708676689,0.5074373415174769,0.0,0.0,1.0,0.0,11.732871910985468
-0.03838526250252757,-1.3159994904795096,1.1536907158283705,0.5869697927535281,0.0,0.0,1.0,0.0,11.774527900858468
-0.36175923608755267,-1.3209880532452645,1.1583706708676689,1.1436969514058875,0.0,0.0,1.0,0.0,11.632493573102964
-0.4862223784850248,-1.3209880532452645,1.1536907158283705,0.9050995976977334,0.0,0.0,1.0,0.0,11.622685289462678
-0.3954516546264228,-1.3209880532452645,1.1536907158283705,1.2232294026419388,0.0,0.0,1.0,0.0,11.61549107852535
-0.2199267102197314,-1.3209880532452645,1.1536907158283705,1.2232294026419388,0.0,0.0,1.0,0.0,11.625369830810577
-0.8385802028006926,-1.3209880532452645,1.1490107607890723,1.4618267563500926,0.0,0.0,1.0,0.0,11.39302644219128
-0.005006748484206138,-1.3159994904795096,1.1490107607890723,0.6665022439895795,0.0,0.0,1.0,0.0,11.751950239425476
-0.23033787681792275,-1.3209880532452645,1.1443308057497705,0.6665022439895795,0.0,0.0,1.0,0.0,11.459535236710686
1.0153922129787172,-1.3209880532452645,1.1396508507104721,-1.958068646800114,0.0,0.0,1.0,0.0,12.32474861573515
-0.8551648249696707,-1.3359537415425222,1.1490107607890723,1.541359207586144,0.0,0.0,1.0,0.0,11.383966460172834
-0.7265686063849771,-1.3259766160110196,1.1490107607890723,-0.20835471960698504,0.0,0.0,1.0,0.0,11.407576060361786
-1.347471748029869,-1.3409423043082773,1.1536907158283705,-0.3674196220790877,0.0,0.0,1.0,0.0,11.457423325808623
-1.4087877643770053,-1.3409423043082773,1.1536907158283705,0.10977508533722025,0.0,0.0,1.0,0.0,11.80036500801413
-0.8246637690563768,-1.3359537415425222,1.1536907158283705,1.8594890125303492,0.0,0.0,1.0,0.0,11.602775309696066
-0.5892353786450173,-1.3359537415425222,1.1536907158283705,1.8594890125303492,0.0,0.0,1.0,0.0,11.60733523953139
-0.717831597229711,-1.3359537415425222,1.1536907158283705,1.8594890125303492,0.0,0.0,1.0,0.0,11.904298410001253
-0.7618305475265894,-1.3259766160110196,1.1536907158283705,1.3822943051140413,0.0,0.0,1.0,0.0,11.438212694578302
-0.488158123028407,-1.3309651787767673,1.1536907158283705,1.6208916588221953,0.0,0.0,1.0,0.0,11.547336553476635
-0.4319168964301378,-1.3309651787767673,1.1583706708676689,1.8594890125303492,0.0,0.0,1.0,0.0,11.583393248239855
-0.8120552708143461,-1.3309651787767673,1.1583706708676689,1.064164500169836,0.0,0.0,1.0,0.0,11.504903373867316
-0.6693333488049709,-1.3259766160110196,1.1536907158283705,1.4618267563500926,0.0,0.0,1.0,0.0,11.438212694578302
0.18548097806862962,-1.3259766160110196,1.1630506259069673,1.6208916588221953,0.0,0.0,1.0,0.0,11.889997957243736
0.06473237249764777,-1.3259766160110196,1.1583706708676689,1.4618267563500926,0.0,0.0,1.0,0.0,11.860062063178267
-0.31906822129295953,-1.3259766160110196,1.167730580946269,0.03024263410116893,0.0,0.0,1.0,0.0,11.869907361794104
0.1138061125433933,-1.3309651787767673,1.167730580946269,0.6665022439895795,0.0,0.0,1.0,0.0,11.751162533892076
0.21655752560292868,-1.3309651787767673,1.1630506259069673,0.8255671464616822,0.0,0.0,1.0,0.0,11.934270483892945
0.07069655838806892,-1.3309651787767673,1.1630506259069673,1.064164500169836,0.0,0.0,1.0,0.0,12.02515610124372
-0.6747743604944779,-1.3359537415425222,1.1630506259069673,1.4618267563500926,0.0,0.0,1.0,0.0,11.606424915484219
-0.6607532919099791,-1.3359537415425222,1.1583706708676689,1.6208916588221953,0.0,0.0,1.0,0.0,11.54346436927906
-0.8782368072299839,-1.3359537415425222,1.1583706708676689,1.8594890125303492,0.0,0.0,1.0,0.0,11.49171204297103
-0.999037730221057,-1.3409423043082773,1.1583706708676689,1.8594890125303492,0.0,0.0,1.0,0.0,11.448930795918299
-1.1170658299472853,-1.3409423043082773,1.1583706708676689,1.8594890125303492,0.0,0.0,1.0,0.0,11.496806245590331
-0.6306707753574167,-1.3409423043082773,1.1583706708676689,1.8594890125303492,0.0,0.0,1.0,0.0,11.605513761992055
-0.40481647282278577,-1.3409423043082773,1.1630506259069673,-0.04928981713488239,0.0,0.0,1.0,0.0,11.549267037372665
-0.6186900861564828,-1.345930867074025,1.1630506259069673,1.30276185387799,0.0,0.0,1.0,0.0,11.624475784206961
0.0916758438447255,-1.3409423043082773,1.1770904910248658,-0.20835471960698504,0.0,0.0,1.0,0.0,11.710964518881163
0.32909229621955877,-1.3409423043082773,1.1770904910248658,-1.0036792319674983,0.0,0.0,1.0,0.0,11.725622642422277
0.7859280084577788,-1.3708736809027857,1.1630506259069673,-1.3218090369117035,0.0,0.0,1.0,0.0,11.922389234432126
-1.171632899102629,-1.3409423043082773,1.167730580946269,-0.04928981713488239,0.0,0.0,1.0,0.0,11.420821140914589
-0.07966370695465258,-1.3309651787767673,1.1724105359855674,-1.0832116832035494,0.0,0.0,1.0,0.0,11.787529896628678
0.301677968091658,-1.3309651787767673,1.1770904910248658,-1.4808739393838062,0.0,0.0,1.0,0.0,11.878269721588795
-0.09148744389531205,-1.3359537415425222,1.1770904910248658,-0.3674196220790877,0.0,0.0,1.0,0.0,11.724813914587886
0.8567134778414608,-1.3209880532452645,1.1770904910248658,-1.71947129309196,0.0,0.0,1.0,0.0,12.050009304398564
-1.1092705343536646,-1.3259766160110196,1.1770904910248658,0.3483724390453742,0.0,0.0,1.0,0.0,11.366754528799243
-0.8217339935312575,-1.3259766160110196,1.1724105359855674,0.5869697927535281,0.0,0.0,1.0,0.0,11.412010608265987
-0.6433315910195386,-1.2860681138850012,1.1256109855925736,-1.1627441344396008,0.0,0.0,1.0,0.0,12.034696963475044
-0.3866100106309739,-1.291056676650749,1.130290940631872,1.8594890125303492,0.0,0.0,1.0,0.0,12.128656901032139
0.4192352110370636,-1.291056676650749,1.130290940631872,0.42790489028142553,0.0,0.0,1.0,0.0,12.246739428005663
0.3998777656032408,-1.3060223649480067,1.1396508507104721,-0.6855494270232929,0.0,0.0,1.0,0.0,12.289958727201455
0.7599262506723465,-1.301033802182259,1.1396508507104721,-1.4808739393838062,0.0,0.0,1.0,0.0,12.215037342290755
1.3516885893263213,-1.296045239416504,1.1396508507104721,-1.0832116832035494,0.0,0.0,1.0,0.0,12.3000228100237
0.34311336480405735,-1.291056676650749,1.1396508507104721,-1.1627441344396008,0.0,0.0,1.0,0.0,12.15636230813118
0.29477206863959177,-1.296045239416504,1.1349708956711737,-1.0036792319674983,0.0,0.0,1.0,0.0,12.139403856983334
0.7794406483664438,-1.2860681138850012,1.1349708956711737,-1.4808739393838062,0.0,0.0,1.0,0.0,12.184854116317803
0.31695465475835083,-1.3110109277137618,1.1536907158283705,-1.8785361955640627,0.0,0.0,1.0,0.0,12.25486757159303
1.3064863383673402,-1.3060223649480067,1.1490107607890723,-1.6399388418559087,0.0,0.0,1.0,0.0,12.021554678392043
-0.30719216693220874,-1.2810795511192463,1.130290940631872,-0.12882226837093372,0.0,0.0,1.0,0.0,11.922389234432126
0.4184504497356924,-1.2810795511192463,1.1396508507104721,0.18930753657327157,0.0,0.0,1.0,0.0,11.871305953640322
-0.7760608857914538,-1.2661138628219886,1.1490107607890723,-1.4013414881477548,0.0,0.0,1.0,0.0,11.715874472198905
-0.2867883730965575,-1.2760909883534912,1.2285699964571581,0.9050995976977334,0.0,0.0,1.0,0.0,12.044735370544808
1.4192826960844271,-1.2860681138850012,1.2426098615750565,-0.9241467807314468,0.0,0.0,1.0,0.0,12.703207983522068
2.163341044624506,-1.301033802182259,1.2426098615750565,-0.8446143294953956,0.0,0.0,1.0,0.0,12.881567435377423
1.7697047758567126,-1.301033802182259,1.2145301313392596,-0.6060169757872417,0.0,0.0,1.0,0.0,12.677328615270097
0.7629083436175571,-1.2810795511192463,1.1817704460641643,-1.958068646800114,0.0,0.0,1.0,0.0,12.078812973059884
0.7199034243024154,-1.301033802182259,1.186450401103466,-1.71947129309196,0.0,0.0,1.0,0.0,11.991027463722105
1.1365593579104303,-1.2461596117589757,1.2285699964571581,-1.0832116832035494,1.0,0.0,0.0,0.0,12.194511067314858
0.7501952105353437,-1.2611253000562335,1.2192100863785613,-1.2422765856756521,0.0,0.0,1.0,0.0,12.180759965737863
0.6230638797132093,-1.241171048993228,1.2332499514964597,-1.1627441344396008,1.0,0.0,0.0,0.0,12.051177522006789
0.25234264094545555,-1.2461596117589757,1.2332499514964597,-1.6399388418559087,1.0,0.0,0.0,0.0,12.063362110324636
1.57524092537693,-1.2511481745247306,1.247289816614355,-2.1171335492722165,1.0,0.0,0.0,0.0,12.628725854927046
0.720112693982781,-1.231193923461725,1.237929906535758,-0.28788717084303633,1.0,0.0,0.0,0.0,11.779902152762993
0.320146017383927,-1.2262053606959702,1.237929906535758,-1.0832116832035494,1.0,0.0,0.0,0.0,11.87757552297847
1.4657405651256021,-1.2262053606959702,1.247289816614355,-1.8785361955640627,1.0,0.0,0.0,0.0,12.318959268856462
0.5680259537770427,-1.2112396723987124,1.237929906535758,-2.0376010980361654,1.0,0.0,0.0,0.0,11.993504229837974
0.8180509043939064,-1.2012625468672096,1.2426098615750565,-1.958068646800114,1.0,0.0,0.0,0.0,12.139403856983334
-0.7036535763849381,-1.2062511096329573,1.1770904910248658,0.5869697927535281,1.0,0.0,0.0,0.0,11.998439434579149
-0.6244450023665383,-1.2361824862274728,1.2285699964571581,0.2688399878093229,1.0,0.0,0.0,0.0,11.501874628783144
-0.03205485467146669,-1.2361824862274728,1.2238900414178597,0.6665022439895795,1.0,0.0,0.0,0.0,11.502885230075814
-0.2934850028682584,-1.241171048993228,1.2238900414178597,0.5869697927535281,1.0,0.0,0.0,0.0,11.502885230075814
-0.27020375092757964,-1.241171048993228,1.2238900414178597,0.42790489028142553,1.0,0.0,0.0,0.0,11.582460855933538
-0.5401616385992718,-1.231193923461725,1.2238900414178597,0.7460346952256308,1.0,0.0,0.0,0.0,11.45318607621936
1.2313585231160709,-1.2361824862274728,1.2238900414178597,0.8255671464616822,1.0,0.0,0.0,0.0,11.565527402710426
-0.5690931719098232,-1.231193923461725,1.2285699964571581,0.42790489028142553,1.0,0.0,0.0,0.0,11.570259974415547
-0.4093680883707388,-1.231193923461725,1.2238900414178597,0.2688399878093229,1.0,0.0,0.0,0.0,11.611874470755124
-0.7723463489649636,-1.231193923461725,1.2238900414178597,1.8594890125303492,1.0,0.0,0.0,0.0,11.736077016252437
-0.41072834129311536,-1.2361824862274728,1.2285699964571581,-0.6060169757872417,1.0,0.0,0.0,0.0,11.746423225963612
-0.6005359413847625,-1.2262053606959702,1.2332499514964597,-0.3674196220790877,1.0,0.0,0.0,0.0,11.682676678340282
-0.4806244145352436,-1.2262053606959702,1.2285699964571581,-0.28788717084303633,1.0,0.0,0.0,0.0,11.59451466851004
-0.6731525204716442,-1.221216797930215,1.2285699964571581,-0.12882226837093372,1.0,0.0,0.0,0.0,11.558863947911393
-0.38577293190951134,-1.2262053606959702,1.2238900414178597,0.5074373415174769,1.0,0.0,0.0,0.0,11.52387529615648
-0.34779048492314535,-1.221216797930215,1.2332499514964597,-0.6855494270232929,1.0,0.0,0.0,0.0,11.503894811084523
-0.35061562560808157,-1.221216797930215,1.2285699964571581,-0.6855494270232929,1.0,0.0,0.0,0.0,11.698583117470207
0.09711685553423234,-1.2162282351644673,1.2332499514964597,-0.9241467807314468,1.0,0.0,0.0,0.0,11.748795687555171
0.7258152927727451,-1.2112396723987124,1.2145301313392596,-2.196666000508268,1.0,0.0,0.0,0.0,12.161603382806213
0.8010477428641972,-1.2262053606959702,1.2192100863785613,-1.0036792319674983,1.0,0.0,0.0,0.0,11.968456114085114
-1.1451079671162827,-1.231193923461725,1.2192100863785613,-0.5264845245511903,1.0,0.0,0.0,0.0,11.37940550085183
-0.9840226306548213,-1.231193923461725,1.2192100863785613,0.10977508533722025,1.0,0.0,0.0,0.0,11.439289689006644
0.1120796376803765,-1.2262053606959702,1.2238900414178597,-1.2422765856756521,1.0,0.0,0.0,0.0,11.811554895830454
-0.009401411771884827,-1.2162282351644673,1.2238900414178597,-1.4013414881477548,1.0,0.0,0.0,0.0,11.834291315386718
0.41939216329733797,-1.2162282351644673,1.2238900414178597,-1.0036792319674983,1.0,0.0,0.0,0.0,11.785247676408115
-0.3969165423889824,-1.221216797930215,1.2238900414178597,-1.4808739393838062,1.0,0.0,0.0,0.0,11.748005492256807
0.5472036205806604,-1.2112396723987124,1.2238900414178597,-1.71947129309196,1.0,0.0,0.0,0.0,11.869907361794104
0.5409778475897824,-1.2012625468672096,1.2238900414178597,-1.958068646800114,1.0,0.0,0.0,0.0,11.852257893055606
0.37795676658493865,-1.2162282351644673,1.2285699964571581,-1.3218090369117035,1.0,0.0,0.0,0.0,11.847259703415569
-0.35490565405557745,-1.2062511096329573,1.2332499514964597,-1.0036792319674983,1.0,0.0,0.0,0.0,11.83138646878959
1.155132042042882,-1.2062511096329573,1.2285699964571581,-0.8446143294953956,1.0,0.0,0.0,0.0,12.472662584630097
-0.684400765791298,-1.181308295804197,1.2332499514964597,0.5074373415174769,1.0,0.0,0.0,0.0,11.305913595583258
-0.5443993496266761,-1.181308295804197,1.2800495018894502,-0.9241467807314468,1.0,0.0,0.0,0.0,11.696088334428081
-0.33308928987745834,-1.181308295804197,1.2800495018894502,-1.1627441344396008,1.0,0.0,0.0,0.0,11.876185678347824
-1.4939082068657346,-1.181308295804197,1.284729456928752,-0.28788717084303633,1.0,0.0,0.0,0.0,11.272139700982676
0.6060084007634089,-1.181308295804197,1.2753695468501518,-2.1171335492722165,1.0,0.0,0.0,0.0,12.23125781971899
0.41625311809185306,-1.2062511096329573,1.3315290073217425,-0.9241467807314468,1.0,0.0,0.0,0.0,12.429220196836383
0.5760305190510289,-1.2162282351644673,1.3128091871645455,-1.3218090369117035,1.0,0.0,0.0,0.0,12.54682499510009
0.5591319923615027,-1.2112396723987124,1.2987693220466472,-1.4013414881477548,1.0,0.0,0.0,0.0,12.606193498512562
-0.2104049397630943,-1.2461596117589757,1.2987693220466472,-0.9241467807314468,1.0,0.0,0.0,0.0,12.412277544454046
0.3263194729547138,-1.181308295804197,1.2987693220466472,-1.0832116832035494,1.0,0.0,0.0,0.0,12.471896304003637
-0.6127259002660619,-1.171331170272694,1.2800495018894502,-0.20835471960698504,1.0,0.0,0.0,0.0,12.174587138384211
1.124264764188948,-1.1912854213356996,1.2660096367715552,-1.0832116832035494,1.0,0.0,0.0,0.0,11.929666757272708
-0.1426538807447141,-1.1912854213356996,1.2660096367715552,-1.1627441344396008,1.0,0.0,0.0,0.0,11.874097282798648
1.0205193201476757,-1.1862968585699518,1.2706895918108534,-1.0036792319674983,1.0,0.0,0.0,0.0,11.919729676079623
0.28028014327427014,-1.181308295804197,1.2706895918108534,-1.6399388418559087,1.0,0.0,0.0,0.0,11.850118870058369
1.1692577454675634,-1.171331170272694,1.2660096367715552,-2.1171335492722165,1.0,0.0,0.0,0.0,12.10625783509458
0.18631805679009214,-1.1862968585699518,1.2660096367715552,-1.5604063906198575,1.0,0.0,0.0,0.0,11.864293351358109
0.5753503925898407,-1.1912854213356996,1.2613296817322535,-2.0376010980361654,1.0,0.0,0.0,0.0,11.972253562968545
0.08869375089951494,-1.1912854213356996,1.256649726692955,-1.3218090369117035,1.0,0.0,0.0,0.0,11.779902152762993
0.5225097982975133,-1.176319733038449,1.2519697716536566,-0.28788717084303633,1.0,0.0,0.0,0.0,12.429220196836383
-0.7550816003347973,-1.2012625468672096,1.2753695468501518,0.3483724390453742,1.0,0.0,0.0,0.0,11.52979241483
-0.7378691691247222,-1.2062511096329573,1.2706895918108534,1.30276185387799,1.0,0.0,0.0,0.0,11.541522639947903
-0.6830405128689212,-1.2112396723987124,1.2706895918108534,0.7460346952256308,1.0,0.0,0.0,0.0,11.744045122410057
0.1753837159909867,-1.2112396723987124,1.2706895918108534,0.42790489028142553,1.0,0.0,0.0,0.0,11.686046493072437
-0.13532944193191637,-1.2112396723987124,1.2706895918108534,-0.3674196220790877,1.0,0.0,0.0,0.0,11.973516181427835
-0.005843827205668657,-1.2162282351644673,1.2706895918108534,-0.8446143294953956,1.0,0.0,0.0,0.0,12.153204427390497
1.689345218596302,-1.2162282351644673,1.2753695468501518,-1.0832116832035494,1.0,0.0,0.0,0.0,12.66096580954966
0.15000976724665144,-1.2012625468672096,1.2753695468501518,0.10977508533722025,1.0,0.0,0.0,0.0,11.630717389475995
-0.07192072878112357,-1.1962739841014547,1.2706895918108534,-0.9241467807314468,1.0,0.0,0.0,0.0,11.711784520403112
0.35603576756663646,-1.1962739841014547,1.2660096367715552,-1.4013414881477548,1.0,0.0,0.0,0.0,11.753523791492476
0.1138061125433933,-1.1912854213356996,1.2706895918108534,-0.6855494270232929,1.0,0.0,0.0,0.0,11.672498559754418
0.007183210397093308,-1.1912854213356996,1.2660096367715552,-1.71947129309196,1.0,0.0,0.0,0.0,11.8515453936489
-0.5926883283710507,-1.1912854213356996,1.2753695468501518,-1.4013414881477548,1.0,0.0,0.0,0.0,12.295917919903431
0.29362108539758053,-1.2012625468672096,1.2706895918108534,-1.0036792319674983,1.0,0.0,0.0,0.0,11.795099898183592
0.09277450966664541,-1.2012625468672096,1.2660096367715552,-1.2422765856756521,1.0,0.0,0.0,0.0,11.811554895830454
0.08194480370772256,-1.1962739841014547,1.2660096367715552,-1.0036792319674983,1.0,0.0,0.0,0.0,11.750374207389497
-0.6709551888278048,-1.2012625468672096,1.2660096367715552,-0.8446143294953956,1.0,0.0,0.0,0.0,11.771443882099637
0.17653469923299792,-1.2062511096329573,1.2660096367715552,-1.2422765856756521,1.0,0.0,0.0,0.0,11.929666757272708
0.8722517516086106,-1.2112396723987124,1.2706895918108534,0.42790489028142553,1.0,0.0,0.0,0.0,11.820417517632333
1.1479122380702669,-1.2112396723987124,1.284729456928752,-1.0036792319674983,1.0,0.0,0.0,0.0,12.063362110324636
0.9949361017229744,-1.2162282351644673,1.2800495018894502,-1.0036792319674983,1.0,0.0,0.0,0.0,12.076538965678628
0.5660902092336607,-1.2162282351644673,1.2753695468501518,-0.04928981713488239,1.0,0.0,0.0,0.0,11.892737666219704
1.1512082355360258,-1.221216797930215,1.284729456928752,-1.0036792319674983,1.0,0.0,0.0,0.0,12.284888447015875
1.367122228253288,-1.221216797930215,1.2800495018894502,-1.0036792319674983,1.0,0.0,0.0,0.0,12.19602736016897
1.0818353364948117,-1.2162282351644673,1.2753695468501518,-1.0832116832035494,1.0,0.0,0.0,0.0,12.337982098521458
-0.5401616385992718,-1.2012625468672096,1.2800495018894502,-0.6060169757872417,1.0,0.0,0.0,0.0,11.621788838451959
-0.9257933420930785,-1.2012625468672096,1.2753695468501518,-0.3674196220790877,1.0,0.0,0.0,0.0,11.52387529615648
-0.13145795284515174,-1.2112396723987124,1.2800495018894502,-0.8446143294953956,1.0,0.0,0.0,0.0,11.736077016252437
-0.3136272096034525,-1.2062511096329573,1.2753695468501518,0.5074373415174769,1.0,0.0,0.0,0.0,11.67505281781187
-0.6016869246267736,-1.2112396723987124,1.2753695468501518,0.42790489028142553,1.0,0.0,0.0,0.0,11.685205103383671
-0.1874899097630553,-1.2062511096329573,1.2753695468501518,0.3483724390453742,1.0,0.0,0.0,0.0,11.34333452885509
-0.27857453814220573,-1.2112396723987124,1.2753695468501518,0.42790489028142553,1.0,0.0,0.0,0.0,11.817472029092508
-0.2996061410189539,-1.1214455426151657,1.2753695468501518,-0.20835471960698504,1.0,0.0,0.0,0.0,12.25486757159303
0.02858103521448116,-1.116456979849418,1.3362089623610443,-0.8446143294953956,1.0,0.0,0.0,0.0,12.092349482427034
0.028424082954207053,-1.0915141660206573,1.2987693220466472,-0.7650818782593443,1.0,0.0,0.0,0.0,11.448930795918299
-0.08902852515101556,-1.116456979849418,1.3174891422038473,-0.3674196220790877,1.0,0.0,0.0,0.0,11.763691965388299
-0.0878775419090046,-1.1214455426151657,1.3221690972431457,-1.4808739393838062,1.0,0.0,0.0,0.0,11.949895700065218
0.6330041895305779,-1.1364112309124235,1.3081292321252473,-2.1171335492722165,1.0,0.0,0.0,0.0,12.022756594390605
0.5152376769048072,-1.1264341053809208,1.3174891422038473,-1.0832116832035494,1.0,0.0,0.0,0.0,11.894104711087113
-0.31864968193222826,-1.1264341053809208,1.3174891422038473,0.2688399878093229,1.0,0.0,0.0,0.0,11.58525542883217
-0.8017487390563378,-1.1264341053809208,1.3174891422038473,0.5869697927535281,1.0,0.0,0.0,0.0,11.717505780625043
-0.8642157386454851,-1.1264341053809208,1.3081292321252473,-0.3674196220790877,1.0,0.0,0.0,0.0,11.493752839181418
0.02737773455237867,-1.116456979849418,1.3081292321252473,0.10977508533722025,1.0,0.0,0.0,0.0,11.798863517502989
-0.6546321537592839,-1.0915141660206573,1.2238900414178597,0.2688399878093229,1.0,0.0,0.0,0.0,12.26670197321789
-0.3047855656080038,-1.056594226660387,1.1817704460641643,0.3483724390453742,1.0,0.0,0.0,0.0,11.476271853988816
-0.8305233201066149,-1.056594226660387,1.1817704460641643,1.3822943051140413,1.0,0.0,0.0,0.0,11.460589521950299
-0.4433744114301573,-1.0765484777233996,1.167730580946269,0.9050995976977334,1.0,0.0,0.0,0.0,12.010063844310778
0.4923226469047681,-1.0815370404891473,1.1770904910248658,-0.5264845245511903,1.0,0.0,0.0,0.0,11.659628479662329
0.21190127521479307,-1.1314226681466757,1.167730580946269,0.3483724390453742,1.0,0.0,0.0,0.0,11.305913595583258
-0.1630053571602738,-1.4556792479205773,1.2098501762999612,0.3483724390453742,0.0,0.0,1.0,0.0,12.436394371990376
-0.5914850277089482,-1.415770745794559,1.1817704460641643,0.6665022439895795,0.0,0.0,1.0,0.0,12.447845587147512
-0.1703297959730718,-1.4357249968575718,1.247289816614355,-0.3674196220790877,0.0,0.0,1.0,0.0,12.460331069333806
-0.24755030802799777,-1.4457021223890745,1.247289816614355,-1.0832116832035494,0.0,0.0,0.0,0.0,12.252483791602627
0.4495793146900832,-1.4207593085603138,1.2519697716536566,-0.8446143294953956,0.0,0.0,1.0,0.0,12.71680126459136
-1.0084548658375112,-1.4307364340918167,1.2660096367715552,-0.28788717084303633,0.0,0.0,0.0,0.0,12.360941638737165
-0.7911806201978724,-1.4407135596233196,1.2426098615750565,-0.6060169757872417,0.0,0.0,1.0,0.0,12.062785246027499
-0.14547902142965058,-1.4407135596233196,1.2426098615750565,0.5074373415174769,0.0,0.0,1.0,0.0,12.512457475937662
1.005608855421623,-1.4357249968575718,1.237929906535758,-0.6855494270232929,0.0,0.0,1.0,0.0,12.603508942150482
-0.6856040664534006,-1.4457021223890745,1.2426098615750565,-1.1627441344396008,0.0,0.0,1.0,0.0,12.245298166364206
0.18176644124213912,-1.4357249968575718,1.2332499514964597,-0.28788717084303633,0.0,0.0,1.0,0.0,12.477247978276214
0.7006506137087751,-1.470644936217835,1.2332499514964597,-0.8446143294953956,0.0,0.0,0.0,0.0,12.422396998874374
1.0038300631385149,-1.47563349898359,1.256649726692955,-0.5264845245511903,0.0,0.0,0.0,0.0,12.713796463667077
-0.29636246097328617,-1.4556792479205773,1.256649726692955,0.10977508533722025,0.0,0.0,0.0,0.0,12.18332077348399
-0.3276482781879513,-1.4556792479205773,1.2519697716536566,-0.12882226837093372,0.0,0.0,0.0,0.0,12.18332077348399
-0.27161632127004776,-1.4556792479205773,1.247289816614355,-1.1627441344396008,0.0,0.0,0.0,0.0,12.17355461910053
-0.6405064503346022,-1.4506906851548296,1.247289816614355,-0.9241467807314468,0.0,0.0,0.0,0.0,12.051177522006789
-0.03990246768517874,-1.4556792479205773,1.2426098615750565,-0.20835471960698504,0.0,0.0,0.0,0.0,12.397110273442197
-0.16415634040228502,-1.4556792479205773,1.2332499514964597,-1.6399388418559087,0.0,0.0,1.0,0.0,12.269990661694345
0.2463784550550344,-1.4457021223890745,1.2660096367715552,-1.0832116832035494,0.0,0.0,0.0,0.0,12.472279517715116
-0.3157722238272005,-1.4556792479205773,1.256649726692955,-0.9241467807314468,0.0,0.0,0.0,0.0,12.07824495582233
-0.38650537579079103,-1.4506906851548296,1.256649726692955,0.18930753657327157,0.0,0.0,0.0,0.0,12.16577655436517
-0.8102241611111468,-1.4506906851548296,1.2519697716536566,0.03024263410116893,0.0,0.0,0.0,0.0,12.020953178232556
-0.5773593242842665,-1.4506906851548296,1.2519697716536566,-0.7650818782593443,0.0,0.0,0.0,0.0,12.137799158081608
-0.39937546113327893,-1.4506906851548296,1.256649726692955,1.064164500169836,0.0,0.0,0.0,0.0,11.913719681428494
0.21598203398192353,-1.4856106245150928,1.303449277085949,-0.3674196220790877,0.0,0.0,0.0,0.0,12.262930180777365
0.44335354169920516,-1.5005763128123506,1.284729456928752,-0.12882226837093372,0.0,0.0,0.0,0.0,12.633302506993136
0.13311124055712484,-1.4606678106863322,1.2940893670073488,0.5869697927535281,0.0,0.0,0.0,0.0,12.597104087640735
-0.4192037633479243,-1.4606678106863322,1.2706895918108534,-0.28788717084303633,0.0,0.0,0.0,0.0,12.014312686825066
-0.041524307708012485,-1.480622061749345,1.2753695468501518,0.9050995976977334,0.0,0.0,0.0,0.0,12.219980481653478
0.4309543131375403,-1.5155420011096083,1.2192100863785613,-0.28788717084303633,0.0,0.0,0.0,0.0,12.155310788851953
-0.20229573964892533,-1.5155420011096083,1.2192100863785613,-0.9241467807314468,0.0,0.0,0.0,0.0,12.132969552931216
-0.46519077560827665,-1.5155420011096083,1.2145301313392596,-0.8446143294953956,0.0,0.0,0.0,0.0,12.174587138384211
1.2178083113123948,-1.5205305638753635,1.2192100863785613,-0.7650818782593443,0.0,0.0,0.0,0.0,12.215037342290755
0.7161888874759248,-1.5155420011096083,1.2238900414178597,-0.8446143294953956,0.0,0.0,0.0,0.0,12.230282214644559
0.44403366816039336,-1.5105534383438535,1.2192100863785613,-1.0036792319674983,0.0,0.0,0.0,0.0,12.228328144428588
0.6323240630693897,-1.5155420011096083,1.2192100863785613,-0.8446143294953956,0.0,0.0,0.0,0.0,12.146858590895919
0.5148191375440754,-1.5105534383438535,1.2192100863785613,-1.0036792319674983,0.0,0.0,0.0,0.0,12.198045514142787
-0.08620338446607932,-1.5255191266411112,1.2238900414178597,-0.6855494270232929,0.0,0.0,0.0,0.0,12.111217862017215
0.08257261274881945,-1.5205305638753635,1.2192100863785613,0.3483724390453742,0.0,0.0,0.0,0.0,11.960817678718287
0.11506173062558707,-1.5205305638753635,1.2238900414178597,0.3483724390453742,0.0,0.0,0.0,0.0,12.044735370544808
0.4222173039822742,-1.5155420011096083,1.2285699964571581,-0.9241467807314468,0.0,0.0,0.0,0.0,12.279327754099118
-0.5238386035307508,-1.5205305638753635,1.2238900414178597,-0.6855494270232929,0.0,0.0,0.0,0.0,12.150036542839864
0.4065743953749419,-1.5205305638753635,1.2238900414178597,-0.3674196220790877,0.0,0.0,0.0,0.0,12.188422799337028
0.7818472496906488,-1.4955877500465957,1.2332499514964597,-1.71947129309196,0.0,0.0,0.0,0.0,12.431218191515056
-0.12402887919217097,-1.4656563734520873,1.186450401103466,-1.6399388418559087,0.0,0.0,1.0,0.0,12.414309644189709
0.6606801047589356,-1.5354962521726212,1.2332499514964597,-1.5604063906198575,0.0,0.0,0.0,0.0,12.365215131251702
0.38224679503243475,-1.5255191266411112,1.2285699964571581,-1.71947129309196,0.0,0.0,0.0,0.0,12.217511966297351
-0.8928856848555796,-1.540484814938369,1.2332499514964597,-1.0036792319674983,0.0,0.0,0.0,0.0,11.225256725762893
-0.7106641106771874,-1.5255191266411112,1.2192100863785613,1.30276185387799,0.0,0.0,0.0,0.0,11.8879382384223
-0.45116970702377784,-1.5255191266411112,1.2145301313392596,1.30276185387799,0.0,0.0,0.0,0.0,12.176133921127343
-0.41820973236618747,-1.530507689406866,1.2145301313392596,1.8594890125303492,0.0,0.0,0.0,0.0,12.349744326212377
0.10397043756620777,-1.530507689406866,1.2145301313392596,1.6208916588221953,0.0,0.0,0.0,0.0,12.3406079091076
0.08654873667576689,-1.5255191266411112,1.2098501762999612,0.42790489028142553,0.0,0.0,0.0,0.0,12.354927900740968
1.2174944067918465,-1.5255191266411112,1.2051702212606628,-0.5264845245511903,0.0,0.0,0.0,0.0,12.581425564973435
0.10151151882191103,-1.5255191266411112,1.2145301313392596,0.6665022439895795,0.0,0.0,0.0,0.0,12.318512543125225
-0.3689267226400763,-1.5354962521726212,1.2145301313392596,1.8594890125303492,0.0,0.0,0.0,0.0,12.210069646866993
-0.3009140765212392,-1.530507689406866,1.2145301313392596,1.8594890125303492,0.0,0.0,0.0,0.0,12.438378098156768
-0.22301343800512477,-1.5354962521726212,1.2145301313392596,1.8594890125303492,0.0,0.0,0.0,0.0,12.209073139542411
0.22461440829700657,-1.540484814938369,1.2004902662213643,0.8255671464616822,0.0,0.0,0.0,0.0,12.434406702831367
-0.7094608100150849,-1.530507689406866,1.2192100863785613,1.8594890125303492,0.0,0.0,0.0,0.0,12.404927602627597
-0.0442448135527659,-1.530507689406866,1.2192100863785613,0.9050995976977334,0.0,0.0,0.0,0.0,11.929007348474721
-0.24812579964900314,-1.5354962521726212,1.2238900414178597,-0.446952073315139,0.0,0.0,0.0,0.0,12.172003838488783
0.5617478633660733,-1.5354962521726212,1.2192100863785613,-0.3674196220790877,0.0,0.0,0.0,0.0,12.403286919899765
0.20860527774903428,-1.5354962521726212,1.2192100863785613,1.6208916588221953,0.0,0.0,0.0,0.0,12.335349374897772
-0.03990246768517874,-1.530507689406866,1.2238900414178597,0.18930753657327157,0.0,0.0,0.0,0.0,11.999054626138436
0.08110772498626004,-1.5554505032356267,1.2332499514964597,0.2688399878093229,0.0,0.0,0.0,0.0,12.560247968016562
0.10287177174428787,-1.5454733777041239,1.2238900414178597,0.2688399878093229,0.0,0.0,0.0,0.0,12.57245383112879
-0.02582908168058839,-1.550461940469879,1.2238900414178597,0.03024263410116893,0.0,0.0,0.0,0.0,12.631343648903034
0.6163672499415087,-1.5454733777041239,1.2192100863785613,0.03024263410116893,0.0,0.0,0.0,0.0,12.475339952160343
-0.33068268855325317,-1.595359005361645,1.2426098615750565,0.2688399878093229,0.0,0.0,0.0,0.0,12.498745990829315
0.26615443984958853,-1.5754047542986394,1.2285699964571581,0.5074373415174769,0.0,0.0,0.0,0.0,12.668865967876197
-0.1616451042378972,-1.5604390660013816,1.2145301313392596,1.4618267563500926,0.0,0.0,0.0,0.0,12.645298073119001
-0.7662252108142681,-1.5704161915328845,1.2706895918108534,-1.0036792319674983,0.0,0.0,0.0,0.0,11.998439434579149
0.2690842153747078,-1.5704161915328845,1.2519697716536566,-0.20835471960698504,0.0,0.0,0.0,0.0,12.421188057397055
-0.04644214519660525,-1.5454733777041239,1.2519697716536566,-0.04928981713488239,0.0,0.0,0.0,0.0,12.586906889141513
-0.25822306172664605,-1.5554505032356267,1.247289816614355,0.10977508533722025,0.0,0.0,0.0,0.0,12.58485491185508
-0.6771809618186829,-1.5754047542986394,1.2660096367715552,1.2232294026419388,0.0,0.0,0.0,0.0,12.252961002410009
0.3955877371557447,-1.5554505032356267,1.256649726692955,-1.0036792319674983,0.0,0.0,0.0,0.0,12.120520203776788
-0.09467880652088825,-1.5654276287671296,1.2613296817322535,-1.2422765856756521,0.0,0.0,0.0,0.0,11.967821801563451
0.16748378555718316,-1.5604390660013816,1.2519697716536566,-1.1627441344396008,0.0,0.0,0.0,0.0,12.46110626016646
-0.12523217985427368,-1.5604390660013816,1.2613296817322535,-1.0036792319674983,0.0,0.0,0.0,0.0,11.974777207691876
0.9338816724762953,-1.5554505032356267,1.256649726692955,-1.0832116832035494,0.0,0.0,0.0,0.0,12.057578437658945
-0.07495513914642545,-1.5554505032356267,1.2660096367715552,-0.446952073315139,0.0,0.0,0.0,0.0,12.004574385508691
-0.4543610696493541,-1.5604390660013816,1.2613296817322535,-0.20835471960698504,0.0,0.0,0.0,0.0,11.985432208809083
-0.6659850339191206,-1.5654276287671296,1.2660096367715552,-0.5264845245511903,0.0,0.0,0.0,0.0,11.7085004721646
-0.2622515030736848,-1.5604390660013816,1.2613296817322535,-0.20835471960698504,0.0,0.0,0.0,0.0,11.959538914341756
1.7524923446466378,-1.5554505032356267,1.2706895918108534,-1.3218090369117035,0.0,0.0,0.0,0.0,12.450198520182342
0.06844690932413829,-1.5554505032356267,1.2660096367715552,-1.0832116832035494,0.0,0.0,0.0,0.0,11.816734299348461
-0.800388486133961,-1.5654276287671296,1.2706895918108534,-1.4013414881477548,0.0,0.0,0.0,0.0,11.554077005184336
-0.049685825242272975,-1.5604390660013816,1.2706895918108534,-1.1627441344396008,0.0,0.0,0.0,0.0,11.89478753335453
-1.1891592348332525,-1.5604390660013816,1.2706895918108534,-1.1627441344396008,0.0,0.0,0.0,0.0,11.119897691565697
-0.549421821955452,-1.5604390660013816,1.2660096367715552,-0.7650818782593443,0.0,0.0,0.0,0.0,11.947955847790901
-0.3652645032336773,-1.5654276287671296,1.2660096367715552,-0.446952073315139,0.0,0.0,0.0,0.0,11.995357787034976
0.49546169211025254,-1.5554505032356267,1.2800495018894502,-1.6399388418559087,0.0,0.0,0.0,0.0,12.273735966890268
0.9027528075219045,-1.5654276287671296,1.2800495018894502,-1.0036792319674983,0.0,0.0,0.0,0.0,12.441148720271016
0.29723098738388803,-1.5554505032356267,1.2706895918108534,-1.0036792319674983,0.0,0.0,0.0,0.0,12.164213655182222
-0.7290798425493649,-1.5554505032356267,1.2753695468501518,-1.7990037443280114,0.0,0.0,0.0,0.0,12.086731521684555
0.607054749165237,-1.5604390660013816,1.2706895918108534,-1.0036792319674983,0.0,0.0,0.0,0.0,12.459943248455652
0.180353870899671,-1.5604390660013816,1.2753695468501518,-1.4013414881477548,0.0,0.0,0.0,0.0,12.333150131430498
0.6907626213114982,-1.5255191266411112,1.2660096367715552,-1.0832116832035494,0.0,0.0,0.0,0.0,12.692813546903102
0.23622887555730018,-1.550461940469879,1.2753695468501518,-1.6399388418559087,0.0,0.0,0.0,0.0,12.123239799036943
0.1088882750548003,-1.5554505032356267,1.2660096367715552,-1.3218090369117035,0.0,0.0,0.0,0.0,12.016128107502665
0.039515376013586595,-1.5454733777041239,1.2613296817322535,-1.958068646800114,0.0,0.0,0.0,0.0,12.302750072044772
-0.30897095921531686,-1.5554505032356267,1.2660096367715552,-1.0036792319674983,0.0,0.0,0.0,0.0,11.984184555794167
-0.4036654895807748,-1.550461940469879,1.2940893670073488,0.2688399878093229,0.0,0.0,0.0,0.0,11.859355104555387
-1.155048276933651,-1.5604390660013816,1.3081292321252473,-0.04928981713488239,0.0,0.0,0.0,0.0,11.644839300053654
-1.176916958531862,-1.5654276287671296,1.303449277085949,-0.446952073315139,0.0,0.0,0.0,0.0,11.769124610238766
-1.2751167560434444,-1.5654276287671296,1.2940893670073488,-0.9241467807314468,0.0,0.0,0.0,0.0,11.853681370708943
-0.9337455899469733,-1.5604390660013816,1.2894094119680504,-1.0036792319674983,0.0,0.0,0.0,0.0,12.032320268218989
1.3863227214268365,-1.5205305638753635,1.2940893670073488,-1.4808739393838062,0.0,0.0,0.0,0.0,12.690660037852133
0.25605717777194603,-1.540484814938369,1.3128091871645455,-0.9241467807314468,0.0,0.0,0.0,0.0,12.282575248266141
0.2523949583655468,-1.5454733777041239,1.3128091871645455,0.03024263410116893,0.0,0.0,0.0,0.0,12.187913766539234
-0.15055381117851768,-1.550461940469879,1.3081292321252473,-0.8446143294953956,0.0,0.0,0.0,0.0,12.164734893029634
1.5602781432307857,-1.5354962521726212,1.2940893670073488,-0.6060169757872417,0.0,0.0,0.0,0.0,12.74578014344445
0.9648012677503204,-1.5354962521726212,1.2800495018894502,-1.0832116832035494,0.0,0.0,0.0,0.0,12.748690497913287
0.3570821159684646,-1.5454733777041239,1.3081292321252473,-0.9241467807314468,0.0,0.0,0.0,0.0,12.187913766539234
-0.311272925699339,-1.5454733777041239,1.3081292321252473,-0.9241467807314468,0.0,0.0,0.0,0.0,12.219487265827034
0.07676537911867265,-1.540484814938369,1.303449277085949,-1.1627441344396008,0.0,0.0,0.0,0.0,12.247219387314328
1.1515744574766658,-1.550461940469879,1.3081292321252473,0.03024263410116893,0.0,0.0,0.0,0.0,12.720096150618835
-0.2501661790325684,-1.5005763128123506,1.3221690972431457,-1.0832116832035494,0.0,0.0,0.0,0.0,12.41674272554783
0.4287046640736097,-1.5155420011096083,1.303449277085949,-1.2422765856756521,0.0,0.0,0.0,0.0,12.467671232325932
0.032033984940514515,-1.5005763128123506,1.3081292321252473,-1.4808739393838062,0.0,0.0,0.0,0.0,12.503213591456063
-0.36270094964919825,-1.5055648755781055,1.3128091871645455,-1.1627441344396008,0.0,0.0,0.0,0.0,12.212059687374296
-0.21982207537954856,-1.5055648755781055,1.3081292321252473,-0.6855494270232929,0.0,0.0,0.0,0.0,12.286273802188468
1.0744585802619224,-1.4905991872808477,1.2987693220466472,-0.6855494270232929,0.0,0.0,0.0,0.0,12.85996171223744
-0.6665082081200346,-1.540484814938369,1.3221690972431457,-1.1627441344396008,0.0,0.0,0.0,0.0,12.306374889675654
0.29362108539758053,-1.540484814938369,1.3174891422038473,-0.20835471960698504,0.0,0.0,0.0,0.0,12.589636325399509
-0.4991447812476037,-1.5454733777041239,1.3174891422038473,-0.3674196220790877,0.0,0.0,0.0,0.0,12.399173397495133
-0.3320952588957215,-1.5454733777041239,1.3128091871645455,0.2688399878093229,0.0,0.0,0.0,0.0,12.056417678159836
-0.5051612845581164,-1.550461940469879,1.3128091871645455,0.03024263410116893,0.0,0.0,0.0,0.0,12.04179334395687
0.05249009619625703,-1.5604390660013816,1.3174891422038473,1.4618267563500926,0.0,0.0,0.0,0.0,12.157937516778192
0.07200449389035399,-1.550461940469879,1.3174891422038473,0.5869697927535281,0.0,0.0,0.0,0.0,12.002124919798158
-0.6037796214304302,-1.5554505032356267,1.3128091871645455,0.9050995976977334,0.0,0.0,0.0,0.0,11.990407312509369
-0.16959735209179208,-1.5554505032356267,1.3128091871645455,0.5074373415174769,0.0,0.0,0.0,0.0,12.033509321931893
-0.22065915410101133,-1.550461940469879,1.3128091871645455,0.5869697927535281,0.0,0.0,0.0,0.0,11.990407312509369
-0.30959876825641375,-1.5604390660013816,1.3128091871645455,1.30276185387799,0.0,0.0,0.0,0.0,12.091228412360461
0.022407579643694383,-1.5554505032356267,1.3174891422038473,0.5869697927535281,0.0,0.0,0.0,0.0,12.117246896289503
-0.009401411771884827,-1.5554505032356267,1.3128091871645455,0.18930753657327157,0.0,0.0,0.0,0.0,12.171486376730597
-0.8815851221158344,-1.5604390660013816,1.3128091871645455,1.064164500169836,0.0,0.0,0.0,0.0,12.013706813470414
-0.3048902004481866,-1.5604390660013816,1.3128091871645455,0.5074373415174769,0.0,0.0,0.0,0.0,11.969090024509446
-0.8632740250838398,-1.5654276287671296,1.3081292321252473,1.8594890125303492,0.0,0.0,0.0,0.0,11.774527900858468
-1.2418428768653058,-1.5654276287671296,1.3081292321252473,0.7460346952256308,0.0,0.0,0.0,0.0,11.728044909070785
-1.224525810815048,-1.5704161915328845,1.3128091871645455,1.8594890125303492,0.0,0.0,0.0,0.0,11.83138646878959
-1.3120528546279822,-1.5654276287671296,1.3128091871645455,1.8594890125303492,0.0,0.0,0.0,0.0,12.461880850543723
-1.1385682896048561,-1.5654276287671296,1.3128091871645455,-0.12882226837093372,0.0,0.0,0.0,0.0,12.765691290604371
-0.9851736138968324,-1.5704161915328845,1.326849052282444,0.03024263410116893,0.0,0.0,0.0,0.0,12.012493964400264
-0.5069400768412242,-1.5704161915328845,1.3221690972431457,0.5074373415174769,0.0,0.0,0.0,0.0,11.964007453736912
-0.3816921731423811,-1.5704161915328845,1.3174891422038473,0.9846320489337848,0.0,0.0,0.0,0.0,12.075400019877522
-0.8173393302435789,-1.5654276287671296,1.3221690972431457,1.064164500169836,0.0,0.0,0.0,0.0,12.04002396437039
-0.5081433775033269,-1.5654276287671296,1.3221690972431457,0.9846320489337848,0.0,0.0,0.0,0.0,11.978550773342342
-0.43521289389589685,-1.5654276287671296,1.3221690972431457,0.5869697927535281,0.0,0.0,0.0,0.0,12.026951960476097
-0.22039756700055418,-1.5654276287671296,1.3174891422038473,1.541359207586144,0.0,0.0,0.0,0.0,12.310887512348744
-1.439393455130482,-1.5604390660013816,1.3174891422038473,-0.20835471960698504,0.0,0.0,0.0,0.0,12.360084744326953
-0.8860321028236043,-1.5654276287671296,1.3174891422038473,1.8594890125303492,0.0,0.0,0.0,0.0,12.14844882928968
0.7662566585034076,-1.550461940469879,1.3315290073217425,-1.0832116832035494,0.0,0.0,0.0,0.0,12.407383590534293
-0.7345731716589632,-1.5454733777041239,1.326849052282444,-1.0036792319674983,0.0,0.0,0.0,0.0,12.177163782032679
0.4384357042106122,-1.550461940469879,1.3221690972431457,-0.9241467807314468,0.0,0.0,0.0,0.0,12.220473454337986
-0.42872553380456163,-1.5454733777041239,1.326849052282444,-0.7650818782593443,0.0,0.0,0.0,0.0,12.15636230813118
-0.7760608857914538,-1.550461940469879,1.3221690972431457,-1.0832116832035494,0.0,0.0,0.0,0.0,11.85864764578841
0.026069799050093368,-1.5654276287671296,1.3221690972431457,-0.446952073315139,0.0,0.0,0.0,0.0,12.27045959268099
0.6096183027497164,-1.5604390660013816,1.3221690972431457,0.03024263410116893,0.0,0.0,0.0,0.0,12.38923135181669
0.5879065734117799,-1.5554505032356267,1.3221690972431457,0.2688399878093229,0.0,0.0,0.0,0.0,12.52779738470044
0.15545077893615827,-1.5604390660013816,1.3174891422038473,0.8255671464616822,0.0,0.0,0.0,0.0,12.390479526523466
1.126671365513153,-1.5704161915328845,1.3315290073217425,-0.446952073315139,0.0,0.0,0.0,0.0,12.574531387009179
1.4304263065638982,-1.5654276287671296,1.3408889174003427,-1.0832116832035494,0.0,0.0,0.0,0.0,12.709574515966183
0.17203540110513618,-1.540484814938369,1.3315290073217425,-1.0036792319674983,0.0,0.0,0.0,0.0,12.15636230813118
-0.5499973135764573,-1.540484814938369,1.3315290073217425,-1.0036792319674983,0.0,0.0,0.0,0.0,12.134582014379962
-0.059940039580189994,-1.540484814938369,1.326849052282444,-0.446952073315139,0.0,0.0,0.0,0.0,12.058737851357439
0.09858174329679222,-1.5354962521726212,1.3221690972431457,-1.1627441344396008,0.0,0.0,0.0,0.0,12.143138170555755
-0.31875431677241106,-1.540484814938369,1.3315290073217425,-0.6060169757872417,0.0,0.0,0.0,0.0,12.079380667837011
0.4571130231832468,-1.540484814938369,1.326849052282444,-0.6855494270232929,0.0,0.0,0.0,0.0,12.157412722878947
1.4696643716324578,-1.5554505032356267,1.345568872439641,-0.8446143294953956,0.0,0.0,0.0,0.0,12.653961664405365
-0.009558364032158933,-1.5354962521726212,1.326849052282444,-0.3674196220790877,0.0,0.0,0.0,0.0,12.27560337234701
1.4251945645547566,-1.5105534383438535,1.3315290073217425,-0.9241467807314468,0.0,0.0,0.0,0.0,12.74110588624638
0.9969764811065398,-1.5255191266411112,1.3408889174003427,-0.7650818782593443,0.0,0.0,0.0,0.0,12.48975046163757
0.8526850364944221,-1.5354962521726212,1.3315290073217425,-0.9241467807314468,0.0,0.0,0.0,0.0,12.35363452394233
0.8435294879784248,-1.5853818798301422,1.3596087375575394,-1.7990037443280114,0.0,0.0,0.0,0.0,12.44588057164006
-0.7241096876406806,-1.6003475681274,1.3502488274789426,-0.446952073315139,0.0,0.0,0.0,0.0,12.165255859329688
-0.06606117773088525,-1.605336130893155,1.3408889174003427,-0.8446143294953956,0.0,0.0,0.0,0.0,12.422396998874374
-0.42966724736620693,-1.590370442595897,1.3502488274789426,-1.7990037443280114,0.0,0.0,0.0,0.0,12.319852122072682
0.822811789622225,-1.5853818798301422,1.3408889174003427,-1.0036792319674983,0.0,0.0,0.0,0.0,12.437585079848033
-0.9475573888511063,-1.5754047542986394,1.3221690972431457,-1.1627441344396008,0.0,0.0,0.0,0.0,11.81599602495741
-0.07830345403227598,-1.5754047542986394,1.326849052282444,-1.0036792319674983,0.0,0.0,0.0,0.0,11.960817678718287
-0.4210871904712152,-1.5803933170643873,1.326849052282444,-1.0036792319674983,0.0,0.0,0.0,0.0,11.993504229837974
-0.6359548347866494,-1.5803933170643873,1.3221690972431457,-1.5604063906198575,0.0,0.0,0.0,0.0,11.424105180165641
0.35300135720133463,-1.5803933170643873,1.3315290073217425,-1.3218090369117035,0.0,0.0,0.0,0.0,12.091228412360461
0.3481358371328329,-1.5853818798301422,1.3315290073217425,-1.958068646800114,0.0,0.0,0.0,0.0,12.192992471824816
0.4544971521786762,-1.6153132564246577,1.3221690972431457,-0.04928981713488239,0.0,0.0,0.0,0.0,12.423604480576804
-0.45075116766304657,-1.5853818798301422,1.3221690972431457,-1.2422765856756521,0.0,0.0,0.0,0.0,11.869207331664223
-0.6476216194670346,-1.5853818798301422,1.3221690972431457,-1.0036792319674983,0.0,0.0,0.0,0.0,11.897514169490739
0.3342717208086087,-1.590370442595897,1.3221690972431457,-1.1627441344396008,0.0,0.0,0.0,0.0,12.202069644200355
0.17255857530605048,-1.590370442595897,1.3221690972431457,-1.1627441344396008,0.0,0.0,0.0,0.0,12.269521510708264
-1.127058457184745,-1.5754047542986394,1.3221690972431457,-1.1627441344396008,0.0,0.0,0.0,0.0,11.918397239722838
0.029627383616309542,-1.5803933170643873,1.3174891422038473,-0.9241467807314468,0.0,0.0,0.0,0.0,12.048839720461636
0.10648167373059532,-1.5803933170643873,1.3174891422038473,-0.28788717084303633,0.0,0.0,0.0,0.0,12.09626335986454
-0.6375766748094831,-1.5803933170643873,1.3128091871645455,-0.446952073315139,0.0,0.0,0.0,0.0,11.904298410001253
-0.0006644026166187388,-1.5754047542986394,1.3128091871645455,-0.6855494270232929,0.0,0.0,0.0,0.0,11.8515453936489
-0.36442742451221477,-1.5704161915328845,1.3128091871645455,1.541359207586144,0.0,0.0,0.0,0.0,11.852257893055606
-0.7723463489649636,-1.5754047542986394,1.3128091871645455,-0.04928981713488239,0.0,0.0,0.0,0.0,11.892737666219704
-0.15264650798217422,-1.5803933170643873,1.3128091871645455,-0.9241467807314468,0.0,0.0,0.0,0.0,12.009455390434104
-0.44060158816531236,-1.5803933170643873,1.3081292321252473,-1.4013414881477548,0.0,0.0,0.0,0.0,11.86569981146014
-0.08531398832452528,-1.5754047542986394,1.3081292321252473,-1.0832116832035494,0.0,0.0,0.0,0.0,12.029341433599432
-0.1292606212013124,-1.590370442595897,1.3174891422038473,-1.6399388418559087,0.0,0.0,0.0,0.0,12.120520203776788
0.4200722897585262,-1.6203018191904057,1.3128091871645455,-0.446952073315139,0.0,0.0,0.0,0.0,12.627086246885055
0.4457601430234101,-1.590370442595897,1.3128091871645455,-1.4013414881477548,0.0,0.0,0.0,0.0,12.044735370544808
-0.027137017182873927,-1.590370442595897,1.3128091871645455,-1.1627441344396008,0.0,0.0,0.0,0.0,12.100717685412471
0.05249009619625703,-1.6003475681274,1.3128091871645455,-1.1627441344396008,0.0,0.0,0.0,0.0,12.752171779406325
0.607787193046517,-1.605336130893155,1.303449277085949,-1.5604063906198575,0.0,0.0,0.0,0.0,12.131354487250757
-0.7854257039878169,-1.5803933170643873,1.303449277085949,1.064164500169836,0.0,0.0,0.0,0.0,11.856522261533737
-0.8840963582802221,-1.5754047542986394,1.3081292321252473,0.03024263410116893,0.0,0.0,0.0,0.0,11.872004516724523
-0.6815756251063616,-1.5704161915328845,1.3081292321252473,0.18930753657327157,0.0,0.0,0.0,0.0,11.783723297487764
-1.0099720710201623,-1.5704161915328845,1.303449277085949,-0.20835471960698504,0.0,0.0,0.0,0.0,11.891368749982085
-0.4077462483479048,-1.5704161915328845,1.303449277085949,-0.20835471960698504,0.0,0.0,0.0,0.0,11.876185678347824
0.2490466434796963,-1.5754047542986394,1.303449277085949,-0.20835471960698504,0.0,0.0,0.0,0.0,11.918397239722838
-0.5611932414760199,-1.5704161915328845,1.303449277085949,0.10977508533722025,0.0,0.0,0.0,0.0,11.933614104849879
-0.40120657083647826,-1.5754047542986394,1.2800495018894502,0.9050995976977334,0.0,0.0,0.0,0.0,12.118884889350285
-0.6328157895811645,-1.5853818798301422,1.3081292321252473,0.5869697927535281,0.0,0.0,0.0,0.0,11.912379207638454
-0.6720538546497244,-1.6003475681274,1.2987693220466472,1.1436969514058875,0.0,0.0,0.0,0.0,11.87757552297847
-0.5892353786450173,-1.595359005361645,1.2894094119680504,0.5074373415174769,0.0,0.0,0.0,0.0,12.193498926601634
0.048409337429126786,-1.5853818798301422,1.2987693220466472,-0.9241467807314468,0.0,0.0,0.0,0.0,12.013706813470414
-0.5709242816130227,-1.6203018191904057,1.2987693220466472,0.2688399878093229,0.0,0.0,0.0,0.0,12.039433474778324
-0.4780608609507643,-1.6302789447219155,1.303449277085949,0.03024263410116893,0.0,0.0,0.0,0.0,12.377084656489986
-0.10964158866703241,-1.6402560702534184,1.303449277085949,0.7460346952256308,0.0,0.0,0.0,0.0,12.406565597924235
0.13012914761191427,-1.6302789447219155,1.2987693220466472,-0.7650818782593443,0.0,0.0,0.0,0.0,12.22881702007325
-0.39477152816523436,-1.6252903819561606,1.2940893670073488,0.6665022439895795,0.0,0.0,0.0,0.0,12.092349482427034
-0.10812438348438148,-1.6302789447219155,1.2940893670073488,-1.0832116832035494,0.0,0.0,0.0,0.0,12.177678315028167
-0.04037332446600129,-1.6003475681274,1.2800495018894502,-0.6060169757872417,0.0,0.0,0.0,0.0,12.07254696717504
0.0043580697121568404,-1.6203018191904057,1.2940893670073488,0.9050995976977334,0.0,0.0,0.0,0.0,12.282575248266141
0.15529382667588393,-1.6103246936589029,1.2800495018894502,-0.20835471960698504,0.0,0.0,0.0,0.0,12.457613159362927
-0.4870594572064873,-1.6103246936589029,1.2894094119680504,-0.20835471960698504,0.0,0.0,0.0,0.0,12.023957067521133
0.292679371835935,-1.6302789447219155,1.2894094119680504,-1.0036792319674983,0.0,0.0,0.0,0.0,12.287196307223885
-0.7399095485082873,-1.6252903819561606,1.2894094119680504,-0.7650818782593443,0.0,0.0,0.0,0.0,12.469593932696368
-0.13145795284515174,-1.6203018191904057,1.2894094119680504,-0.5264845245511903,0.0,0.0,0.0,0.0,12.361797799507952
0.4530322644161168,-1.6203018191904057,1.2894094119680504,0.2688399878093229,0.0,0.0,0.0,0.0,12.392141339694389
0.3332253724067805,-1.6203018191904057,1.284729456928752,-0.12882226837093372,0.0,0.0,0.0,0.0,12.468056068255885
0.6048051001013064,-1.590370442595897,1.2706895918108534,0.10977508533722025,0.0,0.0,0.0,0.0,12.312237337751334
0.33401013370815175,-1.6452446330191732,1.2894094119680504,0.42790489028142553,0.0,0.0,0.0,0.0,12.511352710974496
0.37209721553470054,-1.595359005361645,1.2613296817322535,0.2688399878093229,0.0,0.0,0.0,0.0,12.580050526513531
0.06039002663006037,-1.6203018191904057,1.2613296817322535,-0.28788717084303633,0.0,0.0,0.0,0.0,12.405337353054348
0.6179367725442512,-1.6502331957849212,1.2660096367715552,-0.6855494270232929,0.0,0.0,0.0,0.0,12.528884140515583
0.7327735096449032,-1.6153132564246577,1.2753695468501518,-0.8446143294953956,0.0,0.0,0.0,0.0,12.590998254919084
0.296864765443248,-1.6352675074876635,1.2800495018894502,-1.0036792319674983,0.0,0.0,0.0,0.0,12.628070334272698
0.9888672809923706,-1.655221758550676,1.284729456928752,-1.0036792319674983,0.0,0.0,0.0,0.0,12.496878583628968
-0.22453064318777594,-1.6402560702534184,1.3128091871645455,0.18930753657327157,0.0,0.0,0.0,0.0,12.252483791602627
0.6670105125899968,-1.655221758550676,1.303449277085949,-0.04928981713488239,0.0,0.0,0.0,0.0,12.499864763577847
0.08806594185841804,-1.6452446330191732,1.3081292321252473,0.5869697927535281,0.0,0.0,0.0,0.0,12.056417678159836
0.41552067421057315,-1.665198884082179,1.3081292321252473,-0.7650818782593443,0.0,0.0,0.0,0.0,12.505439929198145
0.33207438916476933,-1.655221758550676,1.2940893670073488,-0.5264845245511903,0.0,0.0,0.0,0.0,12.600817159541924
-0.6592884041474196,-1.7300502000369649,1.3362089623610443,0.10977508533722025,0.0,0.0,0.0,1.0,11.794345471549745
-0.9525275437597905,-1.720073074505455,1.3221690972431457,1.8594890125303492,0.0,0.0,0.0,1.0,11.695255355062795
-0.406124408325071,-1.7001188234424494,1.3128091871645455,0.03024263410116893,0.0,0.0,0.0,0.0,11.9959748767362
-1.3105879668654226,-1.715084511739707,1.3315290073217425,0.6665022439895795,0.0,0.0,0.0,1.0,11.680987503016127
-0.33732700090486273,-1.720073074505455,1.3596087375575394,0.5074373415174769,0.0,0.0,0.0,0.0,11.827013315851762
-0.629729061795771,-1.7100959489739522,1.345568872439641,0.3483724390453742,0.0,0.0,0.0,1.0,11.938853113303086
-1.020069333097805,-1.6951302606766945,1.3408889174003427,1.2232294026419388,0.0,0.0,0.0,0.0,11.795853756086931
-0.92066623492412,-1.6951302606766945,1.354928782518241,1.541359207586144,0.0,0.0,0.0,0.0,11.499850357082506
-0.08473849670351968,-1.6801645723794367,1.354928782518241,1.6208916588221953,0.0,0.0,0.0,0.0,11.910365121788654
-0.6511792040332505,-1.6801645723794367,1.3408889174003427,1.3822943051140413,0.0,0.0,0.0,0.0,11.669937760751914
-0.12659243277665028,-1.665198884082179,1.3362089623610443,0.6665022439895795,0.0,0.0,0.0,0.0,11.89478753335453
-0.6840868612707494,-1.6502331957849212,1.3221690972431457,-0.28788717084303633,0.0,0.0,0.0,0.0,12.426015078728476
0.43644764224713845,-1.6352675074876635,1.3221690972431457,-0.5264845245511903,0.0,0.0,0.0,0.0,12.492006941510096
-0.6116272344441422,-1.6801645723794367,1.3362089623610443,0.6665022439895795,0.0,0.0,0.0,0.0,11.670792089258995
0.3263194729547138,-1.665198884082179,1.3221690972431457,-0.8446143294953956,0.0,0.0,0.0,0.0,12.436791432162119
0.6169427415625144,-1.5704161915328845,1.3783285577147364,-1.958068646800114,0.0,0.0,0.0,0.0,12.3917261452321
-0.007674936908868033,-1.6203018191904057,1.3642886925968378,-1.6399388418559087,0.0,0.0,0.0,0.0,12.181272652174695
-0.11403625195471111,-1.6352675074876635,1.3502488274789426,-1.2422765856756521,0.0,0.0,0.0,0.0,12.118339189722553
0.2068264854659262,-1.6003475681274,1.354928782518241,-1.5604063906198575,0.0,0.0,0.0,0.0,12.432415074973783
-1.4235412768427838,-1.6153132564246577,1.3596087375575394,-1.3218090369117035,0.0,0.0,0.0,0.0,11.844392338493027
-0.31404574896418397,-1.6203018191904057,1.354928782518241,-0.12882226837093372,0.0,0.0,0.0,0.0,12.06047445534465
-0.052040109146386425,-1.605336130893155,1.3596087375575394,-1.8785361955640627,0.0,0.0,0.0,0.0,12.272800954830618
-0.0733332991235917,-1.6452446330191732,1.3923684228326347,-0.446952073315139,0.0,0.0,0.0,0.0,12.065090709265014
-0.882055978896657,-1.6452446330191732,1.3970483778719331,1.8594890125303492,0.0,0.0,0.0,0.0,11.982935344196433
-0.2484920215896431,-1.6402560702534184,1.3923684228326347,1.8594890125303492,0.0,0.0,0.0,0.0,12.118884889350285
-0.5927929632112335,-1.6402560702534184,1.3970483778719331,0.5074373415174769,0.0,0.0,0.0,0.0,12.066816325306588
-0.36034666574508456,-1.6452446330191732,1.3970483778719331,-0.8446143294953956,0.0,0.0,0.0,0.0,12.078812973059884
-0.004274304602926201,-1.6203018191904057,1.4064082879505333,0.03024263410116893,0.0,0.0,0.0,0.0,12.147388951394372
-0.3301595143523391,-1.6252903819561606,1.3783285577147364,-0.9241467807314468,0.0,0.0,0.0,0.0,12.036475785297062
0.08011369400452319,-1.6203018191904057,1.3923684228326347,0.9846320489337848,0.0,0.0,0.0,0.0,12.214541681788218
0.3740852774981743,-1.6352675074876635,1.3970483778719331,-1.0036792319674983,0.0,0.0,0.0,0.0,12.407383590534293
0.4244146356261136,-1.715084511739707,1.4204481530684319,0.3483724390453742,0.0,0.0,0.0,0.0,12.413903554462665
0.6404855806036502,-1.6801645723794367,1.373648602675438,0.3483724390453742,0.0,0.0,0.0,0.0,12.493883459694384
0.10559227758904151,-1.6801645723794367,1.4064082879505333,-0.20835471960698504,0.0,0.0,0.0,0.0,12.57002454806453
-0.4693238517954982,-1.6851531351451916,1.4485278833042254,0.6665022439895795,0.0,0.0,0.0,0.0,11.927026509139932
-0.07380415590441448,-1.6452446330191732,1.4251281081077303,0.2688399878093229,0.0,0.0,0.0,0.0,12.337105293891872
0.015710949871993535,-1.5604390660013816,1.4157681980291301,1.1436969514058875,0.0,0.0,0.0,0.0,12.25486757159303
-0.2622515030736848,-1.72506163727121,1.4766076135400223,-1.0036792319674983,0.0,0.0,0.0,0.0,12.05467400868968
-0.44536247339363105,-1.720073074505455,1.4859675236186225,0.5074373415174769,0.0,0.0,0.0,0.0,11.853681370708943
-0.3315720846948072,-1.720073074505455,1.4859675236186225,1.30276185387799,0.0,0.0,0.0,0.0,11.840796531639839
-0.18869321042515777,-1.715084511739707,1.4812875685793208,-0.6060169757872417,0.0,0.0,0.0,0.0,11.80036500801413
-0.32524167686374633,-1.715084511739707,1.4766076135400223,0.2688399878093229,0.0,0.0,0.0,0.0,11.806348526363516
-0.5450794760878646,-1.7599815766314735,1.4766076135400223,-0.6855494270232929,0.0,0.0,0.0,0.0,12.010063844310778
-0.294949890630818,-1.9545355244958171,1.4344880181863302,-1.5604063906198575,0.0,0.0,0.0,1.0,12.596089034314039
-0.6064478098550924,-1.8298214553520074,1.4344880181863302,0.7460346952256308,0.0,0.0,0.0,1.0,11.785247676408115
-0.27344743097324714,-1.8348100181177622,1.3596087375575394,-0.12882226837093372,0.0,0.0,0.0,1.0,11.967187086434018
0.021151961561500607,-1.7500044510999706,1.284729456928752,-0.04928981713488239,0.0,0.0,0.0,1.0,12.357079818283598
-0.49114021597361757,-1.6901416979109396,1.303449277085949,1.7004241100582467,0.0,0.0,0.0,0.0,11.719134432217524
-0.7926978253805232,-1.7450158883342157,1.3221690972431457,0.18930753657327157,0.0,0.0,0.0,1.0,11.630717389475995
-0.009087507251336151,-1.720073074505455,1.2753695468501518,-1.0036792319674983,0.0,0.0,0.0,1.0,12.501726607862306
0.9250923459009379,-1.7100959489739522,1.2613296817322535,-1.6399388418559087,0.0,0.0,0.0,1.0,12.807107278406626
-0.2840678672518041,-0.6325663915714358,1.069451525120983,-0.12882226837093372,1.0,0.0,0.0,0.0,12.246739428005663
-0.3189112690326852,-0.6076235777426753,1.0226519747279892,-0.9241467807314468,1.0,0.0,0.0,0.0,12.504327379899443
-0.09059804775375802,-0.6624977681659513,1.0179720196886908,-0.12882226837093372,1.0,0.0,0.0,0.0,12.062785246027499
-0.8757255710655961,-0.6624977681659513,0.9945722444921922,-0.6855494270232929,1.0,0.0,0.0,0.0,11.959538914341756
-0.3990092391926389,-0.6425435171029387,0.9805323793742937,-0.12882226837093372,1.0,0.0,0.0,0.0,12.118884889350285
-0.1532743170232711,-0.5926578894454175,0.9805323793742937,-1.0036792319674983,1.0,0.0,0.0,0.0,12.141539457711714
-0.29196779768560743,-0.557737950085147,0.9992521995314939,1.3822943051140413,1.0,0.0,0.0,0.0,12.550020441826058
-0.14668232209175305,-0.6475320798686935,0.9992521995314939,-1.5604063906198575,1.0,0.0,0.0,0.0,11.868506811148853
-1.0535524819563094,-0.6375549543371837,0.9992521995314939,1.8594890125303492,1.0,0.0,0.0,0.0,11.355113089309977
-0.02682311266232525,-0.6425435171029387,0.9992521995314939,0.7460346952256308,1.0,0.0,0.0,0.0,11.476271853988816
-0.7973017583485676,-0.6425435171029387,0.9992521995314939,-0.04928981713488239,1.0,0.0,0.0,0.0,11.458479838780507
-1.131086898531784,-0.6475320798686935,0.9945722444921922,-1.0036792319674983,1.0,0.0,0.0,0.0,11.63780327310248
-0.9380356183944693,-0.6375549543371837,0.9992521995314939,-0.6855494270232929,1.0,0.0,0.0,0.0,11.255462171102444
-0.7348347587594204,-0.6375549543371837,0.9992521995314939,0.6665022439895795,1.0,0.0,0.0,0.0,11.252871529635922
-0.41046675419265843,-0.6425435171029387,0.9945722444921922,0.2688399878093229,1.0,0.0,0.0,0.0,11.395278670032656
-1.1778063546734159,-0.6375549543371837,0.9898922894528938,-0.20835471960698504,1.0,0.0,0.0,0.0,11.350418300109132
-0.29264792414679586,-0.6375549543371837,1.0039321545707922,-1.0832116832035494,1.0,0.0,0.0,0.0,11.784485777414298
-0.7418452930516697,-0.6375549543371837,0.9992521995314939,0.5074373415174769,1.0,0.0,0.0,0.0,11.225256725762893
-0.8567866649925044,-0.6375549543371837,1.0039321545707922,0.10977508533722025,1.0,0.0,0.0,0.0,11.375971077721223
-1.1511767878468866,-0.6275778288056809,0.9992521995314939,-0.6855494270232929,1.0,0.0,0.0,0.0,11.667370387218226
-0.5042195709964709,-0.6275778288056809,0.9945722444921922,-0.6060169757872417,1.0,0.0,0.0,0.0,11.630717389475995
-0.0987595652880185,-0.6275778288056809,1.0086121096100906,-1.0036792319674983,1.0,0.0,0.0,0.0,11.710964518881163
-0.8001268990335039,-0.6824520192289569,0.9852123344135953,0.5074373415174769,1.0,0.0,0.0,0.0,11.409795792463761
-0.4561921793525534,-0.6874405819947119,0.9852123344135953,-0.8446143294953956,1.0,0.0,0.0,0.0,11.960817678718287
-0.5335173262476622,-0.6874405819947119,0.9805323793742937,-1.3218090369117035,1.0,0.0,0.0,0.0,11.437134538982278
-0.6497666336907824,-0.6774634564632092,0.9805323793742937,-1.1627441344396008,1.0,0.0,0.0,0.0,11.308370569092329
0.26688688373086844,-0.6774634564632092,0.9758524243349953,-0.8446143294953956,1.0,0.0,0.0,0.0,12.097936057925594
-0.7613073733256753,-0.7024062702919697,0.9711724692956969,-0.5264845245511903,1.0,0.0,0.0,0.0,12.501726607862306
-0.15097235053924893,-0.7073948330577176,0.9664925142563985,-1.1627441344396008,1.0,0.0,0.0,0.0,11.98854454800156
-0.0086166504705136,-0.6974177075262147,0.9618125592170969,-1.1627441344396008,1.0,0.0,0.0,0.0,12.069112524385531
-0.3276482781879513,-0.6674863309316992,0.9852123344135953,-0.7650818782593443,1.0,0.0,0.0,0.0,12.082214317601338
-0.7690503514992045,-0.6674863309316992,0.9805323793742937,0.18930753657327157,1.0,0.0,0.0,0.0,12.044735370544808
-1.1818871134405462,-0.6724748936974542,0.9664925142563985,-0.3674196220790877,1.0,0.0,0.0,0.0,11.959538914341756
0.27400205286330076,-0.6824520192289569,0.9664925142563985,-0.28788717084303633,1.0,0.0,0.0,0.0,12.067390869565173
0.9790316060151851,-0.6974177075262147,0.9805323793742937,-0.7650818782593443,1.0,0.0,0.0,0.0,12.423604480576804
-0.6946026627091235,-0.7173719585892274,0.9758524243349953,-0.446952073315139,1.0,0.0,0.0,0.0,11.989786776470444
0.5479360644619403,-0.742314772417988,0.9805323793742937,-1.8785361955640627,1.0,0.0,0.0,0.0,11.956976469393481
-0.3409369028911702,-0.7522918979494908,0.9618125592170969,-0.7650818782593443,1.0,0.0,0.0,0.0,11.769898298682092
-0.33335087697791527,-0.7822232745440063,0.9664925142563985,0.03024263410116893,1.0,0.0,0.0,0.0,12.141539457711714
-0.2762725716581836,-0.7572804607152458,0.9524526491385,0.10977508533722025,1.0,0.0,0.0,0.0,12.301387370778713
0.005299783273802407,-0.7572804607152458,0.924372918902703,1.064164500169836,1.0,0.0,0.0,0.0,12.051761119434515
-0.5238386035307508,-0.802177525607019,0.9384127840206016,1.1436969514058875,1.0,0.0,0.0,0.0,12.141539457711714
-0.2167353475941552,-0.742314772417988,0.9664925142563985,-1.71947129309196,1.0,0.0,0.0,0.0,11.930984271840668
-0.2996061410189539,-0.7323376468864852,0.9664925142563985,1.8594890125303492,1.0,0.0,0.0,0.0,12.193498926601634
0.3436888564250629,-0.7323376468864852,0.9618125592170969,-1.8785361955640627,1.0,0.0,0.0,0.0,12.18332077348399
-0.14333400720590253,-0.7223605213549753,0.9711724692956969,-0.28788717084303633,1.0,0.0,0.0,0.0,11.785247676408115
-0.21610753855305828,-0.7273490841207303,0.9618125592170969,-1.7990037443280114,1.0,0.0,0.0,0.0,11.832839946854502
-0.27857453814220573,-0.7223605213549753,0.9664925142563985,-1.0036792319674983,1.0,0.0,0.0,0.0,11.73927188163082
-0.33042110145279624,-0.7173719585892274,0.9664925142563985,-1.3218090369117035,1.0,0.0,0.0,0.0,11.864996828675356
-0.24043513889556542,-0.742314772417988,0.9524526491385,0.18930753657327157,1.0,0.0,0.0,0.0,12.190456343334482
0.3629939844387945,-0.7373262096522331,0.9430927390599,-1.8785361955640627,1.0,0.0,0.0,0.0,11.894104711087113
0.1539335737535071,-0.7323376468864852,0.9477726940991983,-1.4013414881477548,1.0,0.0,0.0,0.0,12.000283875037855
-0.27182559095041336,-0.7323376468864852,0.9430927390599,-1.6399388418559087,1.0,0.0,0.0,0.0,11.768350322738119
-1.7475430594689056,-0.7323376468864852,0.9524526491385,-1.0036792319674983,1.0,0.0,0.0,0.0,11.998439434579149
-0.24503907186360974,-0.7123833958234725,0.9618125592170969,-0.8446143294953956,1.0,0.0,0.0,0.0,11.901590234400047
-0.730492412891833,-0.7173719585892274,0.9618125592170969,-0.6855494270232929,1.0,0.0,0.0,0.0,11.817472029092508
0.8494936738688459,-0.7173719585892274,0.9571326041777984,0.3483724390453742,1.0,0.0,0.0,0.0,11.892737666219704
1.6176180356509748,-0.7123833958234725,0.9571326041777984,-1.0832116832035494,1.0,0.0,0.0,0.0,12.113962839063479
0.5828841010830043,-0.7123833958234725,0.9571326041777984,0.03024263410116893,1.0,0.0,0.0,0.0,11.97098934828825
-1.439393455130482,-0.7123833958234725,0.9524526491385,-0.20835471960698504,1.0,0.0,0.0,0.0,11.37940550085183
-0.9673856910657519,-0.7323376468864852,0.9571326041777984,-0.8446143294953956,1.0,0.0,0.0,0.0,11.437134538982278
-0.7836992291248003,-0.7323376468864852,0.9571326041777984,-0.04928981713488239,1.0,0.0,0.0,0.0,11.307142836927456
-0.18597270458040435,-0.7223605213549753,0.9618125592170969,-0.7650818782593443,1.0,0.0,0.0,0.0,11.884495917930655
-0.03650183537923667,-0.7273490841207303,0.9618125592170969,-1.8785361955640627,1.0,0.0,0.0,0.0,11.891368749982085
0.06263967569399125,-0.7223605213549753,0.9571326041777984,-0.28788717084303633,1.0,0.0,0.0,0.0,11.648338835562747
-0.6380475315903059,-0.7273490841207303,0.9571326041777984,-0.6855494270232929,1.0,0.0,0.0,0.0,11.611874470755124
-0.04738385875825082,-0.7273490841207303,0.9571326041777984,-0.12882226837093372,1.0,0.0,0.0,0.0,11.612779849672751
-0.17127150953471712,-0.7223605213549753,0.9571326041777984,-0.04928981713488239,1.0,0.0,0.0,0.0,11.574970254341755
0.19400871754352964,-0.6824520192289569,0.9571326041777984,-1.958068646800114,1.0,0.0,0.0,0.0,11.9959748767362
0.26688688373086844,-0.6874405819947119,0.9524526491385,-1.0832116832035494,1.0,0.0,0.0,0.0,11.832113471896832
0.21242444941570737,-0.6924291447604598,0.9477726940991983,-1.0036792319674983,1.0,0.0,0.0,0.0,11.837187748284698
0.6649701332064317,-0.6874405819947119,0.9477726940991983,-1.0036792319674983,1.0,0.0,0.0,0.0,12.14632794896594
-0.8623846289422856,-0.6874405819947119,0.9430927390599,0.6665022439895795,1.0,0.0,0.0,0.0,12.323860125621126
-0.257333665585092,-0.6774634564632092,0.9524526491385,-1.7990037443280114,1.0,0.0,0.0,0.0,11.83863282480007
0.4539739779777619,-0.6774634564632092,0.9477726940991983,-1.4808739393838062,1.0,0.0,0.0,0.0,11.905649752427557
1.5638357277970019,-0.6824520192289569,0.9477726940991983,-0.9241467807314468,1.0,0.0,0.0,0.0,12.57936229760897
0.8852787892113723,-0.7024062702919697,0.9618125592170969,-0.8446143294953956,1.0,0.0,0.0,0.0,12.128656901032139
1.361576581723598,-0.7073948330577176,0.9618125592170969,-0.28788717084303633,1.0,0.0,0.0,0.0,12.203073151542435
-0.61895167325694,-0.7073948330577176,0.9571326041777984,0.10977508533722025,1.0,0.0,0.0,0.0,11.460589521950299
-0.35841092120170237,-0.7024062702919697,0.9571326041777984,-0.3674196220790877,1.0,0.0,0.0,0.0,11.915727028992151
-0.21427642884985892,-0.6974177075262147,0.9618125592170969,-1.0036792319674983,1.0,0.0,0.0,0.0,11.98854454800156
-0.42077328595066676,-0.6974177075262147,0.9618125592170969,-1.0832116832035494,1.0,0.0,0.0,0.0,11.646590598651017
-0.3734260207679378,-0.6974177075262147,0.9571326041777984,-1.0036792319674983,1.0,0.0,0.0,0.0,11.77760243768057
0.43927278293207517,-0.6974177075262147,0.9571326041777984,-1.5604063906198575,1.0,0.0,0.0,0.0,12.00579687207606
-0.36175923608755267,-0.7024062702919697,0.9571326041777984,-0.12882226837093372,1.0,0.0,0.0,0.0,11.633380483255026
-0.8594025359970751,-0.7073948330577176,0.9571326041777984,-0.04928981713488239,1.0,0.0,0.0,0.0,11.632493573102964
-0.9021981856318511,-0.7073948330577176,0.9524526491385,-1.0036792319674983,1.0,0.0,0.0,0.0,11.58432477200052
-0.1183785978222985,-0.7024062702919697,0.9524526491385,-1.2422765856756521,1.0,0.0,0.0,0.0,11.954407441448915
-0.2822367575486045,-0.6974177075262147,0.9571326041777984,-1.0036792319674983,1.0,0.0,0.0,0.0,11.705205603408396
-0.8947691119788704,-0.7024062702919697,0.9571326041777984,-0.8446143294953956,1.0,0.0,0.0,0.0,11.68352019721342
0.26620675726968024,-0.6974177075262147,0.9524526491385,-1.0036792319674983,1.0,0.0,0.0,0.0,11.672498559754418
0.22006279274905355,-0.6924291447604598,0.9524526491385,-0.8446143294953956,1.0,0.0,0.0,0.0,12.002737848944351
-0.7723463489649636,-0.6974177075262147,0.9524526491385,0.18930753657327157,1.0,0.0,0.0,0.0,11.707677772181546
-0.3911616261789269,-0.6974177075262147,0.9477726940991983,-0.7650818782593443,1.0,0.0,0.0,0.0,11.83138646878959
-0.011546425995632648,-0.6924291447604598,0.9477726940991983,-1.0832116832035494,1.0,0.0,0.0,0.0,11.885874268401459
-0.17618934702331013,-0.6974177075262147,0.9477726940991983,-0.3674196220790877,1.0,0.0,0.0,0.0,11.759011806144656
-0.9697399749698656,-0.6974177075262147,0.9477726940991983,-0.6060169757872417,1.0,0.0,0.0,0.0,12.099605962739451
0.3372014963337279,-0.7024062702919697,0.9477726940991983,0.3483724390453742,1.0,0.0,0.0,0.0,11.645715332733134
-0.6496096814305082,-0.7024062702919697,0.9477726940991983,0.9050995976977334,1.0,0.0,0.0,0.0,11.518917476956224
-0.7200289288735503,-0.7024062702919697,0.9430927390599,0.5869697927535281,1.0,0.0,0.0,0.0,11.54346436927906
-1.539528997185447,-0.7024062702919697,0.9477726940991983,-1.4808739393838062,1.0,0.0,0.0,0.0,11.752737324967208
-0.5829049708139562,-0.7024062702919697,0.9524526491385,0.3483724390453742,1.0,0.0,0.0,0.0,11.600029337681997
-1.0697708821846479,-0.7073948330577176,0.9524526491385,-0.04928981713488239,1.0,0.0,0.0,0.0,11.413116179350727
-1.0166687007918631,-0.7073948330577176,0.9477726940991983,0.10977508533722025,1.0,0.0,0.0,0.0,11.580593459194764
-0.6709551888278048,-0.7073948330577176,0.9477726940991983,0.8255671464616822,1.0,0.0,0.0,0.0,11.817472029092508
-0.5035917619553739,-0.7073948330577176,0.9477726940991983,1.3822943051140413,1.0,0.0,0.0,0.0,11.571203807011969
-0.903820025654685,-0.7073948330577176,0.9430927390599,1.2232294026419388,1.0,0.0,0.0,0.0,11.369066641827967
-0.7153726784854145,-0.7123833958234725,0.9430927390599,1.8594890125303492,1.0,0.0,0.0,0.0,11.686887175419702
-0.7122859507000211,-0.7123833958234725,0.9524526491385,-0.12882226837093372,1.0,0.0,0.0,0.0,11.610061250069942
-0.42072096853057545,-0.7173719585892274,0.9524526491385,0.6665022439895795,1.0,0.0,0.0,0.0,11.590821254278314
0.3263194729547138,-0.7173719585892274,0.9477726940991983,0.5869697927535281,1.0,0.0,0.0,0.0,11.927687224983487
-0.3207423787358848,-0.7123833958234725,0.9477726940991983,1.1436969514058875,1.0,0.0,0.0,0.0,11.835740580500783
0.056570854963387276,-0.7123833958234725,0.9477726940991983,1.1436969514058875,1.0,0.0,0.0,0.0,11.931642378754141
-0.8786030291706238,-0.7173719585892274,0.9430927390599,1.4618267563500926,1.0,0.0,0.0,0.0,11.914389245098882
-0.6299383314761368,-0.7223605213549753,0.9524526491385,0.2688399878093229,1.0,0.0,0.0,0.0,11.621788838451959
-0.36128837930672986,-0.7273490841207303,0.9524526491385,-0.3674196220790877,1.0,0.0,0.0,0.0,11.495789479023493
-0.901675011430937,-0.7273490841207303,0.9477726940991983,0.18930753657327157,1.0,0.0,0.0,0.0,11.231901180182515
-0.37640811371314836,-0.7223605213549753,0.9477726940991983,0.5869697927535281,1.0,0.0,0.0,0.0,11.60733523953139
-0.4246970924575229,-0.7223605213549753,0.9430927390599,-0.6855494270232929,1.0,0.0,0.0,0.0,11.571203807011969
-0.3810120466811927,-0.7273490841207303,0.9384127840206016,-0.5264845245511903,1.0,0.0,0.0,0.0,11.535674727063007
-0.4376194952201018,-0.7273490841207303,0.9337328289813032,-1.8785361955640627,1.0,0.0,0.0,0.0,11.695255355062795
-0.2744937793750755,-0.7373262096522331,0.9384127840206016,0.3483724390453742,1.0,0.0,0.0,0.0,11.918397239722838
-0.2426324705394048,-0.7373262096522331,0.9290528739420014,0.6665022439895795,1.0,0.0,0.0,0.0,11.736077016252437
-0.9274151821159122,-0.7223605213549753,0.9384127840206016,1.064164500169836,1.0,0.0,0.0,0.0,11.388506711556236
-1.2097199809291779,-0.7223605213549753,0.9337328289813032,0.5074373415174769,1.0,0.0,0.0,0.0,11.31204474745499
-0.7010377053803672,-0.7223605213549753,0.9290528739420014,0.10977508533722025,1.0,0.0,0.0,0.0,11.3373928113354
-1.133127277915349,-0.7223605213549753,0.924372918902703,0.3483724390453742,1.0,0.0,0.0,0.0,10.985309671896763
-0.5529270891015766,-0.7273490841207303,0.9290528739420014,1.1436969514058875,1.0,0.0,0.0,0.0,11.305913595583258
-0.7036535763849381,-0.7273490841207303,0.9290528739420014,1.3822943051140413,1.0,0.0,0.0,0.0,11.260623406285792
-1.152641675609446,-0.7223605213549753,0.9290528739420014,-1.1627441344396008,1.0,0.0,0.0,0.0,11.470028402317833
-1.345954542847218,-0.7173719585892274,0.9384127840206016,1.8594890125303492,1.0,0.0,0.0,0.0,11.225256725762893
-1.0332533229608412,-0.7173719585892274,0.9384127840206016,0.5869697927535281,1.0,0.0,0.0,0.0,11.154835234271214
-1.4934373500849119,-0.7173719585892274,0.9384127840206016,0.3483724390453742,1.0,0.0,0.0,0.0,11.305913595583258
-1.3529650771394672,-0.7123833958234725,0.9384127840206016,1.1436969514058875,1.0,0.0,0.0,0.0,11.119897691565697
-1.0777754474586339,-0.7073948330577176,0.9384127840206016,1.7004241100582467,1.0,0.0,0.0,0.0,11.156264806643742
-1.6708980390349852,-0.7123833958234725,0.9430927390599,-0.9241467807314468,1.0,0.0,0.0,0.0,12.141539457711714
-1.766429648121906,-0.7173719585892274,0.9430927390599,1.8594890125303492,1.0,0.0,0.0,0.0,11.320565693461432
-1.527129768623782,-0.7123833958234725,0.9384127840206016,-0.7650818782593443,1.0,0.0,0.0,0.0,11.998439434579149
-1.4066950675733487,-0.7123833958234725,0.9384127840206016,1.8594890125303492,1.0,0.0,0.0,0.0,11.41422052949775
0.05876818660722662,-0.6974177075262147,0.9430927390599,-1.0036792319674983,1.0,0.0,0.0,0.0,11.83138646878959
-0.567419014466898,-0.6924291447604598,0.9384127840206016,0.9846320489337848,1.0,0.0,0.0,0.0,11.415323661400773
-0.9380356183944693,-0.6974177075262147,0.9384127840206016,1.064164500169836,1.0,0.0,0.0,0.0,11.466891997618188
1.8352061858111621,-0.7024062702919697,0.9430927390599,0.9050995976977334,1.0,0.0,0.0,0.0,12.056417678159836
-0.38535439254878007,-0.7024062702919697,0.9384127840206016,1.30276185387799,1.0,0.0,0.0,0.0,11.614588152079595
-0.469794708576321,-0.6624977681659513,0.9477726940991983,-0.7650818782593443,1.0,0.0,0.0,0.0,11.320565693461432
-0.6403494980743281,-0.6674863309316992,0.9477726940991983,0.5869697927535281,1.0,0.0,0.0,0.0,11.242441323346558
-1.1507582484861554,-0.6624977681659513,0.9384127840206016,-0.20835471960698504,1.0,0.0,0.0,0.0,11.305913595583258
-0.4282546770237388,-0.6824520192289569,0.9430927390599,-1.2422765856756521,1.0,0.0,0.0,0.0,11.686887175419702
0.1955259227261808,-0.6774634564632092,0.9430927390599,-2.196666000508268,1.0,0.0,0.0,0.0,12.15056522099821
-1.3114250455868854,-0.6724748936974542,0.9430927390599,-0.446952073315139,1.0,0.0,0.0,0.0,12.524530013005734
-0.6172775158140147,-0.6874405819947119,0.9430927390599,-1.1627441344396008,1.0,0.0,0.0,0.0,11.580593459194764
-0.746972400220628,-0.6924291447604598,0.9430927390599,0.42790489028142553,1.0,0.0,0.0,0.0,11.466891997618188
-0.6044597478916186,-0.6874405819947119,0.9384127840206016,0.2688399878093229,1.0,0.0,0.0,0.0,11.388506711556236
-1.2824411948562422,-0.6824520192289569,0.9337328289813032,1.1436969514058875,1.0,0.0,0.0,0.0,11.147656555612986
-1.1030447613627865,-0.6724748936974542,0.9337328289813032,0.8255671464616822,1.0,0.0,0.0,0.0,13.017005083966255
-0.13145795284515174,-0.6924291447604598,0.9384127840206016,0.5869697927535281,1.0,0.0,0.0,0.0,11.119897691565697
-1.1410795257692437,-0.7024062702919697,0.9384127840206016,0.8255671464616822,1.0,0.0,0.0,0.0,11.082157933374816
-1.1357431489199197,-0.6974177075262147,0.9337328289813032,0.8255671464616822,1.0,0.0,0.0,0.0,10.981914140544825
-1.1124095795591493,-0.7123833958234725,0.9337328289813032,0.18930753657327157,1.0,0.0,0.0,0.0,11.209127560632263
-1.1961174517054103,-0.7123833958234725,0.9337328289813032,1.6208916588221953,1.0,0.0,0.0,0.0,11.300981463909618
-1.000293348303251,-0.7173719585892274,0.9337328289813032,0.9846320489337848,1.0,0.0,0.0,0.0,11.223922520551032
-1.0775138603581769,-0.7173719585892274,0.9290528739420014,0.5074373415174769,1.0,0.0,0.0,0.0,11.283524879179666
-0.9353151125497158,-0.7173719585892274,0.9290528739420014,0.5074373415174769,1.0,0.0,0.0,0.0,11.207771646606407
-1.0231560608831984,-0.7024062702919697,0.9290528739420014,-0.20835471960698504,1.0,0.0,0.0,0.0,11.305913595583258
-0.7309109522525642,-0.7073948330577176,0.9337328289813032,-0.6060169757872417,1.0,0.0,0.0,0.0,11.002116507732017
-1.4628839767515263,-0.7123833958234725,0.9290528739420014,-0.04928981713488239,1.0,0.0,0.0,0.0,11.225256725762893
-1.2162596584406045,-0.7073948330577176,0.9290528739420014,0.6665022439895795,1.0,0.0,0.0,0.0,10.898607948952096
-0.21239300172656803,-0.7173719585892274,0.924372918902703,-1.8785361955640627,1.0,0.0,0.0,0.0,11.769898298682092
-0.8387894724810583,-0.7123833958234725,0.924372918902703,0.5869697927535281,1.0,0.0,0.0,0.0,11.049317340813348
-0.6206781481199566,-0.7123833958234725,0.9196929638634047,-0.5264845245511903,1.0,0.0,0.0,0.0,11.315705475634307
-0.6680777307227771,-0.7223605213549753,0.9196929638634047,0.3483724390453742,1.0,0.0,0.0,0.0,11.127277689932466
-0.8885433389879922,-0.7024062702919697,0.9196929638634047,0.5869697927535281,1.0,0.0,0.0,0.0,10.975088291957388
-1.355319361043581,-0.7073948330577176,0.924372918902703,0.8255671464616822,1.0,0.0,0.0,0.0,11.002116507732017
0.40395852437037083,-0.7024062702919697,0.9150130088241063,-2.1171335492722165,1.0,0.0,0.0,0.0,11.890683588496984
-0.7802462793987669,-0.6924291447604598,0.9150130088241063,-1.4013414881477548,1.0,0.0,0.0,0.0,11.711784520403112
-1.03764798624852,-0.6874405819947119,0.9150130088241063,0.03024263410116893,1.0,0.0,0.0,0.0,11.060384472475045
-0.020440387411172843,-0.6824520192289569,0.924372918902703,-1.2422765856756521,1.0,0.0,0.0,0.0,11.769898298682092
0.4222173039822742,-0.6874405819947119,0.924372918902703,-0.9241467807314468,1.0,0.0,0.0,0.0,11.864996828675356
-1.0107045149014422,-0.6924291447604598,0.924372918902703,-0.446952073315139,1.0,0.0,0.0,0.0,11.444657330797734
-1.0491055012485393,-0.6974177075262147,0.924372918902703,-1.0036792319674983,1.0,0.0,0.0,0.0,11.551193801680078
-0.46780664661284727,-0.6874405819947119,0.9196929638634047,0.5074373415174769,1.0,0.0,0.0,0.0,11.486591756518374
-0.17953766190916043,-0.6824520192289569,0.9196929638634047,0.10977508533722025,1.0,0.0,0.0,0.0,11.541522639947903
-1.0618709517508442,-0.6874405819947119,0.9150130088241063,1.1436969514058875,1.0,0.0,0.0,0.0,11.308370569092329
-0.816711521202482,-0.6824520192289569,0.9150130088241063,-1.0036792319674983,1.0,0.0,0.0,0.0,11.61999352194924
-0.9558235412255496,-0.6824520192289569,0.9103330537848046,-0.7650818782593443,1.0,0.0,0.0,0.0,11.507922973347437
-0.09007487355284394,-0.6874405819947119,0.9290528739420014,-1.4013414881477548,1.0,0.0,0.0,0.0,12.071403463011007
-0.4871640920466701,-0.6974177075262147,0.9290528739420014,-1.71947129309196,1.0,0.0,0.0,0.0,11.758229645621093
-1.3858727343769661,-0.4829095085988653,0.9571326041777984,-0.8446143294953956,1.0,0.0,0.0,0.0,11.37940550085183
-1.0361307810658689,-0.5327951362563864,0.9664925142563985,-1.0036792319674983,1.0,0.0,0.0,0.0,11.83138646878959
-0.028706539785616148,-0.5876693266796625,0.9618125592170969,-0.3674196220790877,1.0,0.0,0.0,0.0,11.662215780913316
-0.41611703556253093,-0.6425435171029387,0.9618125592170969,-1.8785361955640627,1.0,0.0,0.0,0.0,11.874793899360315
0.011577873684771997,-0.6475320798686935,0.9384127840206016,0.9050995976977334,1.0,0.0,0.0,0.0,12.046496440791149
-0.6206258306998653,-0.6225892660399259,0.9384127840206016,-0.6855494270232929,1.0,0.0,0.0,0.0,12.21255657932543
-0.6458951446040178,-0.5976464522111653,0.9384127840206016,-1.6399388418559087,1.0,0.0,0.0,0.0,11.480412603789821
-0.9614738225954222,-0.5926578894454175,0.9430927390599,-0.28788717084303633,1.0,0.0,0.0,0.0,11.342149006315793
-1.2712452669566798,-0.44300100647283985,0.9430927390599,-0.9241467807314468,1.0,0.0,0.0,0.0,11.279744203985432
0.9512510559466444,-0.5078523224276259,0.9150130088241063,0.5869697927535281,1.0,0.0,0.0,0.0,11.946012225174645
-0.3222072664984442,-0.5926578894454175,0.924372918902703,0.10977508533722025,1.0,0.0,0.0,0.0,11.383966460172834
0.048409337429126786,-0.612612140508423,0.924372918902703,0.10977508533722025,1.0,0.0,0.0,0.0,12.07254696717504
-0.13506785483145922,-0.5926578894454175,0.9103330537848046,0.5074373415174769,1.0,0.0,0.0,0.0,12.092909546513004
-0.11162965063050613,-0.6275778288056809,0.9103330537848046,0.10977508533722025,1.0,0.0,0.0,0.0,12.051761119434515
-0.20030767768545163,-0.6375549543371837,0.9056530987455061,-0.12882226837093372,1.0,0.0,0.0,0.0,12.174587138384211
0.05536755430128479,-0.6525206426344414,0.9056530987455061,-0.5264845245511903,1.0,0.0,0.0,0.0,12.227349675556338
0.5333918216765274,-0.6475320798686935,0.9290528739420014,0.10977508533722025,1.0,0.0,0.0,0.0,11.86710429621008
-0.6353270257455522,-0.6475320798686935,0.9196929638634047,0.2688399878093229,1.0,0.0,0.0,0.0,11.364437057512568
0.35901786051184703,-0.6425435171029387,0.9196929638634047,-0.28788717084303633,1.0,0.0,0.0,0.0,11.80261302508661
-0.9026167249925825,-0.6575092054001964,0.9150130088241063,0.3483724390453742,1.0,0.0,0.0,0.0,12.184854116317803
-0.06025394410073844,-0.6724748936974542,0.9196929638634047,-1.3218090369117035,1.0,0.0,0.0,0.0,11.720760435616398
-0.6367919135081119,-0.6724748936974542,0.9150130088241063,-0.20835471960698504,1.0,0.0,0.0,0.0,12.103491596905931
-1.2170444197419756,-0.6774634564632092,0.9009731437062078,-0.9241467807314468,1.0,0.0,0.0,0.0,12.02035131605286
-0.6464706362250233,-0.7024062702919697,0.9056530987455061,-0.12882226837093372,1.0,0.0,0.0,0.0,11.772987080375044
-1.129726645609407,-0.7223605213549753,0.9103330537848046,0.5869697927535281,1.0,0.0,0.0,0.0,11.7068543948059
-0.8835208666592166,-0.7323376468864852,0.9196929638634047,-0.12882226837093372,1.0,0.0,0.0,0.0,11.324195417595107
-0.6308277276176908,-0.7572804607152458,0.9009731437062078,0.2688399878093229,1.0,0.0,0.0,0.0,11.428467189677395
-0.9958463675954807,-0.7273490841207303,0.8962931886669061,0.2688399878093229,1.0,0.0,0.0,0.0,11.49171204297103
-0.36034666574508456,-0.7323376468864852,0.8728934134704108,0.3483724390453742,1.0,0.0,0.0,0.0,11.769124610238766
0.13515161994068986,-0.7223605213549753,0.8635335033918108,-0.20835471960698504,1.0,0.0,0.0,0.0,12.141539457711714
-0.33308928987745834,-0.7722461490125035,0.8635335033918108,-1.8785361955640627,1.0,0.0,0.0,0.0,11.737675724836684
-0.5194962576631634,-0.7822232745440063,0.8588535483525124,0.7460346952256308,1.0,0.0,0.0,0.0,11.654433707761807
-0.0898656038724783,-0.7822232745440063,0.8635335033918108,-1.7990037443280114,1.0,0.0,0.0,0.0,11.760574294255605
-0.885718198303056,-0.7772347117782514,0.8588535483525124,0.6665022439895795,1.0,0.0,0.0,0.0,11.437134538982278
-0.1552623789867448,-0.7672575862467486,0.8588535483525124,-1.3218090369117035,1.0,0.0,0.0,0.0,11.888625282853006
0.7161888874759248,-0.7822232745440063,0.854173593313214,-1.958068646800114,1.0,0.0,0.0,0.0,11.994740316298905
-0.8156128553805623,-0.8121546511385219,0.9196929638634047,0.10977508533722025,1.0,0.0,0.0,0.0,11.367911253546788
-0.5338835481883022,-0.8470745904987853,0.9009731437062078,0.18930753657327157,1.0,0.0,0.0,0.0,11.51293546492023
-1.7475430594689056,-0.8670288415617979,0.8448136832346139,0.3483724390453742,1.0,0.0,0.0,0.0,11.630717389475995
-0.4584418284164843,-0.8171432139042697,0.8728934134704108,0.42790489028142553,1.0,0.0,0.0,0.0,11.998439434579149
-0.37237967236610964,-0.7822232745440063,0.882253323549011,0.6665022439895795,1.0,0.0,0.0,0.0,12.048254415120404
-0.22489686512841567,-0.742314772417988,0.8494936382739156,0.3483724390453742,1.0,0.0,0.0,0.0,11.998439434579149
-0.19685472795941827,-0.742314772417988,0.8354537731560171,1.8594890125303492,1.0,0.0,0.0,0.0,11.205054290550551
-0.7200289288735503,-0.7672575862467486,0.8401337281953155,1.064164500169836,1.0,0.0,0.0,0.0,11.214532906153606
0.06473237249764777,-0.8570517160302952,0.7933341778023216,0.5869697927535281,1.0,0.0,0.0,0.0,11.225256725762893
-1.1287326146276702,-0.7572804607152458,0.7933341778023216,0.9050995976977334,1.0,0.0,0.0,0.0,11.630717389475995
-0.794162713143083,-0.7173719585892274,0.8120539979595185,0.9846320489337848,1.0,0.0,0.0,0.0,11.461642696843066
-1.1796897817967067,-0.7173719585892274,0.7933341778023216,-0.9241467807314468,1.0,0.0,0.0,0.0,11.177466714598282
-0.42705137636163637,-0.7273490841207303,0.7933341778023216,-0.12882226837093372,1.0,0.0,0.0,0.0,11.571203807011969
-0.84736952937605,-0.7273490841207303,0.7886542227630232,1.064164500169836,1.0,0.0,0.0,0.0,11.315705475634307
-0.2583800139869202,-0.7323376468864852,0.7792943126844232,-1.7990037443280114,1.0,0.0,0.0,0.0,11.657034466915164
-0.37876239761726205,-0.6325663915714358,0.8869332785883093,-1.1627441344396008,1.0,0.0,0.0,0.0,11.862179945241476
-1.1676044577555902,-0.6425435171029387,0.8869332785883093,-0.8446143294953956,1.0,0.0,0.0,0.0,11.963370312187111
0.7536481602613767,-0.6525206426344414,0.8869332785883093,-0.8446143294953956,1.0,0.0,0.0,0.0,12.07254696717504
-0.6709551888278048,-0.6375549543371837,0.8962931886669061,1.30276185387799,1.0,0.0,0.0,0.0,12.524530013005734
-0.8414576609057204,-0.6575092054001964,0.8916132336276077,0.10977508533722025,1.0,0.0,0.0,0.0,12.429220196836383
-0.6989973259968022,-0.6575092054001964,0.882253323549011,1.064164500169836,1.0,0.0,0.0,0.0,11.967187086434018
-0.2155320469320527,-0.6924291447604598,0.8916132336276077,0.03024263410116893,1.0,0.0,0.0,0.0,11.736077016252437
-0.7794615180973957,-0.6924291447604598,0.8775733685097092,0.10977508533722025,1.0,0.0,0.0,0.0,11.842955566958302
-0.46660334595074476,-0.6924291447604598,0.8635335033918108,0.2688399878093229,1.0,0.0,0.0,0.0,11.819681958463892
-0.8835208666592166,-0.6974177075262147,0.8401337281953155,-0.12882226837093372,1.0,0.0,0.0,0.0,11.83138646878959
-0.37258894204647525,-0.612612140508423,0.8962931886669061,-0.8446143294953956,1.0,0.0,0.0,0.0,11.475233981948293
-0.2971472222746574,-0.6076235777426753,0.8869332785883093,-0.6855494270232929,1.0,0.0,0.0,0.0,11.592669666556795
-0.880538773714006,-0.612612140508423,0.8869332785883093,0.03024263410116893,1.0,0.0,0.0,0.0,11.41422052949775
-1.047012804444883,-0.617600703274178,0.8869332785883093,-1.0832116832035494,1.0,0.0,0.0,0.0,12.107913912447533
1.1803490385269428,-0.6225892660399259,0.8916132336276077,-0.6855494270232929,1.0,0.0,0.0,0.0,12.012493964400264
0.02737773455237867,-0.612612140508423,0.882253323549011,-1.2422765856756521,1.0,0.0,0.0,0.0,11.889997957243736
0.1792028876576598,-0.5727036383824048,0.8916132336276077,-0.9241467807314468,1.0,0.0,0.0,0.0,11.785247676408115
-0.24043513889556542,-0.6076235777426753,0.8682134584311124,1.2232294026419388,1.0,0.0,0.0,0.0,11.9873007744816
-0.5705580596723829,-0.6325663915714358,0.8588535483525124,-1.4013414881477548,1.0,0.0,0.0,0.0,11.610968271383634
-0.5036963967955568,-0.6575092054001964,0.8635335033918108,-0.12882226837093372,1.0,0.0,0.0,0.0,11.979178318844294
-0.11330380807343139,-0.6575092054001964,0.8494936382739156,0.03024263410116893,1.0,0.0,0.0,0.0,11.888625282853006
-0.6623228145127216,-0.6525206426344414,0.882253323549011,-2.1171335492722165,1.0,0.0,0.0,0.0,11.80261302508661
-0.4039270766812317,-0.6475320798686935,0.8728934134704108,-1.71947129309196,1.0,0.0,0.0,0.0,11.715874472198905
-0.990562308166248,-0.6425435171029387,0.8728934134704108,0.42790489028142553,1.0,0.0,0.0,0.0,11.324195417595107
-1.0114892762028134,-0.6375549543371837,0.8682134584311124,0.8255671464616822,1.0,0.0,0.0,0.0,11.243751064074187
-1.1797420992167982,-0.6425435171029387,0.8682134584311124,0.6665022439895795,1.0,0.0,0.0,0.0,11.149096419938578
-0.7354102503804257,-0.6425435171029387,0.8682134584311124,-0.5264845245511903,1.0,0.0,0.0,0.0,11.400887146781374
-1.2922245524133364,-0.6375549543371837,0.8682134584311124,1.064164500169836,1.0,0.0,0.0,0.0,11.026808713825016
-0.5954611516358954,-0.6325663915714358,0.8635335033918108,-1.4808739393838062,1.0,0.0,0.0,0.0,11.557908390796706
-0.20621954615578125,-0.6425435171029387,0.882253323549011,-1.5604063906198575,1.0,0.0,0.0,0.0,11.752737324967208
-0.8617045024810973,-0.6375549543371837,0.8775733685097092,-1.8785361955640627,1.0,0.0,0.0,0.0,11.755879486687116
-1.2154225797191418,-0.6375549543371837,0.8775733685097092,-1.0832116832035494,1.0,0.0,0.0,0.0,11.441440204346033
-1.1266922352441051,-0.6375549543371837,0.8728934134704108,1.8594890125303492,1.0,0.0,0.0,0.0,11.358619773129229
-1.267844634650738,-0.6325663915714358,0.8682134584311124,-0.28788717084303633,1.0,0.0,0.0,0.0,11.363276304750233
-0.16823709916941526,-0.6225892660399259,0.8682134584311124,-0.28788717084303633,1.0,0.0,0.0,0.0,11.715057818961629
0.27834439873088773,-0.6225892660399259,0.8775733685097092,-0.9241467807314468,1.0,0.0,0.0,0.0,12.01854355302823
0.37916006724704115,-0.6275778288056809,0.8775733685097092,0.42790489028142553,1.0,0.0,0.0,0.0,11.918397239722838
0.32035528706429267,-0.6225892660399259,0.8728934134704108,-0.6060169757872417,1.0,0.0,0.0,0.0,11.81599602495741
-0.2622515030736848,-0.6275778288056809,0.8728934134704108,0.10977508533722025,1.0,0.0,0.0,0.0,11.682676678340282
-0.6026809556085105,-0.6325663915714358,0.8775733685097092,-1.6399388418559087,1.0,0.0,0.0,0.0,11.837910547573129
-0.9479759282118377,-0.6325663915714358,0.8775733685097092,-1.1627441344396008,1.0,0.0,0.0,0.0,11.575909653758895
0.161990456447585,-0.6275778288056809,0.882253323549011,-1.7990037443280114,1.0,0.0,0.0,0.0,11.918397239722838
-0.08881925547064992,-0.6325663915714358,0.882253323549011,-1.0036792319674983,1.0,0.0,0.0,0.0,11.734475747705874
0.010217620762395171,-0.6325663915714358,0.8775733685097092,-0.6855494270232929,1.0,0.0,0.0,0.0,11.750374207389497
0.4118584548041744,-0.6275778288056809,0.8775733685097092,-1.2422765856756521,1.0,0.0,0.0,0.0,12.198045514142787
-0.035193899876951366,-1.0216742873001234,1.649765949994096,-1.71947129309196,1.0,0.0,0.0,0.0,11.614588152079595
-0.7627722610882349,-1.0266628500658714,1.649765949994096,-1.71947129309196,1.0,0.0,0.0,0.0,11.550230883578887
-0.7432578633941378,-1.0216742873001234,1.649765949994096,-1.0036792319674983,1.0,0.0,0.0,0.0,11.48350695288756
-1.2111325512716462,-1.0266628500658714,1.6450859949547976,-1.0036792319674983,1.0,0.0,0.0,0.0,11.19135563385109
-1.041833379855833,-1.0266628500658714,1.6450859949547976,-0.12882226837093372,1.0,0.0,0.0,0.0,11.205054290550551
-0.40811247028854475,-1.0216742873001234,1.6450859949547976,0.5869697927535281,1.0,0.0,0.0,0.0,11.211833885608513
-1.0143144168877496,-1.0216742873001234,1.6450859949547976,-0.446952073315139,1.0,0.0,0.0,0.0,11.086762629082946
-0.7180408669100766,-1.0266628500658714,1.6404060399154992,0.8255671464616822,1.0,0.0,0.0,0.0,11.131679686740132
-1.1436953967738146,-1.0216742873001234,1.6404060399154992,0.9846320489337848,1.0,0.0,0.0,0.0,11.026808713825016
-1.2609387351986714,-1.0166857245343686,1.6404060399154992,1.2232294026419388,1.0,0.0,0.0,0.0,11.08523008522044
-1.1532694846505431,-1.0216742873001234,1.6357260848762007,0.9846320489337848,1.0,0.0,0.0,0.0,11.068215243411098
-1.075368846134429,-1.0266628500658714,1.6357260848762007,-0.20835471960698504,1.0,0.0,0.0,0.0,11.283524879179666
-1.147828472961036,-1.0166857245343686,1.6357260848762007,-0.6060169757872417,1.0,0.0,0.0,0.0,11.336200219573199
-0.22343197736585627,-1.0266628500658714,1.631046129836899,0.42790489028142553,1.0,0.0,0.0,0.0,11.500863005142227
-0.6954920588506776,-1.0216742873001234,1.631046129836899,0.5074373415174769,1.0,0.0,0.0,0.0,11.095908894882296
-1.2574857854726382,-1.0166857245343686,1.6357260848762007,0.3483724390453742,1.0,0.0,0.0,0.0,10.87806606028079
-1.329631507778697,-1.0116971617686137,1.631046129836899,-0.6060169757872417,1.0,0.0,0.0,0.0,12.323860125621126
0.1792028876576598,-1.0216742873001234,1.631046129836899,-0.20835471960698504,1.0,0.0,0.0,0.0,11.45318607621936
0.26688688373086844,-1.0266628500658714,1.631046129836899,0.2688399878093229,1.0,0.0,0.0,0.0,11.674202123168433
-0.32947938789115067,-1.0216742873001234,1.6263661747976008,-1.8785361955640627,1.0,0.0,0.0,0.0,11.484536278461452
0.15576468345670694,-1.0266628500658714,1.6216862197583024,-0.5264845245511903,1.0,0.0,0.0,0.0,11.513934955263402
0.21080260939287362,-1.0216742873001234,1.6263661747976008,-1.4013414881477548,1.0,0.0,0.0,0.0,11.726430716744437
-0.011964965356363908,-1.0216742873001234,1.617006264719004,-0.6060169757872417,1.0,0.0,0.0,0.0,11.5099309859899
-0.21265458882702493,-1.051605663894639,1.6357260848762007,-0.9241467807314468,1.0,0.0,0.0,0.0,12.09904963758644
-0.6236602410651672,-1.0366399755973812,1.6357260848762007,-1.4013414881477548,1.0,0.0,0.0,0.0,11.397525836740476
0.09743076005478102,-1.051605663894639,1.6263661747976008,-0.7650818782593443,1.0,0.0,0.0,0.0,11.86147448281689
0.20368744026044128,-1.0316514128316263,1.631046129836899,-1.2422765856756521,1.0,0.0,0.0,0.0,11.614588152079595
-0.2600018540097539,-1.0316514128316263,1.6263661747976008,-0.8446143294953956,1.0,0.0,0.0,0.0,11.439289689006644
0.3001607629090073,-1.0416285383631292,1.617006264719004,-0.12882226837093372,1.0,0.0,0.0,0.0,11.474195031610165
-0.2513694796946709,-1.046617101128884,1.6591258600726961,-0.20835471960698504,1.0,0.0,0.0,0.0,11.457423325808623
0.2652650437080347,-1.051605663894639,1.6450859949547976,-1.1627441344396008,1.0,0.0,0.0,0.0,11.654433707761807
-0.2268849270918894,-1.0416285383631292,1.6450859949547976,-0.5264845245511903,1.0,0.0,0.0,0.0,11.536651757164861
-0.7742820935083458,-1.0366399755973812,1.649765949994096,-1.0036792319674983,1.0,0.0,0.0,0.0,11.650955473631058
0.06473237249764777,-1.0665713521918896,1.6918855453477915,0.6665022439895795,1.0,0.0,0.0,0.0,11.52683823202353
-1.2285019347419954,-1.051605663894639,1.7106053655049882,0.03024263410116893,1.0,0.0,0.0,0.0,11.028433383156079
-1.0812807146047583,-1.0316514128316263,1.7059254104656898,-0.28788717084303633,1.0,0.0,0.0,0.0,11.068215243411098
-0.007936524009325187,-1.0316514128316263,1.6778456802298929,0.6665022439895795,1.0,0.0,0.0,0.0,11.51293546492023
-1.174405722367474,-1.046617101128884,1.6965655003870899,0.03024263410116893,1.0,0.0,0.0,0.0,10.968215530759236
-0.7480710660425477,-1.1264341053809208,1.6825256352691913,-0.28788717084303633,1.0,0.0,0.0,0.0,11.19135563385109
-0.5630766685993108,-1.0815370404891473,1.6450859949547976,-0.6855494270232929,1.0,0.0,0.0,0.0,11.173262142245258
-0.30583191400983195,-1.1264341053809208,1.6216862197583024,1.064164500169836,1.0,0.0,0.0,0.0,11.49171204297103
-0.9162192542163499,-1.166342607506939,1.6404060399154992,1.30276185387799,1.0,0.0,0.0,0.0,11.034905792929415
-0.13873007423785821,-1.0915141660206573,1.5468069391295116,1.541359207586144,1.0,0.0,0.0,0.0,11.119897691565697
-1.1167519254267366,-1.046617101128884,1.5046873437758195,1.3822943051140413,1.0,0.0,0.0,0.0,11.611874470755124
-0.9922364656091732,-1.0216742873001234,1.5561668492081115,0.5869697927535281,1.0,0.0,0.0,0.0,11.685205103383671
-0.294949890630818,-1.0615827894261418,1.6076463546404038,-0.20835471960698504,1.0,0.0,0.0,0.0,11.51293546492023
-0.6133537093071588,-0.9468458458138347,1.5514868941688131,0.42790489028142553,1.0,0.0,0.0,0.0,11.574029971623514
-0.5082480123435098,-0.9717886596425952,1.5280871189723146,0.2688399878093229,1.0,0.0,0.0,0.0,11.494771677590096
-1.093732260586515,-1.0017200362371108,1.4859675236186225,-0.28788717084303633,1.0,0.0,0.0,0.0,12.461880850543723
-0.49380840439827967,-0.9668000968768474,1.4766076135400223,0.03024263410116893,1.0,0.0,0.0,0.0,11.83138646878959
-0.8860321028236043,-1.2611253000562335,2.0662819484917354,-0.20835471960698504,1.0,0.0,0.0,0.0,11.194110418585193
-0.7902912240563184,-1.2511481745247306,2.0850017686489357,-0.7650818782593443,1.0,0.0,0.0,0.0,11.451060699493427
-0.709722397115542,-1.2711024255877434,2.108401543845431,0.42790489028142553,1.0,0.0,0.0,0.0,11.31813853725963
-0.27041302060794525,-1.296045239416504,2.136481274081228,-0.04928981713488239,1.0,0.0,0.0,0.0,11.278480795900865
-0.5206995583252662,-1.111468417083663,2.2020006446314184,-0.20835471960698504,1.0,0.0,0.0,0.0,11.287291314687705
-0.6244450023665383,-1.4207593085603138,2.1926407345528185,-1.0036792319674983,1.0,0.0,0.0,0.0,11.3373928113354
-0.6492957769099595,-1.3808508064342957,2.1926407345528185,-1.3218090369117035,1.0,0.0,0.0,0.0,11.431726255472853
-0.4148614174803371,-1.3259766160110196,2.1926407345528185,-1.4808739393838062,1.0,0.0,0.0,0.0,11.305913595583258
-0.7433101808142293,-1.4955877500465957,1.9960826229022464,-1.0832116832035494,1.0,0.0,0.0,0.0,10.925956465688445
-1.3013277835092425,-1.5704161915328845,2.1224414089633292,-1.0036792319674983,1.0,0.0,0.0,0.0,11.37940550085183
-0.358620190882068,-1.3110109277137618,2.1645610043170214,-1.0832116832035494,1.0,0.0,0.0,0.0,11.834291315386718
-0.539690781818449,-1.4008050574973012,2.136481274081228,-1.0036792319674983,1.0,0.0,0.0,0.0,11.381688580803818
-0.19685472795941827,-1.3858393692000435,2.159881049277723,-1.4808739393838062,1.0,0.0,0.0,0.0,11.55503622867061
-0.9593811257917657,-1.3409423043082773,2.131801319041926,0.5074373415174769,1.0,0.0,0.0,0.0,11.06195554002416
-0.09221988777659176,-1.3309651787767673,2.131801319041926,0.03024263410116893,1.0,0.0,0.0,0.0,11.163382173096926
0.2173422869042999,-1.3259766160110196,2.136481274081228,-0.9241467807314468,1.0,0.0,0.0,0.0,11.766023856597407
-1.1656163957921164,-1.3309651787767673,2.127121364002628,0.8255671464616822,1.0,0.0,0.0,0.0,11.015361515187424
-1.2029187163172943,-1.3309651787767673,2.1224414089633292,1.779956561294298,1.0,0.0,0.0,0.0,10.857093336791094
-1.082222428166404,-1.3359537415425222,2.1224414089633292,1.4618267563500926,1.0,0.0,0.0,0.0,10.898607948952096
-0.797615662869116,-1.3209880532452645,2.127121364002628,-1.2422765856756521,1.0,0.0,0.0,0.0,11.395278670032656
-0.6599162131885166,-1.3159994904795096,2.136481274081228,-0.7650818782593443,1.0,0.0,0.0,0.0,11.34333452885509
-0.18089791483153725,-1.3060223649480067,2.136481274081228,0.10977508533722025,1.0,0.0,0.0,0.0,11.206413891581187
-0.8823175659971141,-1.3159994904795096,2.127121364002628,0.10977508533722025,1.0,0.0,0.0,0.0,11.05407540279458
-0.9633049322986217,-1.3309651787767673,2.117761453924028,-0.7650818782593443,1.0,0.0,0.0,0.0,10.916923143796645
-0.8639018341249366,-1.3259766160110196,2.1224414089633292,-0.6060169757872417,1.0,0.0,0.0,0.0,11.07753193632009
-1.0930521341253265,-1.3259766160110196,2.1130814988847293,-1.1627441344396008,1.0,0.0,0.0,0.0,10.851296331126829
-0.7527273164306836,-1.3359537415425222,2.1130814988847293,-1.0832116832035494,1.0,0.0,0.0,0.0,10.988693712621323
-1.1015275561801354,-1.296045239416504,2.0943616787275325,-0.3674196220790877,1.0,0.0,0.0,0.0,10.985309671896763
-0.9934920836913671,-1.3060223649480067,2.075641858570336,-0.6060169757872417,1.0,0.0,0.0,0.0,10.915106645867503
-0.8508224791020833,-1.301033802182259,2.0522420833738404,0.10977508533722025,1.0,0.0,0.0,0.0,11.130214506480655
-1.2472315711347213,-1.2810795511192463,2.075641858570336,0.18930753657327157,1.0,0.0,0.0,0.0,10.70101727068921
-0.9162192542163499,-1.2760909883534912,2.0475621283345387,-0.6060169757872417,1.0,0.0,0.0,0.0,11.055656405795794
-1.108956629833116,-1.2611253000562335,2.0569220384131386,-0.28788717084303633,1.0,0.0,0.0,0.0,10.975088291957388
-0.822414119992446,-1.241171048993228,2.0522420833738404,0.2688399878093229,1.0,0.0,0.0,0.0,11.133142723386813
-1.1320286120934293,-1.2112396723987124,2.0148024430594433,-0.12882226837093372,1.0,0.0,0.0,0.0,10.971657815702502
-0.7760608857914538,-1.2711024255877434,2.0007625779415448,-1.0036792319674983,1.0,0.0,0.0,0.0,11.25416768929685
-1.0319453874585558,-1.296045239416504,2.0054425329808465,-1.0036792319674983,1.0,0.0,0.0,0.0,11.015361515187424
-0.8617045024810973,-1.296045239416504,2.0148024430594433,0.2688399878093229,1.0,0.0,0.0,0.0,10.957817003758691
-0.38943515131591033,-1.2810795511192463,2.028842308177342,-0.12882226837093372,1.0,0.0,0.0,0.0,11.046132675457146
-0.8733189697413911,-1.3259766160110196,2.019482398098745,-0.6060169757872417,1.0,0.0,0.0,0.0,11.366754528799243
-1.0239408221845696,-1.3110109277137618,2.0101224880201447,-1.5604063906198575,1.0,0.0,0.0,0.0,10.904137815028022
-1.4927572236237234,-1.3060223649480067,2.0054425329808465,-0.6855494270232929,1.0,0.0,0.0,0.0,10.900454637442037
-0.8895896873898206,-1.301033802182259,2.0101224880201447,0.5074373415174769,1.0,0.0,0.0,0.0,10.993748398115178
-1.0563776226412458,-1.3060223649480067,2.0007625779415448,0.8255671464616822,1.0,0.0,0.0,0.0,10.887455624298198
-0.12831890763966708,-1.550461940469879,2.581077002814661,0.2688399878093229,1.0,0.0,0.0,0.0,11.412010608265987
-0.6110517428231367,-1.6153132564246577,2.4781179919500764,-1.0036792319674983,1.0,0.0,0.0,0.0,11.395278670032656
-0.30719216693220874,-1.6901416979109396,2.403238711321289,0.03024263410116893,1.0,0.0,0.0,0.0,11.441440204346033
-0.7897680498554043,-1.6751760096136887,2.4079186663605876,-0.6855494270232929,1.0,0.0,0.0,0.0,11.420821140914589
-0.774543680608803,-1.655221758550676,2.3985587562819872,-1.1627441344396008,1.0,0.0,0.0,0.0,11.533717798424087
-0.9162192542163499,-1.605336130893155,2.393878801242689,-0.9241467807314468,1.0,0.0,0.0,0.0,11.180259973491848
-1.1180075435089305,-1.6402560702534184,2.304959655496003,-1.3218090369117035,1.0,0.0,0.0,0.0,11.305913595583258
-0.9675949607461175,-1.6851531351451916,2.3564391609282955,-0.9241467807314468,1.0,0.0,0.0,0.0,11.45318607621936
-0.7309109522525642,-1.6851531351451916,2.3751589810854923,-0.20835471960698504,1.0,0.0,0.0,0.0,11.394153190178114
-1.439393455130482,-1.8846956457752833,2.5061977221858736,-0.446952073315139,1.0,0.0,0.0,0.0,11.097425172408931
-0.8709646858372774,-1.97448977555883,2.4547182167535815,-0.6855494270232929,1.0,0.0,0.0,0.0,11.225256725762893
-1.1778063546734159,-1.84977570641502,2.403238711321289,-0.28788717084303633,1.0,0.0,0.0,0.0,11.279744203985432
-1.0374387165681542,-1.7749472649287312,2.440678351635683,-0.8446143294953956,1.0,0.0,0.0,0.0,11.346882686945893
-1.0927905470248693,-1.914627022369799,2.3283594306924984,-0.9241467807314468,1.0,0.0,0.0,0.0,10.915106645867503
-1.4209777232583045,-1.7649701393972284,2.3236794756531998,-0.446952073315139,1.0,0.0,0.0,0.0,11.082157933374816
-1.1248611255409058,-1.7998900787574987,2.3143195655746,-0.8446143294953956,1.0,0.0,0.0,0.0,11.207771646606407
-1.0498379451298194,-1.7699587021629832,2.295599745417403,-0.446952073315139,1.0,0.0,0.0,0.0,11.026808713825016
-1.308599904901949,-1.8148557670547494,2.2815598802995045,-1.0036792319674983,1.0,0.0,0.0,0.0,10.795506083434564
-1.766429648121906,-1.8697299574780255,2.2441202399851106,-1.0832116832035494,1.0,0.0,0.0,0.0,10.945547126244623
-1.0878727095362766,-1.7500044510999706,2.2300803748672124,-1.4808739393838062,1.0,0.0,0.0,0.0,10.53212287826962
-1.7475430594689056,-1.7949015159917439,2.1879607795135203,0.5869697927535281,1.0,0.0,0.0,0.0,9.615805480084347
-0.5383828463161637,-1.8198443298205045,2.117761453924028,-0.12882226837093372,1.0,0.0,0.0,0.0,10.628641991731053
-0.6110517428231367,-1.9495469617300694,2.2020006446314184,-0.7650818782593443,1.0,0.0,0.0,0.0,11.07443600653965
-0.13145795284515174,-1.9246041479013087,2.1458411841598246,-0.6855494270232929,1.0,0.0,0.0,0.0,11.119897691565697
-1.5904861643544832,-1.914627022369799,2.075641858570336,-0.9241467807314468,1.0,0.0,0.0,0.0,11.37940550085183
-0.3556904153569487,0.30528340839001994,0.47977719016926657,-0.8446143294953956,1.0,0.0,0.0,0.0,11.289794413577894
-1.1165949731664624,0.30528340839001994,0.4002179545011807,-0.3674196220790877,1.0,0.0,0.0,0.0,11.685205103383671
-1.2525679479840455,0.45992885412833834,0.4376575948155744,-0.6855494270232929,1.0,0.0,0.0,0.0,11.872702592158976
-0.4379857171607418,0.3551690360475411,0.36277831418678363,-0.6855494270232929,1.0,0.0,0.0,0.0,11.847259703415569
0.10151151882191103,0.31526053392152276,0.3206587188330915,-1.4808739393838062,1.0,0.0,0.0,0.0,11.898874704662955
-0.698212564695431,0.15562652541744232,0.4563774149727713,0.3483724390453742,1.0,0.0,0.0,0.0,11.685205103383671
-1.1531125323902691,0.16061508818319728,0.43297763977627607,0.5074373415174769,1.0,0.0,0.0,0.0,10.987003123724813
-1.0777231300385424,0.1456493998859395,0.42361772969767597,0.3483724390453742,1.0,0.0,0.0,0.0,10.957817003758691
-1.0638066962942268,0.14066083712018457,0.42361772969767597,-0.8446143294953956,1.0,0.0,0.0,0.0,10.97337452485014
-0.6927715530059242,0.14066083712018457,0.4282976847369743,-0.6060169757872417,1.0,0.0,0.0,0.0,11.091346218718432
-0.4502803108822238,0.13567227435443668,0.4376575948155744,0.2688399878093229,1.0,0.0,0.0,0.0,11.600029337681997
-0.8017487390563378,0.10075233499416622,0.3908580444225806,-0.20835471960698504,1.0,0.0,0.0,0.0,11.51293546492023
-0.36850818327934504,0.06084383286814788,0.39553799946187895,0.7460346952256308,1.0,0.0,0.0,0.0,11.574029971623514
-0.9367800003122752,0.045878144570890116,0.3768181793046821,-0.5264845245511903,1.0,0.0,0.0,0.0,10.803669227477098
-0.6444302568414584,0.11072946052567612,0.41425781961907915,0.8255671464616822,1.0,0.0,0.0,0.0,11.034905792929415
-0.4817753977772546,0.045878144570890116,0.40489790954047905,0.2688399878093229,1.0,0.0,0.0,0.0,11.610968271383634
-0.5892353786450173,0.07082095839965069,0.4282976847369743,-0.12882226837093372,1.0,0.0,0.0,0.0,11.445727410406752
0.1809816799407679,0.045878144570890116,0.42361772969767597,-0.04928981713488239,1.0,0.0,0.0,0.0,11.598194491615347
-0.712652172640661,0.08578664669690846,0.4282976847369743,-0.7650818782593443,1.0,0.0,0.0,0.0,11.118415133585586
-0.2560257300828067,0.0907752094626634,0.4282976847369743,0.10977508533722025,1.0,0.0,0.0,0.0,11.294781892900653
-0.6203119261793169,0.09576377222841835,0.43297763977627607,-1.1627441344396008,1.0,0.0,0.0,0.0,11.464795582766675
-0.4495478670009441,0.09576377222841835,0.4282976847369743,0.18930753657327157,1.0,0.0,0.0,0.0,11.184435286790631
-0.9434766300839761,0.09576377222841835,0.43297763977627607,-0.28788717084303633,1.0,0.0,0.0,0.0,11.346882686945893
-1.2315363451072974,0.09576377222841835,0.42361772969767597,0.3483724390453742,1.0,0.0,0.0,0.0,10.85516473308054
-1.0024383625269988,0.09576377222841835,0.41893777465837756,0.7460346952256308,1.0,0.0,0.0,0.0,10.847412906506923
-1.0826932849472266,0.0907752094626634,0.42361772969767597,0.42790489028142553,1.0,0.0,0.0,0.0,10.985309671896763
-1.1299359152897728,0.0907752094626634,0.42361772969767597,0.10977508533722025,1.0,0.0,0.0,0.0,10.987003123724813
-0.5892353786450173,0.08578664669690846,0.41893777465837756,-0.04928981713488239,1.0,0.0,0.0,0.0,11.082157933374816
-0.8508224791020833,0.1456493998859395,0.41425781961907915,-0.7650818782593443,1.0,0.0,0.0,0.0,10.881832472145556
-1.1778063546734159,0.14066083712018457,0.41893777465837756,0.3483724390453742,1.0,0.0,0.0,0.0,10.825780236605917
-1.2058484918424133,0.14066083712018457,0.41425781961907915,0.8255671464616822,1.0,0.0,0.0,0.0,10.668978650219241
-0.6824127038278243,0.15562652541744232,0.40489790954047905,0.5074373415174769,1.0,0.0,0.0,0.0,11.215879689565481
-0.6305138230971423,0.2354435296694861,0.37213822426538373,-0.3674196220790877,1.0,0.0,0.0,0.0,11.174665631549477
-1.0443446160202208,0.2354435296694861,0.3674582692260853,-0.20835471960698504,1.0,0.0,0.0,0.0,10.961295207644392
-1.1974253872076959,0.24043209243523395,0.3674582692260853,-1.0832116832035494,1.0,0.0,0.0,0.0,10.929547069355774
-0.9816160293306163,0.24043209243523395,0.3674582692260853,-0.9241467807314468,1.0,0.0,0.0,0.0,10.868587496017359
-1.2113941383721032,0.2354435296694861,0.3580983591474852,0.18930753657327157,1.0,0.0,0.0,0.0,10.853232402669228
-0.9185735381204635,0.17059221371470007,0.38149813434398383,0.5869697927535281,1.0,0.0,0.0,0.0,11.002116507732017
-0.6338098205629014,0.19553502754346067,0.3580983591474852,0.8255671464616822,1.0,0.0,0.0,0.0,11.769124610238766
0.23638582781757453,0.15063796265169446,0.35341840410818687,-0.9241467807314468,1.0,0.0,0.0,0.0,11.889311855577725
-1.2530388047648682,0.17059221371470007,0.35341840410818687,0.8255671464616822,1.0,0.0,0.0,0.0,10.887455624298198
-0.9626248058374333,0.18056933924621,0.35341840410818687,0.18930753657327157,1.0,0.0,0.0,0.0,10.887455624298198
-0.9703154665908712,0.18056933924621,0.34873844906888846,-0.8446143294953956,1.0,0.0,0.0,0.0,10.968215530759236
-0.5646985086221445,0.11072946052567612,0.3674582692260853,-0.8446143294953956,1.0,0.0,0.0,0.0,11.726430716744437
-1.0160408917507664,0.13068371158868175,0.35341840410818687,0.2688399878093229,1.0,0.0,0.0,0.0,11.136062390867204
-0.8055679107230109,0.06084383286814788,0.33469858395099,-0.5264845245511903,1.0,0.0,0.0,0.0,11.150534214035387
-0.8653667218874962,0.0807980839311606,0.33469858395099,-0.6855494270232929,1.0,0.0,0.0,0.0,10.876177521259402
-1.1571409737373077,0.07580952116540564,0.33469858395099,-0.6855494270232929,1.0,0.0,0.0,0.0,10.778977123006351
-0.6811570857456303,0.14066083712018457,0.33469858395099,-1.0832116832035494,1.0,0.0,0.0,0.0,11.005444242454628
-0.8087592733485871,0.13567227435443668,0.33469858395099,-0.3674196220790877,1.0,0.0,0.0,0.0,11.080618310893968
-1.2729194243996051,0.13567227435443668,0.3300186289116916,-0.12882226837093372,1.0,0.0,0.0,0.0,10.781058245898533
-0.8978035223441724,0.13068371158868175,0.3300186289116916,-1.1627441344396008,1.0,0.0,0.0,0.0,11.08523008522044
-0.23284911298231054,0.1256951488229339,0.33937853899028836,-0.8446143294953956,1.0,0.0,0.0,0.0,11.133142723386813
0.7849862948961331,0.10075233499416622,0.33469858395099,-0.6855494270232929,1.0,0.0,0.0,0.0,12.351475171599722
2.700274727022679,0.1256951488229339,0.3253386738723899,-0.6855494270232929,1.0,0.0,0.0,0.0,12.384641335788151
0.37539321300045936,0.1256951488229339,0.3253386738723899,-0.8446143294953956,1.0,0.0,0.0,0.0,11.921725007667265
0.07226608099081137,0.11571802329142399,0.3300186289116916,-1.8785361955640627,1.0,0.0,0.0,0.0,11.748795687555171
0.1595315377032883,0.11571802329142399,0.3253386738723899,-0.9241467807314468,1.0,0.0,0.0,0.0,11.447864140528155
-0.38069814216064424,0.11072946052567612,0.3253386738723899,-1.1627441344396008,1.0,0.0,0.0,0.0,11.567423119906431
-0.46660334595074476,0.10574089775992117,0.3253386738723899,-1.4013414881477548,1.0,0.0,0.0,0.0,11.790564777297387
-1.3669861457239658,0.14066083712018457,0.3300186289116916,-0.04928981713488239,1.0,0.0,0.0,0.0,10.831726617926124
-1.25680565901145,0.14066083712018457,0.3300186289116916,0.5074373415174769,1.0,0.0,0.0,0.0,11.170449240431308
-1.0706079609061103,0.13567227435443668,0.3300186289116916,1.30276185387799,1.0,0.0,0.0,0.0,11.052491896264268
-1.2573811506324553,0.13068371158868175,0.3300186289116916,0.2688399878093229,1.0,0.0,0.0,0.0,10.898607948952096
-1.6384612385783093,0.14066083712018457,0.3253386738723899,-0.7650818782593443,1.0,0.0,0.0,0.0,11.630717389475995
-0.7592669939421103,0.13068371158868175,0.3253386738723899,1.3822943051140413,1.0,0.0,0.0,0.0,11.349241150793087
1.0416555578646067,0.16061508818319728,0.33937853899028836,-1.0036792319674983,1.0,0.0,0.0,0.0,11.949895700065218
-0.18136877161236004,0.15063796265169446,0.3300186289116916,-1.71947129309196,1.0,0.0,0.0,0.0,11.3350062038375
-0.4003171746949242,0.1456493998859395,0.33469858395099,-1.71947129309196,1.0,0.0,0.0,0.0,11.189975390433117
-1.6198885544458577,0.1456493998859395,0.3253386738723899,-1.4808739393838062,1.0,0.0,0.0,0.0,10.92415631759022
-0.7664344804946337,0.15063796265169446,0.3300186289116916,-0.20835471960698504,1.0,0.0,0.0,0.0,10.978507040265917
-0.37478627369031464,0.1656036509489522,0.3253386738723899,-1.5604063906198575,1.0,0.0,0.0,0.0,11.461642696843066
-0.5996988626633,0.1905464647777128,0.3300186289116916,0.3483724390453742,1.0,0.0,0.0,0.0,11.481445117743048
-0.5705580596723829,0.24043209243523395,0.33469858395099,-0.6060169757872417,1.0,0.0,0.0,0.0,11.437134538982278
-0.6643108764761952,0.23045496690373113,0.306618853715193,-0.8446143294953956,1.0,0.0,0.0,0.0,11.448930795918299
-0.5986001968413803,0.2204778413722283,0.3112988087544914,0.3483724390453742,1.0,0.0,0.0,0.0,11.245059091624615
-0.8910545751523802,0.2254664041379762,0.306618853715193,0.03024263410116893,1.0,0.0,0.0,0.0,11.10045084755119
0.27400205286330076,0.20551215307497056,0.30193889867589463,-0.8446143294953956,1.0,0.0,0.0,0.0,11.281006017883909
-1.1475145684404877,0.20551215307497056,0.3159787637937931,-1.71947129309196,1.0,0.0,0.0,0.0,11.2922912626048
-0.7576451539192763,0.21050071584071842,0.306618853715193,-0.8446143294953956,1.0,0.0,0.0,0.0,11.19135563385109
-1.2264092379383387,0.21548927860647338,0.306618853715193,0.2688399878093229,1.0,0.0,0.0,0.0,10.785207543360087
-1.2588983558151063,0.21548927860647338,0.306618853715193,0.5869697927535281,1.0,0.0,0.0,0.0,11.033291613631048
-0.6546321537592839,0.18555790201195785,0.3112988087544914,-0.7650818782593443,1.0,0.0,0.0,0.0,10.950824090522445
-1.3246090354499214,0.18555790201195785,0.3112988087544914,0.2688399878093229,1.0,0.0,0.0,0.0,10.727684925086583
-1.1001673032577586,0.18056933924621,0.3112988087544914,-0.446952073315139,1.0,0.0,0.0,0.0,10.63106031411106
-1.0268705977096888,0.18056933924621,0.3112988087544914,-0.8446143294953956,1.0,0.0,0.0,0.0,10.807725945886109
-1.218927846865267,0.17558077648045503,0.3159787637937931,-0.9241467807314468,1.0,0.0,0.0,0.0,10.898607948952096
-0.6219337662021506,0.16061508818319728,0.2972589436365962,-0.446952073315139,1.0,0.0,0.0,0.0,11.143324481431074
-1.399527581020825,0.14066083712018457,0.3206587188330915,-0.12882226837093372,1.0,0.0,0.0,0.0,11.075985169527042
-1.0267136454494146,0.1456493998859395,0.3206587188330915,0.03024263410116893,1.0,0.0,0.0,0.0,11.110969193687714
-0.8757255710655961,0.14066083712018457,0.3206587188330915,0.3483724390453742,1.0,0.0,0.0,0.0,11.1154434073529
0.10690021309132658,0.15063796265169446,0.3206587188330915,-1.7990037443280114,1.0,0.0,0.0,0.0,11.610061250069942
0.4687798078636322,0.15063796265169446,0.3206587188330915,-1.5604063906198575,1.0,0.0,0.0,0.0,11.636036503798104
-0.7592669939421103,0.15562652541744232,0.3112988087544914,-0.8446143294953956,1.0,0.0,0.0,0.0,11.345701365855424
-0.5214843196266371,0.13567227435443668,0.3253386738723899,1.2232294026419388,1.0,0.0,0.0,0.0,11.251573687764477
-0.255711825562258,0.13567227435443668,0.3206587188330915,-0.446952073315139,1.0,0.0,0.0,0.0,11.434974734252892
0.08032296368488881,0.13068371158868175,0.3206587188330915,1.2232294026419388,1.0,0.0,0.0,0.0,11.599112335481124
-0.6816802599465444,0.13068371158868175,0.3206587188330915,-0.446952073315139,1.0,0.0,0.0,0.0,11.394153190178114
0.6871004019050995,0.14066083712018457,0.3159787637937931,-1.1627441344396008,1.0,0.0,0.0,0.0,11.531757032705352
-0.40758929608763067,0.14066083712018457,0.3159787637937931,0.42790489028142553,1.0,0.0,0.0,0.0,11.324195417595107
0.2100701655115937,0.13567227435443668,0.3159787637937931,-1.0036792319674983,1.0,0.0,0.0,0.0,11.485564545613576
-0.9442613913853473,0.13068371158868175,0.3159787637937931,-0.8446143294953956,1.0,0.0,0.0,0.0,11.43605521971203
0.0762945223378501,0.13068371158868175,0.3112988087544914,-0.6855494270232929,1.0,0.0,0.0,0.0,11.3655964644899
0.7763539205810501,0.13567227435443668,0.3112988087544914,-1.1627441344396008,1.0,0.0,0.0,0.0,11.68352019721342
0.770755956631269,0.14066083712018457,0.3112988087544914,-0.6855494270232929,1.0,0.0,0.0,0.0,12.085604132204319
-1.1831427315227399,0.12070658605717893,0.3206587188330915,-1.0036792319674983,1.0,0.0,0.0,0.0,11.369066641827967
0.025494307429087773,0.11571802329142399,0.3206587188330915,-1.1627441344396008,1.0,0.0,0.0,0.0,11.336200219573199
-0.02760787396369648,0.11072946052567612,0.3206587188330915,-1.4808739393838062,1.0,0.0,0.0,0.0,11.457423325808623
-0.3760942091925999,0.11571802329142399,0.3206587188330915,-1.7990037443280114,1.0,0.0,0.0,0.0,11.398647529267592
-0.180479375470806,0.12070658605717893,0.3206587188330915,-0.6855494270232929,1.0,0.0,0.0,0.0,11.324195417595107
0.2643756475664804,0.1256951488229339,0.3206587188330915,0.5074373415174769,1.0,0.0,0.0,0.0,11.391898423211194
-0.7200289288735503,0.12070658605717893,0.3206587188330915,-0.446952073315139,1.0,0.0,0.0,0.0,11.356283350762888
0.7218914862658891,0.12070658605717893,0.3206587188330915,-0.7650818782593443,1.0,0.0,0.0,0.0,11.706030338921243
-0.09771321688619035,0.1256951488229339,0.3206587188330915,0.03024263410116893,1.0,0.0,0.0,0.0,11.381688580803818
-0.4644060143069054,0.1256951488229339,0.3159787637937931,-0.6060169757872417,1.0,0.0,0.0,0.0,11.37940550085183
0.094919523890393,0.12070658605717893,0.3159787637937931,-0.9241467807314468,1.0,0.0,0.0,0.0,11.583393248239855
0.7924153685491142,0.12070658605717893,0.3159787637937931,-1.0832116832035494,1.0,0.0,0.0,0.0,11.635151947212842
0.8148072243482389,0.12070658605717893,0.3112988087544914,-1.4013414881477548,1.0,0.0,0.0,0.0,11.80410890048989
-0.474241689284091,0.1256951488229339,0.3112988087544914,-1.0832116832035494,1.0,0.0,0.0,0.0,11.444657330797734
-0.6153940886907239,0.11571802329142399,0.3159787637937931,-1.1627441344396008,1.0,0.0,0.0,0.0,11.395278670032656
-0.6219337662021506,0.11571802329142399,0.3112988087544914,-1.2422765856756521,1.0,0.0,0.0,0.0,11.217224661591072
0.5598644362427821,0.12070658605717893,0.3112988087544914,-1.3218090369117035,1.0,0.0,0.0,0.0,11.65789988570203
-0.0987595652880185,0.09576377222841835,0.3112988087544914,-1.1627441344396008,1.0,0.0,0.0,0.0,11.442513730229855
-0.597815435540009,0.1256951488229339,0.3112988087544914,-1.1627441344396008,1.0,0.0,0.0,0.0,11.398647529267592
-0.8595594882573494,0.14066083712018457,0.30193889867589463,-0.446952073315139,1.0,0.0,0.0,0.0,11.696088334428081
-0.7200289288735503,0.05585527010240002,0.2878990335579961,0.2688399878093229,1.0,0.0,0.0,0.0,11.206413891581187
-0.8246637690563768,0.08578664669690846,0.2878990335579961,-0.28788717084303633,1.0,0.0,0.0,0.0,11.796607046116602
-1.015360765289578,0.10574089775992117,0.27385916844009767,-1.4808739393838062,1.0,0.0,0.0,0.0,11.131679686740132
-0.6122550434852392,0.10075233499416622,0.27385916844009767,-0.7650818782593443,1.0,0.0,0.0,0.0,11.079076314320059
-0.7706721915220384,0.10574089775992117,0.26917921340079926,-0.8446143294953956,1.0,0.0,0.0,0.0,11.002116507732017
-1.2730763766598792,0.11072946052567612,0.27385916844009767,0.2688399878093229,1.0,0.0,0.0,0.0,10.907807476583594
-1.171109724901715,0.11072946052567612,0.26917921340079926,-0.20835471960698504,1.0,0.0,0.0,0.0,11.007103966325696
-1.3013277835092425,0.10574089775992117,0.26917921340079926,-0.28788717084303633,1.0,0.0,0.0,0.0,10.823790225800138
-1.2717161237375025,0.10075233499416622,0.26917921340079926,0.5074373415174769,1.0,0.0,0.0,0.0,10.898607948952096
-0.1648887842835647,0.11571802329142399,0.278539123479396,-1.3218090369117035,1.0,0.0,0.0,0.0,11.409795792463761
-0.35673676375877705,0.11072946052567612,0.27385916844009767,0.03024263410116893,1.0,0.0,0.0,0.0,11.578722568760277
-0.4110945632337553,0.11571802329142399,0.27385916844009767,0.7460346952256308,1.0,0.0,0.0,0.0,11.267037714175425
-0.19481434857585325,0.12070658605717893,0.27385916844009767,0.03024263410116893,1.0,0.0,0.0,0.0,11.40646434386837
-0.66336916291455,0.12070658605717893,0.26917921340079926,0.7460346952256308,1.0,0.0,0.0,0.0,11.112462823634855
-1.5974443812266412,0.11571802329142399,0.26917921340079926,0.10977508533722025,1.0,0.0,0.0,0.0,11.133142723386813
-0.12659243277665028,0.1256951488229339,0.27385916844009767,-1.8785361955640627,1.0,0.0,0.0,0.0,11.465844339561734
-0.294949890630818,0.1256951488229339,0.26917921340079926,0.03024263410116893,1.0,0.0,0.0,0.0,11.268315653289422
-0.5439808102659449,0.1256951488229339,0.2878990335579961,-0.6060169757872417,1.0,0.0,0.0,0.0,11.407576060361786
-0.23316301750285898,0.16061508818319728,0.278539123479396,-0.3674196220790877,1.0,0.0,0.0,0.0,11.843674210764698
-0.6625844016131787,0.15063796265169446,0.2551393482829008,-0.446952073315139,1.0,0.0,0.0,0.0,11.097425172408931
-0.7345731716589632,0.14066083712018457,0.2270596180471038,-0.3674196220790877,1.0,0.0,0.0,0.0,11.769124610238766
-0.6742511862935638,0.21548927860647338,0.278539123479396,-0.5264845245511903,1.0,0.0,0.0,0.0,11.161962746590705
-0.5031732225946427,0.2254664041379762,0.25981930332219916,-0.6060169757872417,1.0,0.0,0.0,0.0,11.645715332733134
-0.44149098430686645,0.2454206552009889,0.27385916844009767,-0.04928981713488239,1.0,0.0,0.0,0.0,10.925956465688445
-0.23316301750285898,0.24043209243523395,0.27385916844009767,0.42790489028142553,1.0,0.0,0.0,0.0,11.215879689565481
-0.9888881507233228,0.24043209243523395,0.26917921340079926,1.1436969514058875,1.0,0.0,0.0,0.0,10.77270764101727
-1.0429320456777527,0.24043209243523395,0.26917921340079926,0.7460346952256308,1.0,0.0,0.0,0.0,10.70551155928146
-0.7381830736452707,0.2354435296694861,0.26917921340079926,0.7460346952256308,1.0,0.0,0.0,0.0,10.809748150372926
-1.2219099398104774,0.23045496690373113,0.26917921340079926,-1.4808739393838062,1.0,0.0,0.0,0.0,10.975088291957388
-0.6443256220012755,0.41503178923657214,0.278539123479396,-0.5264845245511903,1.0,0.0,0.0,0.0,11.83138646878959
-0.6580851034853172,0.32024909668727064,0.25981930332219916,0.10977508533722025,1.0,0.0,0.0,0.0,11.643084929027989
-0.5156770859964903,0.3751232871105538,0.23173957308640553,1.1436969514058875,1.0,0.0,0.0,0.0,11.092869425057021
-0.9277814040565522,0.5148030445516144,0.2270596180471038,-1.4013414881477548,1.0,0.0,0.0,0.0,11.503894811084523
-0.3930450533022178,0.599608611569406,0.25981930332219916,-1.4808739393838062,1.0,0.0,0.0,0.0,11.174665631549477
-0.7756423464307226,0.43498604029957777,0.08666096686812562,-0.6855494270232929,1.0,0.0,0.0,0.0,11.315705475634307
0.13012914761191427,0.3551690360475411,0.12410060718251935,0.7460346952256308,1.0,0.0,0.0,0.0,11.174665631549477
-0.5315292642841886,0.42002035200232,0.17558011261481157,-1.1627441344396008,1.0,0.0,0.0,0.0,11.766799946849087
-0.7433624982343207,0.2454206552009889,0.2644992583615009,0.10977508533722025,1.0,0.0,0.0,0.0,11.021918808236205
-1.1811546695592663,0.2354435296694861,0.25981930332219916,-0.9241467807314468,1.0,0.0,0.0,0.0,11.252871529635922
-1.2540851531666963,0.11571802329142399,0.26917921340079926,-0.5264845245511903,1.0,0.0,0.0,0.0,10.904137815028022
-0.9641943284401757,0.11571802329142399,0.2644992583615009,-1.3218090369117035,1.0,0.0,0.0,0.0,10.904137815028022
-1.4674355922994793,0.12070658605717893,0.25981930332219916,-0.12882226837093372,1.0,0.0,0.0,0.0,11.063524143191238
-0.3824246170236608,0.13068371158868175,0.2644992583615009,-0.446952073315139,1.0,0.0,0.0,0.0,11.218567827096358
-0.816711521202482,0.1256951488229339,0.26917921340079926,-0.28788717084303633,1.0,0.0,0.0,0.0,11.052491896264268
-0.8632740250838398,0.1256951488229339,0.2644992583615009,-0.28788717084303633,1.0,0.0,0.0,0.0,11.07443600653965
-0.23708682400971512,0.1256951488229339,0.2644992583615009,-1.0832116832035494,1.0,0.0,0.0,0.0,11.330215832884798
-1.4544608721168089,0.1256951488229339,0.25981930332219916,-1.4013414881477548,1.0,0.0,0.0,0.0,11.18859323930985
-0.2831784711102501,0.1256951488229339,0.25981930332219916,-1.4013414881477548,1.0,0.0,0.0,0.0,11.151969943847991
-0.8631693902436569,0.11072946052567612,0.2644992583615009,0.18930753657327157,1.0,0.0,0.0,0.0,10.835671318412196
-1.114397641522623,0.11072946052567612,0.2644992583615009,0.03024263410116893,1.0,0.0,0.0,0.0,10.841559345471941
-0.8508224791020833,0.10574089775992117,0.2644992583615009,0.3483724390453742,1.0,0.0,0.0,0.0,10.849356503939038
-0.7241096876406806,0.10075233499416622,0.25981930332219916,-0.3674196220790877,1.0,0.0,0.0,0.0,11.098939154318382
-1.4865314506328453,0.11072946052567612,0.25981930332219916,-1.7990037443280114,1.0,0.0,0.0,0.0,11.124332223082254
-0.5551244207454159,0.06084383286814788,0.24577943820430068,-0.12882226837093372,1.0,0.0,0.0,0.0,11.579658451506333
-0.7785198045357503,0.11072946052567612,0.24577943820430068,-0.6060169757872417,1.0,0.0,0.0,0.0,10.803669227477098
-0.9652406768420041,0.06084383286814788,0.21301975292920866,-0.8446143294953956,1.0,0.0,0.0,0.0,11.630717389475995
-1.0429843630978441,0.13068371158868175,0.19897988781131018,-0.6855494270232929,1.0,0.0,0.0,0.0,10.793454842740767
-1.0394790959517195,0.08578664669690846,0.18961997773271005,0.8255671464616822,1.0,0.0,0.0,0.0,11.630717389475995
-0.829006114923964,0.15063796265169446,0.19429993277200847,0.03024263410116893,1.0,0.0,0.0,0.0,11.630717389475995
-1.1159671641253652,0.18056933924621,0.21769970796850704,0.10977508533722025,1.0,0.0,0.0,0.0,10.657282884047461
-1.029172564193711,0.1905464647777128,0.19897988781131018,0.03024263410116893,1.0,0.0,0.0,0.0,11.174665631549477
0.012414952406234516,0.1905464647777128,0.2364195281257039,0.9846320489337848,1.0,0.0,0.0,0.0,11.360950749348124
-0.9509580211570481,0.2204778413722283,0.23173957308640553,-0.04928981713488239,1.0,0.0,0.0,0.0,10.61890979160975
-1.1330226430751662,0.27036346902974945,0.23173957308640553,-0.3674196220790877,1.0,0.0,0.0,0.0,11.466891997618188
-1.172365342983909,0.2553977807324917,0.2410994831650023,-0.6855494270232929,1.0,0.0,0.0,0.0,10.799595985047786
-0.8145141895586426,0.2553977807324917,0.2410994831650023,-0.28788717084303633,1.0,0.0,0.0,0.0,10.876177521259402
-1.1672382358149505,0.21548927860647338,0.19897988781131018,0.2688399878093229,1.0,0.0,0.0,0.0,10.633472802314019
-0.9043431998555991,0.2254664041379762,0.19429993277200847,-0.12882226837093372,1.0,0.0,0.0,0.0,10.894904309600681
-1.0109661020018992,0.2454206552009889,0.1802600676541133,-0.20835471960698504,1.0,0.0,0.0,0.0,11.036517370851499
-0.7854257039878169,0.28034059456125227,0.1802600676541133,-0.9241467807314468,1.0,0.0,0.0,0.0,11.287291314687705
-0.49987722512888366,0.3252376594530256,0.18961997773271005,-0.04928981713488239,1.0,0.0,0.0,0.0,11.49782197939291
-0.5998034975034828,0.2454206552009889,0.21301975292920866,-0.28788717084303633,1.0,0.0,0.0,0.0,11.546369912189585
-0.6733094727319182,0.2553977807324917,0.21769970796850704,-0.6060169757872417,1.0,0.0,0.0,0.0,11.060384472475045
-0.10341581567615435,0.2553977807324917,0.21301975292920866,-1.4013414881477548,1.0,0.0,0.0,0.0,11.196857635323791
-0.4438975856310714,0.2653749062639945,0.21301975292920866,-1.0832116832035494,1.0,0.0,0.0,0.0,11.256754979390998
0.07608525265748446,0.2603863434982467,0.21301975292920866,-1.5604063906198575,1.0,0.0,0.0,0.0,11.504903373867316
-1.1964836736460502,0.2653749062639945,0.20365984285060856,-0.9241467807314468,1.0,0.0,0.0,0.0,10.859018228147887
0.16183350418731068,0.2553977807324917,0.20833979788990695,-0.7650818782593443,1.0,0.0,0.0,0.0,11.185823192802378
-0.4584418284164843,0.25040921796674387,0.20833979788990695,-1.8785361955640627,1.0,0.0,0.0,0.0,11.170449240431308
-0.35160965658981846,0.25040921796674387,0.20365984285060856,-1.4013414881477548,1.0,0.0,0.0,0.0,11.241129864948206
-1.136946449582022,0.2553977807324917,0.20365984285060856,-0.6855494270232929,1.0,0.0,0.0,0.0,11.075985169527042
-1.0990163200157474,0.2603863434982467,0.20365984285060856,-0.6060169757872417,1.0,0.0,0.0,0.0,11.049317340813348
-0.3734260207679378,0.2603863434982467,0.19897988781131018,-0.446952073315139,1.0,0.0,0.0,0.0,11.16479958768697
-0.44619955211509355,0.27535203179550444,0.21301975292920866,-1.0832116832035494,1.0,0.0,0.0,0.0,11.391898423211194
-1.0414148404951018,0.28034059456125227,0.20833979788990695,0.18930753657327157,1.0,0.0,0.0,0.0,10.92415631759022
-0.6183238642158431,0.27036346902974945,0.20833979788990695,-0.7650818782593443,1.0,0.0,0.0,0.0,11.12285622984002
-0.3276482781879513,0.27036346902974945,0.20833979788990695,-0.7650818782593443,1.0,0.0,0.0,0.0,11.297266335365645
-0.8624892637824685,0.2653749062639945,0.20365984285060856,-0.20835471960698504,1.0,0.0,0.0,0.0,11.264476926102367
-0.7636093398096975,0.27036346902974945,0.20365984285060856,-0.20835471960698504,1.0,0.0,0.0,0.0,11.259335592686217
-1.195541960084405,0.27535203179550444,0.20365984285060856,0.03024263410116893,1.0,0.0,0.0,0.0,11.015361515187424
-1.183247366362923,0.27535203179550444,0.20365984285060856,0.8255671464616822,1.0,0.0,0.0,0.0,10.879951039444416
-1.1854970154268536,0.28034059456125227,0.20365984285060856,1.2232294026419388,1.0,0.0,0.0,0.0,10.837637848711049
-0.7832283723439775,0.32024909668727064,0.21769970796850704,-0.7650818782593443,1.0,0.0,0.0,0.0,11.407576060361786
-0.802167278417069,0.29530628285851007,0.19897988781131018,0.3483724390453742,1.0,0.0,0.0,0.0,10.766398604507042
-1.2167305152214274,0.28532915732700725,0.19429993277200847,-0.3674196220790877,1.0,0.0,0.0,0.0,10.86477077032911
-0.9946953843534696,0.300294845624265,0.19897988781131018,-0.20835471960698504,1.0,0.0,0.0,0.0,10.847412906506923
-0.4715211834393376,0.2903177200927622,0.20365984285060856,-0.6060169757872417,1.0,0.0,0.0,0.0,11.065090289695444
-1.1090612646732991,0.2903177200927622,0.19897988781131018,-0.7650818782593443,1.0,0.0,0.0,0.0,10.659633006160352
0.10831278343379516,0.28532915732700725,0.19897988781131018,0.9846320489337848,1.0,0.0,0.0,0.0,11.305913595583258
-0.896861808782527,0.27036346902974945,0.19897988781131018,0.5869697927535281,1.0,0.0,0.0,0.0,10.857093336791094
-1.2980317860434833,0.27535203179550444,0.19897988781131018,0.9846320489337848,1.0,0.0,0.0,0.0,10.67130147767883
-1.1484039645820416,0.28034059456125227,0.19897988781131018,-0.28788717084303633,1.0,0.0,0.0,0.0,10.77270764101727
-1.3056178119567383,0.28034059456125227,0.19429993277200847,-0.12882226837093372,1.0,0.0,0.0,0.0,10.879951039444416
-0.8664130702893243,0.27535203179550444,0.19429993277200847,-0.5264845245511903,1.0,0.0,0.0,0.0,11.08523008522044
-0.7976679802892076,0.07580952116540564,0.1568602924576147,-0.6060169757872417,1.0,0.0,0.0,0.0,10.768506042432708
-1.043873759239398,0.1905464647777128,0.15218033741831632,-0.28788717084303633,1.0,0.0,0.0,0.0,10.868587496017359
-1.2405872587831117,0.05585527010240002,0.10538078702532248,-0.5264845245511903,1.0,0.0,0.0,0.0,10.661977618146238
-0.9065928489195297,0.13567227435443668,0.11006074206462087,-0.6855494270232929,1.0,0.0,0.0,0.0,11.044536531401494
-0.7636093398096975,0.2254664041379762,0.1007008319860241,0.6665022439895795,1.0,0.0,0.0,0.0,10.97337452485014
-1.0787171610202793,0.2354435296694861,0.07262110175022712,-0.7650818782593443,1.0,0.0,0.0,0.0,10.815790343132422
-1.1086427253125677,0.15063796265169446,0.11942065214322097,-0.8446143294953956,1.0,0.0,0.0,0.0,10.883710371704016
-1.1751904836688454,0.15063796265169446,0.11006074206462087,-1.3218090369117035,1.0,0.0,0.0,0.0,10.809748150372926
-1.1663488396733963,0.15562652541744232,0.11006074206462087,-0.3674196220790877,1.0,0.0,0.0,0.0,10.7706090484022
-0.6375766748094831,0.2553977807324917,0.14282042733971623,-0.8446143294953956,1.0,0.0,0.0,0.0,11.092869425057021
-1.047012804444883,0.2653749062639945,0.15218033741831632,-0.8446143294953956,1.0,0.0,0.0,0.0,10.853232402669228
-0.050679856224009834,0.30528340839001994,0.11006074206462087,-0.9241467807314468,1.0,0.0,0.0,0.0,11.474195031610165
-0.6392508322524084,-0.4130696298783314,1.1068911654353768,-0.9241467807314468,1.0,0.0,0.0,0.0,11.631605875642963
-0.3475288978226882,-0.40808106711257647,1.1068911654353768,0.3483724390453742,1.0,0.0,0.0,0.0,11.56362808494399
-0.6312985843985135,-0.4130696298783314,1.0975312553567766,-0.7650818782593443,1.0,0.0,0.0,0.0,11.705205603408396
-0.9024597727323082,-0.40808106711257647,1.0975312553567766,1.8594890125303492,1.0,0.0,0.0,0.0,11.370220696727491
-0.698212564695431,-0.39810394158107365,1.1115711204746752,0.10977508533722025,1.0,0.0,0.0,0.0,11.72157244693173
-0.7623537217275037,-0.3881268160495637,1.1022112103960784,-2.0376010980361654,1.0,0.0,0.0,0.0,12.289958727201455
-0.7947905221841798,-0.40309250434682153,1.1022112103960784,0.5869697927535281,1.0,0.0,0.0,0.0,11.638685488579059
-0.6791690237821566,-0.40309250434682153,1.0928513003174782,1.4618267563500926,1.0,0.0,0.0,0.0,11.559818592808288
0.09523342841094168,-0.3432297511577975,1.167730580946269,-0.9241467807314468,1.0,0.0,0.0,0.0,11.37940550085183
-0.5064169026403101,-0.35320687668930034,1.1396508507104721,-1.2422765856756521,1.0,0.0,0.0,0.0,11.557908390796706
-0.6392508322524084,-0.4130696298783314,1.1349708956711737,-1.3218090369117035,1.0,0.0,0.0,0.0,11.760574294255605
-0.68188952962691,-0.3881268160495637,1.1256109855925736,-1.0036792319674983,1.0,0.0,0.0,0.0,11.685205103383671
-0.9141788748327848,-0.4180581926440793,1.1209310305532751,-1.1627441344396008,1.0,0.0,0.0,0.0,11.655301379246426
-0.0987595652880185,-0.42803531817558915,1.1162510755139767,-1.0832116832035494,1.0,0.0,0.0,0.0,12.133507329024972
-0.029282031406621747,-0.36817256498655815,1.1162510755139767,-1.4013414881477548,1.0,0.0,0.0,0.0,11.847259703415569
-0.3080292456536713,-0.36318400222080316,1.1256109855925736,-1.7990037443280114,1.0,0.0,0.0,0.0,11.61999352194924
-0.1006953098314007,-0.35320687668930034,1.1209310305532751,-1.2422765856756521,1.0,0.0,0.0,0.0,11.889311855577725
-0.36034666574508456,-0.3482183139235454,1.1162510755139767,-1.2422765856756521,1.0,0.0,0.0,0.0,11.510933482289435
-0.42030242916984395,-0.35819543945505533,1.1115711204746752,-1.3218090369117035,1.0,0.0,0.0,0.0,11.562677071567636
-0.7111349674580102,-0.36318400222080316,1.1022112103960784,-0.446952073315139,1.0,0.0,0.0,0.0,11.941462360646149
-0.19685472795941827,-0.3781496905180609,1.1068911654353768,-1.1627441344396008,1.0,0.0,0.0,0.0,12.047668766996187
-0.6906265387821761,-0.3382411883920426,1.1256109855925736,-0.5264845245511903,1.0,0.0,0.0,0.0,11.821887014814502
-0.4868501875261217,-0.3382411883920426,1.1209310305532751,-0.6060169757872417,1.0,0.0,0.0,0.0,11.665655135642039
-1.766429648121906,-0.3083098117975271,1.1396508507104721,1.1436969514058875,1.0,0.0,0.0,0.0,11.998439434579149
-0.4021482843981236,-0.3083098117975271,1.1209310305532751,-0.9241467807314468,1.0,0.0,0.0,0.0,11.659628479662329
-0.9489176417734831,-0.2733898724372637,1.1630506259069673,0.6665022439895795,1.0,0.0,0.0,0.0,11.395278670032656
-0.9162192542163499,-0.2284928075454904,1.1958103111820626,-0.20835471960698504,1.0,0.0,0.0,0.0,11.794345471549745
-0.19685472795941827,-0.3432297511577975,1.1022112103960784,-1.3218090369117035,1.0,0.0,0.0,0.0,11.581527593460411
-0.3930450533022178,-0.33325262562628766,1.1115711204746752,-1.4013414881477548,1.0,0.0,0.0,0.0,11.909020140718255
-0.37876239761726205,-0.3282640628605398,1.0975312553567766,-1.1627441344396008,1.0,0.0,0.0,0.0,11.443586104891608
-0.9011518372300229,-0.35320687668930034,1.060091615042383,-0.9241467807314468,1.0,0.0,0.0,0.0,11.940158587995837
-1.1778063546734159,-0.33325262562628766,1.0881713452781798,0.42790489028142553,1.0,0.0,0.0,0.0,11.282266241614355
-0.9786339363854057,-0.3282640628605398,1.0881713452781798,1.8594890125303492,1.0,0.0,0.0,0.0,11.130214506480655
-0.2622515030736848,-0.3382411883920426,1.0741314801602813,-1.2422765856756521,1.0,0.0,0.0,0.0,11.806348526363516
-1.151647644627709,-0.27837843520301153,1.0741314801602813,-1.8785361955640627,1.0,0.0,0.0,0.0,11.630717389475995
-0.15950009001414917,-0.3881268160495637,1.0975312553567766,-1.958068646800114,1.0,0.0,0.0,0.0,11.915058360753719
-0.9786339363854057,-0.3781496905180609,1.0928513003174782,-0.9241467807314468,1.0,0.0,0.0,0.0,11.686046493072437
-0.7336314580973177,-0.36318400222080316,1.0928513003174782,-0.9241467807314468,1.0,0.0,0.0,0.0,11.696088334428081
-0.43228311837077776,-0.35819543945505533,1.0788114351995797,-0.9241467807314468,1.0,0.0,0.0,0.0,11.883115664987255
0.2609226978404473,-0.373161127752306,1.0647715700816813,-1.0036792319674983,1.0,0.0,0.0,0.0,11.51293546492023
-0.8217339935312575,-0.3881268160495637,1.041371794885186,-0.28788717084303633,1.0,0.0,0.0,0.0,11.998439434579149
-0.7401711356087444,-0.3282640628605398,1.041371794885186,-1.0036792319674983,1.0,0.0,0.0,0.0,11.83138646878959
-0.32299202779981545,-0.313298374563282,1.0320118848065893,-1.5604063906198575,1.0,0.0,0.0,0.0,11.834291315386718
-0.2053301500142272,-0.313298374563282,1.013292064649389,0.10977508533722025,1.0,0.0,0.0,0.0,11.630717389475995
0.10831278343379516,-0.17860717988796923,1.0366918398458875,-0.8446143294953956,1.0,0.0,0.0,0.0,11.83138646878959
-0.20412684935212472,0.000981079679123916,1.0788114351995797,-0.9241467807314468,1.0,0.0,0.0,0.0,11.83138646878959
-0.9784769841251317,-0.4479895692385948,1.0881713452781798,-0.28788717084303633,1.0,0.0,0.0,0.0,11.542493975902508
-0.713279981681758,-0.4230467554098342,1.0975312553567766,-0.8446143294953956,1.0,0.0,0.0,0.0,11.660491657418318
-0.7241096876406806,-0.4230467554098342,1.0834913902388814,-0.7650818782593443,1.0,0.0,0.0,0.0,11.499850357082506
-0.9243807717506104,-0.40808106711257647,1.0881713452781798,-1.4808739393838062,1.0,0.0,0.0,0.0,12.00762780434872
-0.13145795284515174,-0.4130696298783314,1.069451525120983,-0.5264845245511903,1.0,0.0,0.0,0.0,11.506917452956234
-0.7723463489649636,-0.3881268160495637,1.0834913902388814,-1.2422765856756521,1.0,0.0,0.0,0.0,12.083910661257521
0.28608737690441693,-0.4180581926440793,1.050731704963786,-1.0036792319674983,1.0,0.0,0.0,0.0,11.37940550085183
-0.36850818327934504,-0.43801244370709197,1.0086121096100906,-1.6399388418559087,1.0,0.0,0.0,0.0,11.656168298529856
-0.27857453814220573,0.13068371158868175,-0.43749399753339674,-0.7650818782593443,1.0,0.0,0.0,0.0,11.959538914341756
-0.8653667218874962,0.2553977807324917,-0.47493363784779385,-1.4808739393838062,0.0,0.0,0.0,0.0,12.47801017053037
-0.7636093398096975,0.4100432264708172,-0.5685327386337782,-0.04928981713488239,0.0,0.0,0.0,0.0,12.16369214550422
-0.6153940886907239,0.38510041264205663,-0.5732126936730799,1.30276185387799,0.0,0.0,0.0,0.0,11.698583117470207
1.1761636449196298,0.3451919105160383,-0.5685327386337782,-0.6855494270232929,0.0,0.0,0.0,0.0,12.834683971615659
0.28545956786332005,0.29530628285851007,-0.5778926487123783,0.42790489028142553,0.0,0.0,0.0,0.0,12.731099946396425
0.410393567041615,0.32024909668727064,-0.5966124688695752,0.3483724390453742,0.0,0.0,0.0,0.0,12.14367050736717
-0.2935373202883499,0.3252376594530256,-0.5778926487123783,-0.446952073315139,0.0,0.0,0.0,0.0,12.19602736016897
-0.4117223722748522,0.3252376594530256,-0.5732126936730799,-0.5264845245511903,0.0,0.0,0.0,0.0,12.063362110324636
0.2007053473152307,0.3352147849845284,-0.5732126936730799,0.5074373415174769,0.0,0.0,0.0,0.0,12.250572667806054
-0.35255137015146404,0.3302262222187805,-0.5778926487123783,0.10977508533722025,0.0,0.0,0.0,0.0,12.078812973059884
-1.2023432246962886,0.3352147849845284,-0.5778926487123783,-1.0036792319674983,0.0,0.0,0.0,0.0,11.808583147519697
0.03669023532865036,0.2553977807324917,-0.587252558790975,0.3483724390453742,0.0,0.0,0.0,0.0,12.347142427961746
-0.12083751656659476,0.2553977807324917,-0.5919325138302768,0.2688399878093229,0.0,0.0,0.0,0.0,12.214541681788218
-0.5412603044211914,0.2603863434982467,-0.5966124688695752,-0.5264845245511903,0.0,0.0,0.0,0.0,11.998439434579149
-0.6158649454715466,0.2603863434982467,-0.5778926487123783,1.7004241100582467,0.0,0.0,0.0,0.0,12.107913912447533
-0.6265900165902865,0.2354435296694861,-0.6200122440660704,-0.6060169757872417,0.0,0.0,0.0,0.0,12.122696471358964
0.775307572179222,0.2653749062639945,-0.6059723789481719,0.5074373415174769,0.0,0.0,0.0,0.0,12.547180549395199
-1.0539187038969493,0.2553977807324917,-0.5966124688695752,1.8594890125303492,0.0,0.0,0.0,0.0,12.118884889350285
-0.9459355488282726,0.2553977807324917,-0.6012924239088735,0.42790489028142553,0.0,0.0,0.0,0.0,11.972253562968545
-0.8538045720472939,0.2603863434982467,-0.6012924239088735,0.8255671464616822,0.0,0.0,0.0,0.0,11.895469889693825
0.07111509774880018,0.24043209243523395,-0.6012924239088735,-0.6855494270232929,0.0,0.0,0.0,0.0,12.277467297099491
-0.31420270122445804,0.2454206552009889,-0.6012924239088735,-0.3674196220790877,0.0,0.0,0.0,0.0,12.133507329024972
-0.5843698585765158,0.2454206552009889,-0.6059723789481719,-0.446952073315139,0.0,0.0,0.0,0.0,12.179733803647622
-0.1685510036899637,0.23045496690373113,-0.6106523339874737,-1.1627441344396008,0.0,0.0,0.0,0.0,12.164213655182222
0.10397043756620777,0.2254664041379762,-0.587252558790975,-0.04928981713488239,0.0,0.0,0.0,0.0,12.379609899729042
-0.7626676262480522,0.2553977807324917,-0.5966124688695752,1.541359207586144,0.0,0.0,0.0,0.0,12.15425816271595
-0.7316957135539355,0.17059221371470007,-0.5591728285551815,0.42790489028142553,0.0,0.0,0.0,0.0,12.469593932696368
0.06860386158441216,0.15562652541744232,-0.5498129184765813,0.10977508533722025,0.0,0.0,0.0,0.0,12.98241371741132
-0.3524467353112812,0.17059221371470007,-0.5498129184765813,0.42790489028142553,0.0,0.0,0.0,0.0,12.335349374897772
1.4384308718378844,0.1905464647777128,-0.5498129184765813,0.8255671464616822,0.0,0.0,0.0,0.0,12.96594579676453
0.9802872240973789,0.17059221371470007,-0.5685327386337782,-1.0036792319674983,0.0,0.0,0.0,0.0,12.691583538230217
0.5879065734117799,0.15063796265169446,-0.5544928735158797,-1.0832116832035494,0.0,0.0,0.0,0.0,12.788011690826771
0.7490442272933324,0.21050071584071842,-0.5591728285551815,0.3483724390453742,0.0,0.0,0.0,0.0,12.604516495526891
2.026635625925643,0.21548927860647338,-0.5357730533586829,-0.9241467807314468,0.0,0.0,0.0,0.0,12.834683971615659
0.13373904959822175,0.13068371158868175,-0.5732126936730799,-0.5264845245511903,0.0,0.0,0.0,1.0,12.409017571151187
-0.7527273164306836,0.13068371158868175,-0.587252558790975,-0.446952073315139,0.0,0.0,0.0,1.0,12.323860125621126
-0.6969569466132373,0.14066083712018457,-0.5919325138302768,0.9846320489337848,0.0,0.0,0.0,1.0,11.990407312509369
-0.7378691691247222,0.11571802329142399,-0.5825726037516766,-0.12882226837093372,0.0,0.0,0.0,1.0,12.351475171599722
4.5807720747884355,0.13068371158868175,-0.5591728285551815,-1.8785361955640627,0.0,0.0,0.0,1.0,13.122367377396328
-0.7412174840105727,0.1456493998859395,-0.5544928735158797,0.5869697927535281,0.0,0.0,0.0,0.0,12.194005125011843
-0.3392104280281536,0.14066083712018457,-0.5591728285551815,0.42790489028142553,0.0,0.0,0.0,1.0,12.40123227382928
-0.614400057708987,0.15063796265169446,-0.5591728285551815,-0.5264845245511903,0.0,0.0,0.0,0.0,12.366067642588453
0.48876506233855194,0.1456493998859395,-0.5685327386337782,-0.446952073315139,0.0,0.0,0.0,1.0,12.653961664405365
-0.1538498086442767,0.13567227435443668,-0.5685327386337782,-0.8446143294953956,0.0,0.0,0.0,1.0,12.300932724054114
0.20368744026044128,0.14066083712018457,-0.5778926487123783,-0.5264845245511903,0.0,0.0,0.0,1.0,12.39421473013906
0.4257225711283991,0.13567227435443668,-0.5825726037516766,0.5074373415174769,0.0,0.0,0.0,1.0,12.202571523749763
-0.30583191400983195,0.2005235903092156,-0.6293721541446705,-0.04928981713488239,0.0,0.0,0.0,1.0,12.323860125621126
0.7423999149417231,0.2005235903092156,-0.6293721541446705,-0.8446143294953956,0.0,0.0,0.0,1.0,12.54040330489666
0.7281695766768584,0.2005235903092156,-0.6200122440660704,-0.6060169757872417,0.0,0.0,0.0,1.0,13.122367377396328
-0.46890531243476696,0.21050071584071842,-0.6246921991053721,-0.6060169757872417,0.0,0.0,0.0,1.0,12.465359101477507
0.5137727891422472,0.1905464647777128,-0.6340521091839689,-0.04928981713488239,0.0,0.0,0.0,1.0,12.32029824991355
0.9481120107411599,0.19553502754346067,-0.6340521091839689,-0.9241467807314468,0.0,0.0,0.0,1.0,12.49949197838354
1.273787950810207,0.1905464647777128,-0.6246921991053721,-0.28788717084303633,0.0,0.0,0.0,1.0,12.553912171868914
-0.46780664661284727,0.17558077648045503,-0.6059723789481719,0.03024263410116893,0.0,0.0,0.0,1.0,12.076538965678628
0.5079655555121004,0.0907752094626634,-0.6153322890267721,-0.7650818782593443,0.0,0.0,0.0,1.0,13.122367377396328
-0.7331082838964036,0.1256951488229339,-0.6012924239088735,-1.0036792319674983,0.0,0.0,0.0,1.0,12.323860125621126
-0.37379224270857775,0.21548927860647338,-0.6293721541446705,-0.9241467807314468,0.0,0.0,0.0,0.0,11.946012225174645
0.06473237249764777,0.20551215307497056,-0.6340521091839689,0.10977508533722025,0.0,0.0,0.0,1.0,12.297744396089387
0.4639142877951305,0.20551215307497056,-0.6340521091839689,-1.4013414881477548,0.0,0.0,0.0,1.0,12.357509646659748
1.0682328072710445,0.20551215307497056,-0.6387320642232673,-0.3674196220790877,0.0,0.0,0.0,1.0,12.306374889675654
-0.8508224791020833,0.21548927860647338,-0.6340521091839689,0.18930753657327157,0.0,0.0,0.0,1.0,11.225256725762893
0.7003890266083181,0.19553502754346067,-0.6387320642232673,-1.7990037443280114,0.0,0.0,0.0,1.0,12.540761149388421
1.1456625890063359,0.2005235903092156,-0.6387320642232673,-0.3674196220790877,0.0,0.0,0.0,1.0,12.366493625870792
0.1120796376803765,0.2005235903092156,-0.6387320642232673,-0.8446143294953956,0.0,0.0,0.0,1.0,12.373707715234994
1.209699111198226,0.2005235903092156,-0.643412019262569,-1.4808739393838062,0.0,0.0,0.0,1.0,12.496130643234865
-0.34554083585921447,0.17558077648045503,-0.6387320642232673,-1.4013414881477548,0.0,0.0,0.0,1.0,12.317618492524995
-0.7854257039878169,0.18056933924621,-0.643412019262569,0.18930753657327157,0.0,0.0,0.0,1.0,10.915106645867503
0.19280541688142713,0.18056933924621,-0.643412019262569,-1.4808739393838062,0.0,0.0,0.0,1.0,11.965916446305247
-0.24823043448918594,0.17558077648045503,-0.643412019262569,-1.0036792319674983,0.0,0.0,0.0,1.0,11.885874268401459
-0.2778420942609258,0.18056933924621,-0.643412019262569,-0.446952073315139,0.0,0.0,0.0,1.0,12.2904183895416
0.16125801256630506,0.18555790201195785,-0.643412019262569,-1.2422765856756521,0.0,0.0,0.0,1.0,12.20357452783082
0.6795666934119359,0.1905464647777128,-0.643412019262569,-1.0036792319674983,0.0,0.0,0.0,1.0,12.292254928916668
0.8638809643939844,0.19553502754346067,-0.643412019262569,-0.5264845245511903,0.0,0.0,0.0,1.0,12.34104487465108
0.15194551179003338,0.1905464647777128,-0.6480919743018674,-1.3218090369117035,0.0,0.0,0.0,1.0,12.276535769000125
0.5397222295075881,0.18056933924621,-0.643412019262569,-0.20835471960698504,0.0,0.0,0.0,1.0,12.363507925148648
0.8017278693253854,0.18555790201195785,-0.643412019262569,-0.28788717084303633,0.0,0.0,0.0,1.0,12.315827989765994
-0.0314270456303698,0.18555790201195785,-0.6480919743018674,-0.8446143294953956,0.0,0.0,0.0,1.0,12.367345048436391
0.006607718776087709,0.18555790201195785,-0.6480919743018674,-0.28788717084303633,0.0,0.0,0.0,1.0,12.141539457711714
-0.24885824353028307,0.18555790201195785,-0.6340521091839689,-0.5264845245511903,0.0,0.0,0.0,1.0,12.29865638469802
0.6234301016538494,0.17558077648045503,-0.6387320642232673,0.10977508533722025,0.0,0.0,0.0,1.0,12.364361892519216
0.1893001497353027,0.17059221371470007,-0.6387320642232673,-0.5264845245511903,0.0,0.0,0.0,1.0,12.342790829935483
1.4924747667923142,0.18056933924621,-0.6200122440660704,-0.5264845245511903,0.0,0.0,0.0,1.0,12.92220610567321
0.9855712835266118,0.18056933924621,-0.6340521091839689,-0.12882226837093372,0.0,0.0,0.0,1.0,12.54646931434116
1.6072068690527832,0.17059221371470007,-0.6246921991053721,-0.8446143294953956,0.0,0.0,0.0,1.0,12.909914929036637
0.8520049100332339,0.17059221371470007,-0.6340521091839689,-0.3674196220790877,0.0,0.0,0.0,1.0,12.62346961830583
0.8667584224990125,0.17558077648045503,-0.6340521091839689,-0.3674196220790877,0.0,0.0,0.0,1.0,12.610540589969192
0.4483760140279807,0.17558077648045503,-0.6340521091839689,0.3483724390453742,0.0,0.0,0.0,1.0,12.458778882573533
-0.15400676090455082,0.16061508818319728,-0.6340521091839689,0.5869697927535281,0.0,0.0,0.0,1.0,12.354065835437861
-0.41664020976344524,0.15562652541744232,-0.6340521091839689,0.9846320489337848,0.0,0.0,0.0,1.0,12.445487104758993
0.5263812873842777,0.16061508818319728,-0.6246921991053721,0.42790489028142553,0.0,0.0,0.0,1.0,12.890181604139126
0.2759901148267745,0.1656036509489522,-0.6340521091839689,0.9846320489337848,0.0,0.0,0.0,1.0,12.341918233338216
0.5343858526582643,0.15562652541744232,-0.6340521091839689,0.9846320489337848,0.0,0.0,0.0,1.0,12.788849560341312
0.13012914761191427,0.15063796265169446,-0.6340521091839689,1.8594890125303492,0.0,0.0,0.0,1.0,12.762830066509972
0.7581474583892385,0.15063796265169446,-0.6293721541446705,0.2688399878093229,0.0,0.0,0.0,1.0,12.861520554956735
-0.18147340645254284,0.14066083712018457,-0.6293721541446705,0.3483724390453742,0.0,0.0,0.0,1.0,12.6881931925273
-0.17671252122422418,0.14066083712018457,-0.6246921991053721,-0.3674196220790877,0.0,0.0,0.0,1.0,12.137799158081608
-0.6502898078916964,0.13567227435443668,-0.6293721541446705,0.9846320489337848,0.0,0.0,0.0,1.0,12.048254415120404
-0.7896634150152214,0.13567227435443668,-0.6293721541446705,1.7004241100582467,0.0,0.0,0.0,1.0,12.015523333397592
-1.0189706672758854,0.13567227435443668,-0.6293721541446705,-0.20835471960698504,0.0,0.0,0.0,1.0,11.986055452062393
0.015710949871993535,0.14066083712018457,-0.6200122440660704,-0.28788717084303633,0.0,0.0,0.0,1.0,12.16889504380259
-0.8169731083029389,0.14066083712018457,-0.6340521091839689,0.7460346952256308,0.0,0.0,0.0,1.0,12.167856627501678
-1.190519487755629,0.13567227435443668,-0.6387320642232673,-0.9241467807314468,0.0,0.0,0.0,1.0,12.141539457711714
-0.14417108592736527,0.14066083712018457,-0.643412019262569,0.2688399878093229,0.0,0.0,0.0,1.0,12.887908594631655
0.16403083583115002,0.15063796265169446,-0.643412019262569,-0.446952073315139,0.0,0.0,0.0,1.0,12.791358964949923
1.2125765693032535,0.14066083712018457,-0.6527719293411658,-0.12882226837093372,0.0,0.0,0.0,1.0,13.122367377396328
0.11181805057991959,0.15063796265169446,-0.6387320642232673,1.2232294026419388,0.0,0.0,0.0,1.0,12.224899306530068
-0.3665201213158713,0.15063796265169446,-0.6340521091839689,1.7004241100582467,0.0,0.0,0.0,1.0,12.237091546357338
-0.7854257039878169,0.15063796265169446,-0.6387320642232673,1.8594890125303492,0.0,0.0,0.0,1.0,12.198045514142787
-0.1501352718177862,0.15063796265169446,-0.6387320642232673,1.8594890125303492,0.0,0.0,0.0,1.0,12.238544675927017
0.4135326122470994,0.1456493998859395,-0.6387320642232673,1.1436969514058875,0.0,0.0,0.0,1.0,12.85996171223744
-0.45378557802834846,0.1456493998859395,-0.6387320642232673,1.2232294026419388,0.0,0.0,0.0,1.0,12.023957067521133
-0.3123715915212587,0.1656036509489522,-0.6387320642232673,0.2688399878093229,0.0,0.0,0.0,1.0,12.303657509006147
-0.033362790173751995,0.17059221371470007,-0.6387320642232673,0.03024263410116893,0.0,0.0,0.0,1.0,12.40697467786825
-0.6310893147181479,0.16061508818319728,-0.643412019262569,0.10977508533722025,0.0,0.0,0.0,1.0,12.277932735946903
0.4689890775439978,0.16061508818319728,-0.6387320642232673,0.5074373415174769,0.0,0.0,0.0,1.0,12.296831574998258
-0.07458891720578571,0.15562652541744232,-0.6387320642232673,0.5869697927535281,0.0,0.0,0.0,1.0,12.250094315624496
-0.1229302133702513,0.15562652541744232,-0.6387320642232673,0.9050995976977334,0.0,0.0,0.0,1.0,12.267642702634728
0.06834227448395523,0.15562652541744232,-0.6387320642232673,1.064164500169836,0.0,0.0,0.0,1.0,12.275136847806356
2.1574291761541757,0.17059221371470007,-0.6480919743018674,-0.04928981713488239,0.0,0.0,0.0,1.0,12.524530013005734
0.9413630635493676,0.16061508818319728,-0.6668117944590642,-1.3218090369117035,0.0,0.0,0.0,1.0,12.617523138763014
-0.30949413341623094,0.19553502754346067,-0.6527719293411658,-0.9241467807314468,0.0,0.0,0.0,1.0,11.630717389475995
-0.2622515030736848,0.19553502754346067,-0.6574518843804675,-1.0036792319674983,0.0,0.0,0.0,1.0,12.295917919903431
-0.3930450533022178,0.1905464647777128,-0.6621318394197658,-0.20835471960698504,0.0,0.0,0.0,1.0,12.300932724054114
0.015710949871993535,0.19553502754346067,-0.6621318394197658,-1.0832116832035494,0.0,0.0,0.0,1.0,12.199556461239876
0.16669902425581193,0.2005235903092156,-0.6621318394197658,0.03024263410116893,0.0,0.0,0.0,1.0,12.19147156669466
-0.4007357140556555,0.2005235903092156,-0.6668117944590642,0.3483724390453742,0.0,0.0,0.0,1.0,11.874097282798648
-0.4505942154027723,0.2005235903092156,-0.6714917494983627,0.5869697927535281,0.0,0.0,0.0,1.0,11.913719681428494
-0.8206353277093379,0.2005235903092156,-0.6714917494983627,0.9050995976977334,0.0,0.0,0.0,1.0,11.579658451506333
0.26861335859388524,0.19553502754346067,-0.6668117944590642,0.03024263410116893,0.0,0.0,0.0,1.0,12.459167155192379
0.18124326704122481,0.1905464647777128,-0.6668117944590642,-0.04928981713488239,0.0,0.0,0.0,1.0,12.36904572188765
-0.5010805257909862,0.1905464647777128,-0.6668117944590642,-0.12882226837093372,0.0,0.0,0.0,1.0,12.32163544049751
-0.02739860428333085,0.1905464647777128,-0.6668117944590642,0.42790489028142553,0.0,0.0,0.0,1.0,12.246259238225438
-1.1410272083491524,0.19553502754346067,-0.6761717045376644,-0.7650818782593443,0.0,0.0,0.0,1.0,12.02814741073532
-0.6172775158140147,0.19553502754346067,-0.6714917494983627,-0.6060169757872417,0.0,0.0,0.0,1.0,12.048254415120404
-1.210504742230549,0.19553502754346067,-0.6761717045376644,-1.8785361955640627,0.0,0.0,0.0,1.0,11.37940550085183
0.25794060489523674,0.15063796265169446,-0.6855316146162611,-1.0832116832035494,0.0,0.0,0.0,1.0,12.955838788896964
1.3476601479792827,0.17059221371470007,-0.6761717045376644,-1.0036792319674983,0.0,0.0,0.0,1.0,13.122367377396328
-0.0987595652880185,0.17059221371470007,-0.6855316146162611,-0.8446143294953956,0.0,0.0,0.0,1.0,13.122367377396328
-0.0671075261327134,0.17059221371470007,-0.6948915246948613,-0.8446143294953956,0.0,0.0,0.0,1.0,12.848981238461693
0.45413093023803625,0.18056933924621,-0.6761717045376644,-1.0832116832035494,0.0,0.0,0.0,1.0,12.343662665771719
0.28927873952999317,0.17558077648045503,-0.6808516595769627,-0.9241467807314468,0.0,0.0,0.0,1.0,12.351042741030522
0.5887436521332423,0.18555790201195785,-0.6761717045376644,-0.7650818782593443,0.0,0.0,0.0,1.0,12.294545870166347
0.1804585057398536,0.18555790201195785,-0.6808516595769627,-0.12882226837093372,0.0,0.0,0.0,1.0,12.130276325842603
-0.34271569517427825,0.1905464647777128,-0.6761717045376644,0.5074373415174769,0.0,0.0,0.0,1.0,12.103491596905931
0.3883679331831298,0.1905464647777128,-0.6808516595769627,0.2688399878093229,0.0,0.0,0.0,1.0,12.106810165667413
-0.5337265959280278,0.19553502754346067,-0.6761717045376644,0.5869697927535281,0.0,0.0,0.0,1.0,12.095705171506136
-0.343552773895741,0.19553502754346067,-0.6808516595769627,0.18930753657327157,0.0,0.0,0.0,1.0,12.077107952499174
-0.5045857929371108,0.2005235903092156,-0.6808516595769627,0.7460346952256308,0.0,0.0,0.0,1.0,12.057578437658945
0.17653469923299792,0.2005235903092156,-0.6855316146162611,0.42790489028142553,0.0,0.0,0.0,1.0,12.131354487250757
-0.151495524740163,0.2005235903092156,-0.6855316146162611,0.2688399878093229,0.0,0.0,0.0,1.0,12.112316757188815
-0.6328157895811645,0.2005235903092156,-0.6855316146162611,1.064164500169836,0.0,0.0,0.0,1.0,12.013100572810686
0.06860386158441216,0.2005235903092156,-0.6855316146162611,-0.28788717084303633,0.0,0.0,0.0,1.0,12.144202560946876
-0.11330380807343139,0.2005235903092156,-0.6855316146162611,-0.6060169757872417,0.0,0.0,0.0,1.0,12.181272652174695
-0.3373793183249542,0.1905464647777128,-0.6855316146162611,0.18930753657327157,0.0,0.0,0.0,1.0,12.137799158081608
0.1998682685937682,0.1905464647777128,-0.6855316146162611,0.5074373415174769,0.0,0.0,0.0,1.0,12.140472227446224
0.029732018456492357,0.19553502754346067,-0.6855316146162611,0.2688399878093229,0.0,0.0,0.0,1.0,12.14207264603046
-0.11597199649809353,0.19553502754346067,-0.6902115696555629,0.10977508533722025,0.0,0.0,0.0,1.0,12.134582014379962
0.3036660300551317,0.1905464647777128,-0.6855316146162611,-0.12882226837093372,0.0,0.0,0.0,1.0,12.160557363077048
0.05018812971223487,0.1905464647777128,-0.6902115696555629,0.42790489028142553,0.0,0.0,0.0,1.0,12.149507585033072
0.283785410420395,0.1905464647777128,-0.6902115696555629,0.5074373415174769,0.0,0.0,0.0,1.0,12.11943029135234
-0.6023147336678706,0.17558077648045503,-0.6948915246948613,0.2688399878093229,0.0,0.0,0.0,1.0,13.017005083966255
-0.4672311549918417,0.18555790201195785,-0.6808516595769627,-0.5264845245511903,0.0,0.0,0.0,1.0,12.017336559562407
0.04997886003186924,0.18056933924621,-0.6808516595769627,-1.2422765856756521,0.0,0.0,0.0,1.0,12.279327754099118
-0.35438247985466337,0.1905464647777128,-0.6948915246948613,0.18930753657327157,0.0,0.0,0.0,1.0,12.130276325842603
-1.2550791841484332,0.18555790201195785,-0.6948915246948613,-0.12882226837093372,0.0,0.0,0.0,1.0,11.987922854613139
0.2440241711509207,0.18056933924621,-0.7089313898127597,-1.0832116832035494,0.0,0.0,0.0,1.0,12.630689842582935
0.7335059535261826,0.19553502754346067,-0.6902115696555629,-1.3218090369117035,0.0,0.0,0.0,1.0,12.02814741073532
0.04605505352501334,0.19553502754346067,-0.6902115696555629,-0.12882226837093372,0.0,0.0,0.0,1.0,12.133507329024972
-0.7636093398096975,0.19553502754346067,-0.6948915246948613,-0.5264845245511903,0.0,0.0,0.0,1.0,12.165255859329688
0.36963829679040383,0.2005235903092156,-0.6902115696555629,-0.9241467807314468,0.0,0.0,0.0,1.0,12.232719445013917
-0.6625844016131787,0.2005235903092156,-0.6948915246948613,-0.8446143294953956,0.0,0.0,0.0,1.0,11.892053442342334
0.07634683975794139,0.2204778413722283,-0.6761717045376644,-1.0036792319674983,0.0,0.0,0.0,1.0,12.239512257194662
0.4898114107403801,0.21050071584071842,-0.6855316146162611,-0.5264845245511903,0.0,0.0,0.0,1.0,12.177678315028167
-0.6017915594669565,0.21548927860647338,-0.6855316146162611,-1.0036792319674983,0.0,0.0,0.0,1.0,11.119897691565697
-0.9623632187369764,0.23045496690373113,-0.6855316146162611,0.6665022439895795,0.0,0.0,0.0,1.0,12.40410759774362
-1.1404517167281467,0.2005235903092156,-0.6761717045376644,-0.04928981713488239,0.0,0.0,0.0,1.0,12.07254696717504
0.2896972788907244,0.21548927860647338,-0.6948915246948613,-0.28788717084303633,0.0,0.0,0.0,1.0,12.243854824489109
-0.13580029871273916,0.20551215307497056,-0.7089313898127597,-0.9241467807314468,0.0,0.0,0.0,1.0,12.54254845357358
0.13164635279456544,0.20551215307497056,-0.6855316146162611,-0.9241467807314468,0.0,0.0,0.0,1.0,12.318959268856462
-1.1888976477327955,0.21050071584071842,-0.6855316146162611,-0.446952073315139,0.0,0.0,0.0,1.0,12.177163782032679
-0.40758929608763067,0.21050071584071842,-0.6714917494983627,-0.28788717084303633,0.0,0.0,0.0,1.0,12.039433474778324
-0.1183785978222985,0.2005235903092156,-0.6480919743018674,-1.0832116832035494,0.0,0.0,0.0,1.0,12.15109361980364
0.11066706733790839,0.21050071584071842,-0.6480919743018674,0.5869697927535281,0.0,0.0,0.0,1.0,12.137799158081608
-0.5863056031198983,0.20551215307497056,-0.6574518843804675,-0.20835471960698504,0.0,0.0,0.0,1.0,12.269990661694345
-0.6826742909282812,0.21548927860647338,-0.6574518843804675,-1.6399388418559087,0.0,0.0,0.0,1.0,13.122367377396328
-0.7387062478461848,0.2254664041379762,-0.6574518843804675,0.5074373415174769,0.0,0.0,0.0,1.0,12.111767460549332
-0.16415634040228502,0.2254664041379762,-0.6480919743018674,0.18930753657327157,0.0,0.0,0.0,1.0,12.176133921127343
0.3698998838908612,0.2653749062639945,-0.6340521091839689,-0.6060169757872417,0.0,0.0,0.0,0.0,13.122367377396328
1.5855997745550297,0.30528340839001994,-0.6246921991053721,-1.0036792319674983,0.0,0.0,0.0,0.0,13.122367377396328
1.9887054963593687,0.2553977807324917,-0.6527719293411658,-0.6060169757872417,0.0,0.0,0.0,0.0,12.87697677337675
0.7870266742796986,0.24043209243523395,-0.6527719293411658,-0.9241467807314468,0.0,0.0,0.0,0.0,13.021660885180273
-0.04126272060755533,0.27535203179550444,-0.643412019262569,0.9050995976977334,0.0,0.0,0.0,0.0,12.34017075254176
1.2136229177050817,0.27036346902974945,-0.6480919743018674,-0.28788717084303633,0.0,0.0,0.0,0.0,12.738466983201718
1.0752956589833855,0.2653749062639945,-0.6527719293411658,-0.6855494270232929,0.0,0.0,0.0,0.0,12.650441108746573
0.8127668449646739,0.2603863434982467,-0.6527719293411658,-0.3674196220790877,0.0,0.0,0.0,0.0,12.541118865873308
1.4378553802168788,0.2903177200927622,-0.6574518843804675,-1.5604063906198575,0.0,0.0,0.0,0.0,12.557437013287785
0.4272920937311411,0.28034059456125227,-0.6574518843804675,-1.4013414881477548,0.0,0.0,0.0,0.0,12.355358654868867
2.6315819544426535,0.31526053392152276,-0.6527719293411658,-1.8785361955640627,0.0,0.0,0.0,0.0,13.122367377396328
0.048984829050132385,0.30528340839001994,-0.6574518843804675,-1.1627441344396008,0.0,0.0,0.0,0.0,12.28765724080691
0.9473272494397887,0.27036346902974945,-0.6527719293411658,-0.28788717084303633,0.0,0.0,0.0,0.0,12.380450232382136
0.9416769680699157,0.27036346902974945,-0.6574518843804675,-1.0036792319674983,0.0,0.0,0.0,0.0,12.510984184596735
1.0502879321796896,0.27535203179550444,-0.6527719293411658,-0.3674196220790877,0.0,0.0,0.0,0.0,12.357079818283598
0.7329827793252688,0.27036346902974945,-0.6574518843804675,-0.6060169757872417,0.0,0.0,0.0,0.0,12.432415074973783
0.47443008923350466,0.27036346902974945,-0.6621318394197658,-0.3674196220790877,0.0,0.0,0.0,0.0,12.274670105518968
0.5954925993250347,0.2653749062639945,-0.6574518843804675,-0.6060169757872417,0.0,0.0,0.0,0.0,12.4155269248542
0.7313609393024351,0.2553977807324917,-0.6574518843804675,-0.446952073315139,0.0,0.0,0.0,0.0,12.458778882573533
-0.4469843134164648,0.2553977807324917,-0.6574518843804675,0.03024263410116893,0.0,0.0,0.0,0.0,12.30908490619414
0.4025982714479945,0.2653749062639945,-0.6621318394197658,-0.8446143294953956,0.0,0.0,0.0,0.0,12.314034275355535
-0.3827908389643008,0.2553977807324917,-0.6621318394197658,-1.2422765856756521,0.0,0.0,0.0,0.0,12.084475470282369
0.2173422869042999,0.28532915732700725,-0.6761717045376644,-1.8785361955640627,0.0,0.0,0.0,0.0,12.336666603113574
1.7914165051946491,0.2454206552009889,-0.6855316146162611,0.2688399878093229,0.0,0.0,0.0,1.0,11.736077016252437
0.7471608001700417,0.27036346902974945,-0.6668117944590642,-1.4013414881477548,0.0,0.0,0.0,0.0,12.672949516558306
-0.4522160554256062,0.2603863434982467,-0.6668117944590642,-0.12882226837093372,0.0,0.0,0.0,0.0,12.293171935322027
0.07561439587666191,0.24043209243523395,-0.6621318394197658,-1.6399388418559087,0.0,0.0,0.0,1.0,10.868587496017359
0.5913595231378129,0.2603863434982467,-0.704251434773458,-1.3218090369117035,0.0,0.0,0.0,1.0,12.524530013005734
1.646915790902166,0.300294845624265,-0.6808516595769627,-0.8446143294953956,0.0,0.0,0.0,0.0,12.588272538498009
-0.9915040217278934,0.30528340839001994,-0.6761717045376644,-1.0036792319674983,0.0,0.0,0.0,0.0,11.998439434579149
1.1794073249652977,0.30528340839001994,-0.6808516595769627,-1.0036792319674983,0.0,0.0,0.0,0.0,12.461493630353871
0.9894950900334676,0.29530628285851007,-0.6902115696555629,-1.0036792319674983,0.0,0.0,0.0,0.0,12.39380039582335
1.1630842898967768,0.3102719711557678,-0.6808516595769627,-0.28788717084303633,0.0,0.0,0.0,0.0,12.448630513463613
1.948996574509986,0.3102719711557678,-0.6855316146162611,-1.5604063906198575,0.0,0.0,0.0,0.0,12.751012698311857
1.28388521288785,0.31526053392152276,-0.6855316146162611,-1.0036792319674983,0.0,0.0,0.0,0.0,12.609539090975447
0.8851218369510984,0.31526053392152276,-0.6855316146162611,-1.0832116832035494,0.0,0.0,0.0,0.0,12.369894975232734
0.7425045497819057,0.3102719711557678,-0.6855316146162611,-0.446952073315139,0.0,0.0,0.0,0.0,12.419573858556635
1.3941180170204575,0.3102719711557678,-0.6902115696555629,-0.6060169757872417,0.0,0.0,0.0,0.0,12.582798715298532
1.2089143498968546,0.32024909668727064,-0.6808516595769627,-0.8446143294953956,0.0,0.0,0.0,0.0,12.570371950022508
1.295342727887869,0.3252376594530256,-0.6808516595769627,-0.9241467807314468,0.0,0.0,0.0,0.0,12.465744828056149
1.1025007174309203,0.3252376594530256,-0.6855316146162611,-0.9241467807314468,0.0,0.0,0.0,0.0,12.594055831421823
2.1798210319533005,0.31526053392152276,-0.6902115696555629,-2.0376010980361654,0.0,0.0,0.0,0.0,13.122367377396328
-0.512956580151737,0.3302262222187805,-0.6808516595769627,-0.9241467807314468,0.0,0.0,0.0,0.0,12.07824495582233
1.0405568920426869,0.3352147849845284,-0.6808516595769627,-0.6855494270232929,0.0,0.0,0.0,0.0,12.620170385023595
1.6606229549661162,0.3352147849845284,-0.6808516595769627,-1.1627441344396008,0.0,0.0,0.0,0.0,12.718300286011257
0.6419504683662096,0.3451919105160383,-0.6855316146162611,-1.0832116832035494,0.0,0.0,0.0,0.0,12.925620734808986
0.35901786051184703,0.36015759881329606,-0.6855316146162611,1.064164500169836,0.0,0.0,0.0,0.0,12.672322362656137
0.7030048976128888,0.3651461615790439,-0.6902115696555629,-0.8446143294953956,0.0,0.0,0.0,0.0,12.897721203716351
2.3898754736203247,0.3651461615790439,-0.6948915246948613,-0.9241467807314468,0.0,0.0,0.0,0.0,12.7896867284182
3.3405353141013943,0.3551690360475411,-0.6902115696555629,-1.0036792319674983,0.0,0.0,0.0,0.0,12.925864191308163
2.558023661794127,0.36015759881329606,-0.6995714797341596,-0.3674196220790877,0.0,0.0,0.0,0.0,12.81121067876591
0.21420324169881544,0.3701347243447989,-0.6948915246948613,-1.0036792319674983,0.0,0.0,0.0,1.0,12.359656021613945
3.2873284978684274,0.3701347243447989,-0.6995714797341596,-1.0036792319674983,0.0,0.0,0.0,1.0,13.122367377396328
1.3204027721116562,0.3701347243447989,-0.6995714797341596,-1.0036792319674983,0.0,0.0,0.0,1.0,12.681688621055791
2.21309491113144,0.36015759881329606,-0.6995714797341596,-1.0036792319674983,0.0,0.0,0.0,0.0,12.956074999512895
0.41787495811468683,0.3102719711557678,-0.6761717045376644,-0.3674196220790877,0.0,0.0,0.0,0.0,12.3406079091076
0.8589631269053914,0.31526053392152276,-0.6808516595769627,-0.28788717084303633,0.0,0.0,0.0,0.0,12.397110273442197
0.005090513593436777,0.32024909668727064,-0.6714917494983627,-0.9241467807314468,0.0,0.0,0.0,0.0,12.547180549395199
-0.4222904911333177,0.3252376594530256,-0.6761717045376644,-1.0036792319674983,0.0,0.0,0.0,0.0,11.778369597156942
2.1544470832089657,0.3352147849845284,-0.6714917494983627,-1.0036792319674983,0.0,0.0,0.0,0.0,13.021660885180273
3.234906442936831,0.3352147849845284,-0.6761717045376644,-0.20835471960698504,0.0,0.0,0.0,0.0,13.122367377396328
1.506548152796904,0.3302262222187805,-0.6621318394197658,-1.0832116832035494,0.0,0.0,0.0,0.0,12.650761671914688
1.1186668002391669,0.35018047328178614,-0.6574518843804675,-1.1627441344396008,0.0,0.0,0.0,0.0,12.56758934921002
0.9834262693028638,0.3451919105160383,-0.6621318394197658,-1.0036792319674983,0.0,0.0,0.0,0.0,12.620500798605278
1.2378458832074062,0.35018047328178614,-0.6621318394197658,-1.1627441344396008,0.0,0.0,0.0,0.0,12.629380946155546
1.789376125811084,0.36015759881329606,-0.6480919743018674,-0.9241467807314468,0.0,0.0,0.0,0.0,12.745197054748889
1.363407691426798,0.36015759881329606,-0.6574518843804675,-1.2422765856756521,0.0,0.0,0.0,0.0,12.580738282084809
0.632637967589938,0.3551690360475411,-0.6621318394197658,-0.20835471960698504,0.0,0.0,0.0,0.0,12.355358654868867
0.8937018938460901,0.3551690360475411,-0.6621318394197658,-0.20835471960698504,0.0,0.0,0.0,0.0,12.435997154099226
1.2527563479334591,0.3551690360475411,-0.6621318394197658,-0.5264845245511903,0.0,0.0,0.0,0.0,12.434804552855114
0.5478314296217573,0.36015759881329606,-0.6668117944590642,-0.28788717084303633,0.0,0.0,0.0,0.0,12.39421473013906
-0.20873078232016903,0.36015759881329606,-0.6668117944590642,0.03024263410116893,0.0,0.0,0.0,0.0,12.239028583587523
0.1471846265617152,0.3551690360475411,-0.6668117944590642,-0.20835471960698504,0.0,0.0,0.0,0.0,12.263402433573614
1.2548490447371154,0.3451919105160383,-0.6621318394197658,-0.5264845245511903,0.0,0.0,0.0,0.0,12.523802478333899
1.2646324022942097,0.35018047328178614,-0.6668117944590642,-0.20835471960698504,0.0,0.0,0.0,0.0,12.460718739865236
1.4171899992807704,0.3451919105160383,-0.6668117944590642,-0.20835471960698504,0.0,0.0,0.0,0.0,12.611541086966115
1.6347781494409583,0.35018047328178614,-0.6714917494983627,-0.20835471960698504,0.0,0.0,0.0,0.0,12.566543874451872
1.812605060331672,0.3451919105160383,-0.6714917494983627,-0.446952073315139,0.0,0.0,0.0,0.0,12.663500657121004
2.0469871023412027,0.3451919105160383,-0.6761717045376644,-0.20835471960698504,0.0,0.0,0.0,0.0,12.644008170618003
0.13012914761191427,0.3551690360475411,-0.6714917494983627,0.2688399878093229,0.0,0.0,0.0,0.0,12.485978309945345
1.213047426084076,0.3551690360475411,-0.6761717045376644,-0.20835471960698504,0.0,0.0,0.0,0.0,12.40287632827253
0.8612127759693226,0.35018047328178614,-0.6761717045376644,-0.446952073315139,0.0,0.0,0.0,0.0,12.391310778311764
-0.26471042181798127,0.3451919105160383,-0.6761717045376644,-1.0036792319674983,0.0,0.0,0.0,0.0,12.34017075254176
-0.21380557206903614,0.35018047328178614,-0.6808516595769627,-0.6060169757872417,0.0,0.0,0.0,0.0,12.268112735686705
-0.1704867482333461,0.36015759881329606,-0.6808516595769627,-1.4013414881477548,0.0,0.0,0.0,0.0,12.065666245536807
1.509320976061749,0.36015759881329606,-0.6714917494983627,-0.04928981713488239,0.0,0.0,0.0,0.0,12.687575529189761
1.3974663319063076,0.3551690360475411,-0.6761717045376644,0.03024263410116893,0.0,0.0,0.0,0.0,12.954893388082992
1.519418238139392,0.3551690360475411,-0.6761717045376644,-0.12882226837093372,0.0,0.0,0.0,0.0,12.881312950720202
2.23051661202188,0.3701347243447989,-0.6855316146162611,-0.9241467807314468,0.0,0.0,0.0,0.0,12.776772491986527
0.6641330544849687,0.3352147849845284,-0.6995714797341596,0.5074373415174769,0.0,0.0,0.0,0.0,13.122367377396328
0.8152780811290614,0.28532915732700725,-0.7276512099699566,-0.9241467807314468,0.0,0.0,0.0,1.0,12.96828169519668
1.4313680201255434,0.4100432264708172,-0.6808516595769627,-1.958068646800114,0.0,0.0,0.0,1.0,12.787173118698167
1.5335439415640737,0.4100432264708172,-0.6855316146162611,-0.8446143294953956,0.0,0.0,0.0,1.0,12.694348933246843
3.228471400265587,0.4399746030653327,-0.6808516595769627,-1.4013414881477548,0.0,0.0,0.0,0.0,13.122367377396328
2.4974400893282707,0.38510041264205663,-0.6761717045376644,-1.958068646800114,0.0,0.0,0.0,0.0,13.122367377396328
2.5387185337803952,0.3701347243447989,-0.6574518843804675,-1.7990037443280114,0.0,0.0,0.0,0.0,12.961727379959191
1.9020155312678968,0.3651461615790439,-0.6621318394197658,-1.4013414881477548,0.0,0.0,0.0,0.0,12.799125972742269
0.7114280022476066,0.3651461615790439,-0.6668117944590642,-1.0036792319674983,0.0,0.0,0.0,0.0,12.3225259085418
1.2624350706503702,0.38510041264205663,-0.6668117944590642,-1.0036792319674983,0.0,0.0,0.0,0.0,12.552145080994137
0.809889386859646,0.41503178923657214,-0.6480919743018674,-0.28788717084303633,0.0,0.0,0.0,0.0,12.277001641517879
0.801937139005751,0.41503178923657214,-0.643412019262569,-0.5264845245511903,0.0,0.0,0.0,0.0,12.312237337751334
0.3284121697583701,0.43498604029957777,-0.6527719293411658,-0.04928981713488239,0.0,0.0,0.0,0.0,12.227349675556338
0.7984318718596266,0.4649174168940933,-0.6480919743018674,1.4618267563500926,0.0,0.0,0.0,0.0,12.441148720271016
4.533686396706163,0.4399746030653327,-0.6668117944590642,-1.4808739393838062,0.0,0.0,0.0,0.0,13.122367377396328
0.9624993012662985,0.3801118498763017,-0.6480919743018674,-1.958068646800114,0.0,0.0,0.0,0.0,12.67857627217662
1.7460573019753942,0.3900889754078045,-0.643412019262569,-0.9241467807314468,0.0,0.0,0.0,0.0,12.903961068615336
0.43016955183616906,0.38510041264205663,-0.6387320642232673,-1.3218090369117035,0.0,0.0,0.0,0.0,12.484086884722583
1.3707321302395956,0.4000661009393144,-0.6527719293411658,-1.7990037443280114,0.0,0.0,0.0,0.0,12.63818293027894
1.1365593579104303,0.39507753817355945,-0.643412019262569,-0.3674196220790877,0.0,0.0,0.0,0.0,12.447060044238079
2.041546090651696,0.39507753817355945,-0.6480919743018674,-1.2422765856756521,0.0,0.0,0.0,0.0,12.910903801827052
-0.27857453814220573,0.36015759881329606,-0.6387320642232673,1.7004241100582467,0.0,0.0,0.0,0.0,13.122367377396328
0.8978872874534032,0.3352147849845284,-0.6246921991053721,-1.2422765856756521,0.0,0.0,0.0,0.0,12.248178615401173
0.8229687418824994,0.3701347243447989,-0.6106523339874737,-1.7990037443280114,0.0,0.0,0.0,0.0,12.399173397495133
-0.22955311551655153,0.3402033477502833,-0.6293721541446705,-0.04928981713488239,0.0,0.0,0.0,0.0,12.176133921127343
-0.3930450533022178,0.3402033477502833,-0.6106523339874737,-0.446952073315139,0.0,0.0,0.0,0.0,12.834683971615659
1.0134041510152434,0.3402033477502833,-0.6340521091839689,0.10977508533722025,0.0,0.0,0.0,0.0,12.184343263233146
0.08953082962097746,0.3451919105160383,-0.6340521091839689,-0.5264845245511903,0.0,0.0,0.0,0.0,12.112316757188815
0.7033188021334374,0.3302262222187805,-0.6340521091839689,-1.7990037443280114,0.0,0.0,0.0,0.0,12.543262481758047
0.14880646658454894,0.3801118498763017,-0.6340521091839689,-0.6855494270232929,0.0,0.0,0.0,0.0,12.189948344888194
-0.10472375117843964,0.39507753817355945,-0.6387320642232673,-0.6855494270232929,0.0,0.0,0.0,0.0,12.048839720461636
0.3698998838908612,0.3900889754078045,-0.6387320642232673,-0.12882226837093372,0.0,0.0,0.0,0.0,12.198549416880068
-0.6082266021382005,0.4000661009393144,-0.6387320642232673,-1.71947129309196,0.0,0.0,0.0,0.0,12.187913766539234
0.4609845122700112,0.4000661009393144,-0.6387320642232673,-1.4808739393838062,0.0,0.0,0.0,0.0,12.254391269970792
0.6440954825899577,0.4000661009393144,-0.6340521091839689,-0.12882226837093372,0.0,0.0,0.0,0.0,12.129197000747673
1.4288044665410644,0.4100432264708172,-0.6293721541446705,-0.9241467807314468,0.0,0.0,0.0,0.0,12.46110626016646
1.2188023422941316,0.4100432264708172,-0.6340521091839689,-0.5264845245511903,0.0,0.0,0.0,0.0,12.3879816172226
1.0114684064718609,0.4100432264708172,-0.6387320642232673,-0.6855494270232929,0.0,0.0,0.0,0.0,12.485222169100776
0.42614111048913034,0.4100432264708172,-0.6340521091839689,-0.12882226837093372,0.0,0.0,0.0,0.0,12.136727926437826
0.6767415527269997,0.4100432264708172,-0.6387320642232673,-0.20835471960698504,0.0,0.0,0.0,0.0,12.144202560946876
0.9009216978187051,0.4100432264708172,-0.6387320642232673,-0.3674196220790877,0.0,0.0,0.0,0.0,12.360084744326953
1.1766345017004527,0.4100432264708172,-0.6387320642232673,-0.28788717084303633,0.0,0.0,0.0,0.0,12.323860125621126
-0.37316443366748087,0.42999747753382994,-0.6387320642232673,-0.20835471960698504,0.0,0.0,0.0,0.0,12.097378802727306
0.35561722820590524,0.42002035200232,-0.6387320642232673,-0.446952073315139,0.0,0.0,0.0,0.0,12.232232473915767
0.1589037286621914,0.41503178923657214,-0.6387320642232673,-0.446952073315139,0.0,0.0,0.0,0.0,12.278397958261774
0.921953300695453,0.4000661009393144,-0.643412019262569,-0.20835471960698504,0.0,0.0,0.0,0.0,12.190456343334482
0.7991643157409065,0.40505466370506227,-0.643412019262569,-0.20835471960698504,0.0,0.0,0.0,0.0,12.310887512348744
0.8383500633893748,0.4100432264708172,-0.643412019262569,-0.20835471960698504,0.0,0.0,0.0,0.0,12.19653228062948
0.8287759755126461,0.4100432264708172,-0.643412019262569,-0.3674196220790877,0.0,0.0,0.0,0.0,12.17252103261878
0.5207833234344965,0.41503178923657214,-0.643412019262569,-0.12882226837093372,0.0,0.0,0.0,0.0,12.226370248344972
0.9295393266087079,0.42002035200232,-0.6387320642232673,-0.28788717084303633,0.0,0.0,0.0,0.0,12.327409359385856
0.4062604908543932,0.42999747753382994,-0.6340521091839689,-0.12882226837093372,0.0,0.0,0.0,0.0,12.136727926437826
0.4352966590051277,0.43498604029957777,-0.6340521091839689,-0.28788717084303633,0.0,0.0,0.0,0.0,12.186385111610496
-0.08238421279940623,0.43498604029957777,-0.6340521091839689,-0.12882226837093372,0.0,0.0,0.0,0.0,12.429220196836383
0.8211899495993913,0.42500891476807495,-0.6340521091839689,-0.9241467807314468,0.0,0.0,0.0,0.0,12.318959268856462
0.8994568100561456,0.42500891476807495,-0.6340521091839689,-0.8446143294953956,0.0,0.0,0.0,0.0,12.290877840689351
0.9737998640060435,0.42500891476807495,-0.6340521091839689,-0.9241467807314468,0.0,0.0,0.0,0.0,12.295003429279529
0.95146032562701,0.4499517285968355,-0.6340521091839689,-0.6060169757872417,0.0,0.0,0.0,0.0,12.368620824600177
2.105791882523951,0.4499517285968355,-0.6246921991053721,-1.8785361955640627,0.0,0.0,0.0,0.0,12.881567435377423
0.4327331054206484,0.4449631658310806,-0.6340521091839689,-1.8785361955640627,0.0,0.0,0.0,0.0,12.314931534737134
0.09444866710957045,0.4449631658310806,-0.6387320642232673,-1.0036792319674983,0.0,0.0,0.0,0.0,12.32474861573515
0.837460667247821,0.4449631658310806,-0.6387320642232673,-0.20835471960698504,0.0,0.0,0.0,0.0,12.250572667806054
-0.180479375470806,0.4499517285968355,-0.6387320642232673,-1.0832116832035494,0.0,0.0,0.0,0.0,12.164213655182222
0.5850814327268437,0.4499517285968355,-0.6387320642232673,-1.4808739393838062,0.0,0.0,0.0,0.0,12.22881702007325
1.1520453142574882,0.45992885412833834,-0.6387320642232673,-0.446952073315139,0.0,0.0,0.0,0.0,12.342354626814949
1.280379945741725,0.42999747753382994,-0.6293721541446705,-0.3674196220790877,0.0,0.0,0.0,0.0,12.618185607609803
0.6960466807407307,0.42999747753382994,-0.6293721541446705,-0.6060169757872417,0.0,0.0,0.0,0.0,12.306827069415759
0.32443604583142316,0.43498604029957777,-0.6340521091839689,-0.12882226837093372,0.0,0.0,0.0,0.0,12.381289859469133
1.1834357663123365,0.43498604029957777,-0.6246921991053721,-0.446952073315139,0.0,0.0,0.0,0.0,12.405337353054348
1.2070309227735636,0.43498604029957777,-0.6293721541446705,-0.28788717084303633,0.0,0.0,0.0,0.0,12.34496899599742
1.2784442011983426,0.42999747753382994,-0.6246921991053721,-0.446952073315139,0.0,0.0,0.0,0.0,12.374553020250227
1.2065600659927411,0.43498604029957777,-0.6246921991053721,-0.12882226837093372,0.0,0.0,0.0,0.0,12.33270970174018
1.3979371886871306,0.42999747753382994,-0.6246921991053721,-0.6855494270232929,0.0,0.0,0.0,0.0,12.721888795877375
-0.46780664661284727,0.4449631658310806,-0.6106523339874737,1.30276185387799,0.0,0.0,0.0,0.0,12.691583538230217
2.3032378259489446,0.4100432264708172,-0.6106523339874737,-0.12882226837093372,0.0,0.0,0.0,0.0,12.706850963741102
1.8199818165645612,0.42002035200232,-0.6293721541446705,-1.4013414881477548,0.0,0.0,0.0,0.0,12.748109104238171
1.1303335849195522,0.42500891476807495,-0.6293721541446705,-0.5264845245511903,0.0,0.0,0.0,0.0,12.421188057397055
1.6056896638701326,0.42002035200232,-0.6293721541446705,-1.6399388418559087,0.0,0.0,0.0,0.0,12.529969716574515
-1.1570363388971248,-0.9717886596425952,1.3830085127540381,0.5074373415174769,1.0,0.0,0.0,0.0,11.143324481431074
-1.371799348372376,-0.9668000968768474,1.3783285577147364,1.064164500169836,1.0,0.0,0.0,0.0,11.23850177707664
-0.5857824289189839,-0.9767772224083502,1.3876884677933365,-0.28788717084303633,1.0,0.0,0.0,0.0,11.2922912626048
-0.9407561242392226,-0.9817657851741052,1.3830085127540381,0.03024263410116893,1.0,0.0,0.0,0.0,11.222586532857163
-0.9623632187369764,-0.9817657851741052,1.3830085127540381,0.9050995976977334,1.0,0.0,0.0,0.0,11.124332223082254
-1.3848787033952292,-0.986754347939853,1.3830085127540381,0.5869697927535281,1.0,0.0,0.0,0.0,11.150534214035387
-0.6546321537592839,-1.0266628500658714,1.4204481530684319,0.42790489028142553,1.0,0.0,0.0,0.0,12.323860125621126
-1.1689123932578758,-0.9717886596425952,1.3783285577147364,-0.3674196220790877,1.0,0.0,0.0,0.0,10.389026137075234
-0.49114021597361757,-0.9767772224083502,1.3689686476361396,0.8255671464616822,1.0,0.0,0.0,0.0,11.369066641827967
-0.5159909905170388,-0.9717886596425952,1.373648602675438,1.1436969514058875,1.0,0.0,0.0,0.0,11.364437057512568
-1.3385777866143287,-0.9817657851741052,1.3783285577147364,0.10977508533722025,1.0,0.0,0.0,0.0,11.215879689565481
-1.0116462284630876,-0.9917429107056079,1.3783285577147364,0.2688399878093229,1.0,0.0,0.0,0.0,11.31813853725963
-0.9958463675954807,-0.9767772224083502,1.3783285577147364,0.3483724390453742,1.0,0.0,0.0,0.0,11.243751064074187
-0.918154998759732,-0.9767772224083502,1.3783285577147364,0.5074373415174769,1.0,0.0,0.0,0.0,11.279744203985432
0.10831278343379516,-0.9767772224083502,1.373648602675438,0.42790489028142553,1.0,0.0,0.0,0.0,11.682676678340282
-0.4303996912474869,-0.9817657851741052,1.3596087375575394,0.5869697927535281,1.0,0.0,0.0,0.0,11.199597325534862
0.012414952406234516,-0.986754347939853,1.345568872439641,-0.5264845245511903,1.0,0.0,0.0,0.0,11.897514169490739
0.1201888377945457,-0.986754347939853,1.3642886925968378,-1.4808739393838062,1.0,0.0,0.0,0.0,11.660491657418318
0.08408981793147062,-1.0166857245343686,1.284729456928752,0.6665022439895795,1.0,0.0,0.0,0.0,11.963370312187111
-1.2613572745594028,-1.106479854317915,1.3596087375575394,-1.71947129309196,1.0,0.0,0.0,0.0,12.644330802262578
0.4397436397128977,-1.111468417083663,1.3642886925968378,-1.4013414881477548,1.0,0.0,0.0,0.0,12.315827989765994
-0.47910720935259243,-1.1014912915521602,1.3642886925968378,-1.3218090369117035,1.0,0.0,0.0,0.0,12.227349675556338
-0.3867146454711567,-1.0915141660206573,1.373648602675438,-1.4013414881477548,1.0,0.0,0.0,0.0,12.215037342290755
1.0916710114719979,-1.116456979849418,1.3783285577147364,-0.9241467807314468,1.0,0.0,0.0,0.0,12.563750586299374
-0.5148400072750278,-1.0615827894261418,1.3876884677933365,-1.0036792319674983,1.0,0.0,0.0,0.0,11.942113610091182
0.1919683381599646,-1.046617101128884,1.3596087375575394,-1.2422765856756521,1.0,0.0,0.0,0.0,12.696188290481068
-1.1251227126413628,-1.0815370404891473,1.3689686476361396,-0.8446143294953956,1.0,0.0,0.0,0.0,12.095705171506136
-1.1681276319565044,-1.0815370404891473,1.3642886925968378,0.42790489028142553,1.0,0.0,0.0,0.0,11.908346971208951
-0.567419014466898,-1.0765484777233996,1.3642886925968378,0.42790489028142553,1.0,0.0,0.0,0.0,11.781432363235949
-1.4716733033268838,-1.0765484777233996,1.3596087375575394,-0.8446143294953956,1.0,0.0,0.0,0.0,11.83138646878959
-0.5309537726631829,-1.0765484777233996,1.3689686476361396,0.10977508533722025,1.0,0.0,0.0,0.0,11.885874268401459
0.17972606185857412,-1.0665713521918896,1.3689686476361396,-0.6855494270232929,1.0,0.0,0.0,0.0,12.008237370904832
-0.358620190882068,-1.0715599149576447,1.3596087375575394,-1.0036792319674983,1.0,0.0,0.0,0.0,12.177163782032679
0.3904083125666948,-1.0615827894261418,1.3596087375575394,-1.2422765856756521,1.0,0.0,0.0,0.0,12.330504638906516
0.4470680785256957,-1.0865256032549024,1.3642886925968378,0.3483724390453742,1.0,0.0,0.0,0.0,12.37243841643669
-1.1222975719564265,-1.0815370404891473,1.3642886925968378,0.3483724390453742,1.0,0.0,0.0,0.0,12.115058723579269
-0.9476097062711978,-1.0915141660206573,1.3642886925968378,-0.446952073315139,1.0,0.0,0.0,0.0,12.29865638469802
-0.06857241389527303,-1.0865256032549024,1.3642886925968378,-0.20835471960698504,1.0,0.0,0.0,0.0,12.33578864378571
-0.2199267102197314,-1.0965027287864053,1.4298080631470285,1.4618267563500926,1.0,0.0,0.0,0.0,11.720760435616398
-0.8808003608144632,-1.0965027287864053,1.4251281081077303,1.1436969514058875,1.0,0.0,0.0,0.0,11.588969419043872
-1.2985549602443975,-1.0915141660206573,1.4251281081077303,0.7460346952256308,1.0,0.0,0.0,0.0,11.147656555612986
-0.06726447839298773,-1.111468417083663,1.4298080631470285,-1.6399388418559087,1.0,0.0,0.0,0.0,11.713422508992204
-0.5178744176403297,-1.106479854317915,1.4298080631470285,-0.446952073315139,1.0,0.0,0.0,0.0,11.54346436927906
-0.6272178256313833,-1.1014912915521602,1.4298080631470285,0.18930753657327157,1.0,0.0,0.0,0.0,11.470028402317833
-0.23185508200057367,-1.111468417083663,1.4251281081077303,-1.4013414881477548,1.0,0.0,0.0,0.0,11.700242855114809
-0.5595190840330946,-1.106479854317915,1.4251281081077303,-0.3674196220790877,1.0,0.0,0.0,0.0,11.464795582766675
-0.9927596398100874,-1.1014912915521602,1.4251281081077303,0.8255671464616822,1.0,0.0,0.0,0.0,11.49069008091951
-0.36034666574508456,-1.111468417083663,1.4204481530684319,-1.4013414881477548,1.0,0.0,0.0,0.0,12.055255569732177
-1.0072515651754088,-1.106479854317915,1.4204481530684319,-0.9241467807314468,1.0,0.0,0.0,0.0,11.934926432385152
-0.8001792164535954,-1.1014912915521602,1.4251281081077303,1.1436969514058875,1.0,0.0,0.0,0.0,11.690242855114947
0.3538384359227971,-1.111468417083663,1.4204481530684319,-1.4808739393838062,1.0,0.0,0.0,0.0,11.947308393235778
0.4425687803978339,-1.106479854317915,1.4204481530684319,0.10977508533722025,1.0,0.0,0.0,0.0,12.026951960476097
0.09382085806847357,-1.1014912915521602,1.4204481530684319,0.7460346952256308,1.0,0.0,0.0,0.0,11.897514169490739
-0.835441157595208,-1.0965027287864053,1.4204481530684319,1.064164500169836,1.0,0.0,0.0,0.0,11.598194491615347
-0.5447132541472246,-1.0965027287864053,1.4204481530684319,1.30276185387799,1.0,0.0,0.0,0.0,11.582460855933538
-0.3930450533022178,-1.0865256032549024,1.4204481530684319,-1.5604063906198575,1.0,0.0,0.0,0.0,11.794345471549745
-0.5169327040786843,-1.0665713521918896,1.443847928264927,0.2688399878093229,1.0,0.0,0.0,0.0,11.927687224983487
-0.7636093398096975,-1.0615827894261418,1.4110882429898317,-0.5264845245511903,1.0,0.0,0.0,0.0,12.323860125621126
0.24716321635640562,-1.1314226681466757,1.4110882429898317,0.03024263410116893,1.0,0.0,0.0,0.0,12.209571517333053
0.7482071485718699,-1.106479854317915,1.4157681980291301,-1.0832116832035494,1.0,0.0,0.0,0.0,12.013706813470414
0.49509547016961303,-1.1014912915521602,1.4157681980291301,-0.8446143294953956,1.0,0.0,0.0,0.0,11.848690308590857
0.16921026042019993,-1.0915141660206573,1.4157681980291301,-0.9241467807314468,1.0,0.0,0.0,0.0,11.801114908687438
-0.34219252097336417,-1.1912854213356996,1.3596087375575394,-1.7990037443280114,1.0,0.0,0.0,0.0,11.846543632608535
-0.23944110791382858,-1.2062511096329573,1.354928782518241,-1.7990037443280114,1.0,0.0,0.0,0.0,11.754309639974188
-0.5636521602203162,-1.2012625468672096,1.3502488274789426,-0.12882226837093372,1.0,0.0,0.0,0.0,11.749585258937909
0.9431418558324757,-1.2361824862274728,1.3689686476361396,-0.6855494270232929,1.0,0.0,0.0,0.0,12.323860125621126
-1.0168256530521373,-1.171331170272694,1.373648602675438,-1.4808739393838062,1.0,0.0,0.0,0.0,12.174587138384211
-0.06606117773088525,-1.1613540447411912,1.443847928264927,0.7460346952256308,1.0,0.0,0.0,0.0,12.141539457711714
-0.2393887904937373,-1.2112396723987124,1.4953274336972193,-0.20835471960698504,1.0,0.0,0.0,0.0,11.496806245590331
-0.6950212020698547,-1.181308295804197,1.5234071639330162,-1.0832116832035494,1.0,0.0,0.0,0.0,11.426288563310505
-0.5347206269097647,-1.116456979849418,1.500007388736521,0.6665022439895795,1.0,0.0,0.0,0.0,12.524530013005734
-1.0046880115909296,-1.0715599149576447,1.4812875685793208,0.5869697927535281,1.0,0.0,0.0,0.0,11.269591961359195
-0.5439808102659449,-1.0965027287864053,1.462567748422124,0.2688399878093229,1.0,0.0,0.0,0.0,11.383966460172834
-0.37818690599625643,-1.3159994904795096,1.4953274336972193,-0.6855494270232929,1.0,0.0,0.0,0.0,11.723194494148304
-0.06218968864412063,-1.291056676650749,1.5280871189723146,0.3483724390453742,1.0,0.0,0.0,0.0,11.437134538982278
-0.0006644026166187388,-1.2112396723987124,1.4485278833042254,0.18930753657327157,1.0,0.0,0.0,0.0,11.83138646878959
-0.27679574585909766,-1.1862968585699518,1.4110882429898317,-0.7650818782593443,1.0,0.0,0.0,0.0,11.153403615295403
-0.4330155622520575,-1.231193923461725,1.4251281081077303,-0.20835471960698504,1.0,0.0,0.0,0.0,11.33381076072374
-0.5654309525034242,-1.2262053606959702,1.4298080631470285,-0.446952073315139,1.0,0.0,0.0,0.0,11.475233981948293
-1.2323211064086685,-1.0116971617686137,1.6450859949547976,-0.7650818782593443,1.0,0.0,0.0,0.0,11.160541302448653
-0.9568175722072865,-1.0067085990028657,1.6450859949547976,-1.8785361955640627,1.0,0.0,0.0,0.0,11.023551435004947
-1.1567747517966678,-1.0067085990028657,1.6450859949547976,1.541359207586144,1.0,0.0,0.0,0.0,10.983613347424248
-1.1469390768194823,-1.0067085990028657,1.6404060399154992,0.9846320489337848,1.0,0.0,0.0,0.0,11.174665631549477
-1.2460282704726189,-1.0017200362371108,1.6450859949547976,0.42790489028142553,1.0,0.0,0.0,0.0,10.92415631759022
-1.5608745045827435,-1.0017200362371108,1.6404060399154992,1.8594890125303492,1.0,0.0,0.0,0.0,10.915106645867503
-0.2695236244663912,-1.0017200362371108,1.649765949994096,0.5869697927535281,1.0,0.0,0.0,0.0,11.287291314687705
-0.0791405327537385,-0.9967314734713558,1.649765949994096,-0.6060169757872417,1.0,0.0,0.0,0.0,11.346882686945893
-0.4769098777087531,-0.9917429107056079,1.649765949994096,-1.3218090369117035,1.0,0.0,0.0,0.0,11.394153190178114
-0.6172775158140147,-0.9967314734713558,1.649765949994096,0.3483724390453742,1.0,0.0,0.0,0.0,11.134603622683905
-0.9234913756090563,-1.0017200362371108,1.649765949994096,0.3483724390453742,1.0,0.0,0.0,0.0,11.13751903414526
-1.0275507241708772,-1.0017200362371108,1.6450859949547976,0.7460346952256308,1.0,0.0,0.0,0.0,10.92415631759022
-1.1999366233720836,-0.9917429107056079,1.649765949994096,0.5074373415174769,1.0,0.0,0.0,0.0,11.050905878263567
-0.4046072031424201,-0.9967314734713558,1.649765949994096,-0.8446143294953956,1.0,0.0,0.0,0.0,11.180259973491848
-1.2068948402442417,-0.9967314734713558,1.6357260848762007,0.10977508533722025,1.0,0.0,0.0,0.0,10.96648993456911
-1.328218937436229,-0.9817657851741052,1.6357260848762007,-0.8446143294953956,1.0,0.0,0.0,0.0,10.995427631436174
-1.0676781853809911,-1.0017200362371108,1.631046129836899,-0.20835471960698504,1.0,0.0,0.0,0.0,11.021918808236205
-0.9397620932574857,-0.9967314734713558,1.631046129836899,0.10977508533722025,1.0,0.0,0.0,0.0,10.943781931879723
-1.0646437750156892,-0.9967314734713558,1.6216862197583024,-0.04928981713488239,1.0,0.0,0.0,0.0,11.03973275601109
-1.12983128044959,-1.0067085990028657,1.6216862197583024,-0.3674196220790877,1.0,0.0,0.0,0.0,10.795506083434564
-0.8240882774353713,-0.9917429107056079,1.6263661747976008,-0.8446143294953956,1.0,0.0,0.0,0.0,10.959557617938563
-1.3148256778928271,-0.9917429107056079,1.6216862197583024,-0.04928981713488239,1.0,0.0,0.0,0.0,10.725489582719506
-1.355319361043581,-0.986754347939853,1.6216862197583024,-0.12882226837093372,1.0,0.0,0.0,0.0,10.757924157061597
-1.2466560795137158,-0.9917429107056079,1.6123263096797023,-0.20835471960698504,1.0,0.0,0.0,0.0,10.785207543360087
-1.2454004614315217,-0.986754347939853,1.617006264719004,0.18930753657327157,1.0,0.0,0.0,0.0,10.885584751364705
-0.7933779518417117,-0.9817657851741052,1.6123263096797023,-0.446952073315139,1.0,0.0,0.0,0.0,10.959557617938563
-0.9570791593077436,-0.9767772224083502,1.6123263096797023,-1.0832116832035494,1.0,0.0,0.0,0.0,10.916923143796645
-0.3003909023203251,-0.9767772224083502,1.6029663996011054,-0.6855494270232929,1.0,0.0,0.0,0.0,11.167628403875849
-0.8508224791020833,-0.986754347939853,1.6029663996011054,-0.28788717084303633,1.0,0.0,0.0,0.0,11.05723491317159
-0.5995419104030256,-0.9917429107056079,1.579566624404607,-0.5264845245511903,1.0,0.0,0.0,0.0,11.503894811084523
0.35901786051184703,-0.9518344085795896,1.5982864445618037,0.9050995976977334,1.0,0.0,0.0,0.0,11.51293546492023
-0.7900819543759526,-0.9468458458138347,1.579566624404607,0.6665022439895795,1.0,0.0,0.0,0.0,11.258046118484
-0.7636093398096975,-0.9318801575165769,1.5748866693653085,-0.6855494270232929,1.0,0.0,0.0,0.0,11.112462823634855
-0.41977925496892987,-0.9169144692193192,1.5936064895225053,-1.0036792319674983,1.0,0.0,0.0,0.0,11.375971077721223
0.13012914761191427,-0.9717886596425952,1.631046129836899,0.6665022439895795,1.0,0.0,0.0,0.0,11.184435286790631
-0.8944028900382305,-0.926891594750829,1.6591258600726961,0.5869697927535281,1.0,0.0,0.0,0.0,11.448930795918299
-0.4584418284164843,-0.8720174043275458,1.6357260848762007,-1.8785361955640627,1.0,0.0,0.0,0.0,11.998439434579149
-0.6702227449465249,-0.9518344085795896,1.6216862197583024,-0.7650818782593443,1.0,0.0,0.0,0.0,11.433893080082035
-0.9322807021844137,-0.9069373436878163,1.631046129836899,-0.04928981713488239,1.0,0.0,0.0,0.0,11.592669666556795
-0.1616451042378972,-0.8720174043275458,1.7106053655049882,-1.4013414881477548,1.0,0.0,0.0,0.0,11.626263078808801
-0.1874899097630553,-0.9119259064535713,1.7293251856621852,-1.0832116832035494,1.0,0.0,0.0,0.0,11.582460855933538
-0.3930450533022178,-0.9368687202823318,1.6965655003870899,-1.0832116832035494,1.0,0.0,0.0,0.0,11.65789988570203
-0.6941318059283007,-0.9767772224083502,1.6638058151119945,-0.12882226837093372,1.0,0.0,0.0,0.0,11.495789479023493
-0.08568021026516524,-0.9917429107056079,1.7012454554263916,-0.04928981713488239,1.0,0.0,0.0,0.0,11.66822691098345
-1.2116557254725602,-0.7572804607152458,1.7995245112516742,-0.28788717084303633,1.0,0.0,0.0,0.0,11.265758139843117
-0.6903126342616277,-0.8171432139042697,1.804204466290976,-0.8446143294953956,1.0,0.0,0.0,0.0,11.252871529635922
-1.1385682896048561,-0.8221317766700247,1.776124736055179,-0.9241467807314468,1.0,0.0,0.0,0.0,11.43281025466844
-1.051093563212013,-0.8720174043275458,1.776124736055179,-0.8446143294953956,1.0,0.0,0.0,0.0,11.346882686945893
-0.7783105348553847,-0.8321089022015276,1.748045005819382,-1.0036792319674983,1.0,0.0,0.0,0.0,11.400887146781374
